frag gi|49 19610 19943
img_no 13
edge_no 10
msp 421 s 315 82.1 1 685 gi|5 1913 1968 1002 gi|49 19782 19837
msp 1733 p 359 83.3 -1 101 gi|16 17070 17201 1002 gi|49 19612 19724
msp 1735 s 297 76.7 -1 101 gi|16 17070 17159 1002 gi|49 19751 19845
msp 2085 s 174 80.2 1 1004 gi|17 36019 36136 1002 gi|49 19620 19725
msp 2091 s 750 93.7 1 1004 gi|17 36060 36170 1002 gi|49 19770 19884
msp 2241 s 402 75.9 1 1000 gi|19 20352 20492 1002 gi|49 19699 19844
msp 2865 p 356 81.0 -1 213 gi|22 15240 15429 1002 gi|49 19774 19943
msp 3647 p 418 78.4 -1 305 gi|28 12134 12323 1002 gi|49 19649 19839
msp 3649 p 489 76.2 -1 306 gi|28 12250 12473 1002 gi|49 19609 19839
msp 3651 s 316 81.7 -1 306 gi|28 12366 12474 1002 gi|49 19724 19839
msp 4577 p 369 78.5 -1 580 gi|43 8773 9009 1002 gi|49 19712 19943
msp 4922 s 263 84.8 1 1002 gi|49 19765 19843 822 gi|56 5759 5835
msp 4924 p 295 80.3 -1 1002 gi|49 19779 19853 1037 gi|57 4008 4083
edge 2184 P -1 83 1002 101
edge 2186 P -1 81 1002 213
edge 2187 P -1 78 1002 305
edge 2188 P -1 76 1002 306
edge 2189 p -1 78 1002 580
edge 2190 s 0 0 1002 685
edge 2191 s 0 0 1002 822
edge 2193 s 0 0 1002 1000
edge 2201 s 0 0 1004 1002
edge 2545 S -1 80 1037 1002
