frag gi|19 24877 25185
img_no 6
flimg_no 4
edge_no 6
msp 1655 p 2435 99.1 -1 1016 gi|15 31437 31753 1017 gi|19 24877 25185
msp 2290 p 2527 100.0 -1 1017 gi|19 24877 25159 1022 gi|44 36751 37033
msp 2292 p 2540 97.7 -1 1017 gi|19 24877 25183 328 gi|29 8417 8726
msp 2294 p 2527 100.0 -1 1017 gi|19 24877 25159 337 gi|29 19574 19856
msp 2296 p 2423 98.7 1 1017 gi|19 24877 25186 1024 gi|47 3600 3909
msp 5072 p 2283 96.6 -1 1017 gi|19 24877 25187 1020 gi|34 10077 10386
edge 2419 S -1 97 1017 328
edge 2420 P -1 100 1017 337
edge 2424 S -1 99 1017 1016
edge 2437 S -1 96 1020 1017
edge 2459 S -1 100 1022 1017
edge 2478 S 1 98 1024 1017
