frag gi|15 31439 32870
img_no 13
flimg_no 3
edge_no 13
msp 1654 p 2435 99.1 -1 1016 gi|15 31437 31753 1017 gi|19 24877 25185
msp 1656 p 12536 99.6 1 1016 gi|15 31437 32870 328 gi|29 8410 9843
msp 1658 p 12523 99.0 1 1016 gi|15 31437 32870 337 gi|29 19543 20973
msp 1660 p 8863 99.3 -1 1016 gi|15 31442 32473 1024 gi|47 2880 3909
msp 1662 p 12557 99.4 1 1016 gi|15 31442 32870 1020 gi|34 10075 11503
msp 1664 p 12552 100.0 1 1016 gi|15 31472 32870 1022 gi|44 36752 38150
msp 1666 p 10055 100.0 -1 1016 gi|15 31748 32870 154 gi|19 21311 22433
msp 1668 s 261 77.8 1 1016 gi|15 31939 32784 1033 gi|32 5239 6090
msp 1670 s 325 76.9 1 1016 gi|15 31963 32764 1027 gi|51 6824 7617
msp 1672 s 297 75.9 1 1016 gi|15 32267 32730 1034 gi|32 7319 7776
msp 1674 p 2561 96.4 -1 1016 gi|15 32420 32755 1023 gi|47 1 325
msp 1676 s 344 82.0 1 1016 gi|15 32531 32730 1021 gi|39 749 929
msp 1678 p 1048 100.0 -1 1016 gi|15 32756 32870 1028 gi|55 39886 40000
edge 2405 p -1 100 1016 154
edge 2407 p 1 99 1016 328
edge 2408 p 1 99 1016 337
edge 2424 S -1 99 1017 1016
edge 2436 p 1 99 1020 1016
edge 2448 s 0 0 1021 1016
edge 2458 p 1 100 1022 1016
edge 2469 S -1 96 1023 1016
edge 2477 p -1 99 1024 1016
edge 2490 s 0 0 1027 1016
edge 2499 S -1 100 1028 1016
edge 2515 s 0 0 1033 1016
edge 2525 s 0 0 1034 1016
