frag gi|23 23525 23601
img_no 5
flimg_no 2
edge_no 5
msp 147 p 290 83.7 1 343 gi|3 10533 10581 1013 gi|23 23526 23574
msp 3070 p 279 86.1 -1 1013 gi|23 23525 23573 1014 gi|50 11276 11324
msp 3072 p 335 91.5 -1 1013 gi|23 23525 23569 304 gi|28 11708 11752
msp 3074 p 272 79.8 -1 1013 gi|23 23525 23603 308 gi|28 20824 20901
msp 3076 p 253 75.7 1 1013 gi|23 23526 23599 414 gi|33 5153 5234
edge 2253 S -1 91 1013 304
edge 2254 p -1 79 1013 308
edge 2255 P 1 83 1013 343
edge 2256 p 1 75 1013 414
edge 2262 P -1 86 1014 1013
