frag gi|55 39886 40000
img_no 6
flimg_no 6
edge_no 6
msp 1679 p 1048 100.0 -1 1016 gi|15 32756 32870 1028 gi|55 39886 40000
msp 2265 p 1051 100.0 1 154 gi|19 21311 21425 1028 gi|55 39886 40000
msp 3511 p 1051 100.0 -1 328 gi|29 9729 9843 1028 gi|55 39886 40000
msp 3543 p 1051 100.0 -1 337 gi|29 20859 20973 1028 gi|55 39886 40000
msp 4203 p 1051 100.0 -1 1020 gi|34 11389 11503 1028 gi|55 39886 40000
msp 4763 p 909 94.8 -1 1022 gi|44 38036 38152 1028 gi|55 39886 40000
edge 2496 S 1 100 1028 154
edge 2497 S -1 100 1028 328
edge 2498 P -1 100 1028 337
edge 2499 S -1 100 1028 1016
edge 2500 S -1 100 1028 1020
edge 2501 S -1 94 1028 1022
