frag gi|34 10076 11503
img_no 13
flimg_no 3
edge_no 13
msp 1663 p 12557 99.4 1 1016 gi|15 31442 32870 1020 gi|34 10075 11503
msp 2257 p 10077 100.0 -1 154 gi|19 21308 22433 1020 gi|34 10381 11506
msp 3495 p 12561 99.6 1 328 gi|29 8415 9843 1020 gi|34 10076 11503
msp 3527 p 12579 99.2 1 337 gi|29 19548 20973 1020 gi|34 10078 11503
msp 4091 s 264 75.5 1 1034 gi|32 7319 7776 1020 gi|34 10900 11363
msp 4192 p 8887 99.4 -1 1020 gi|34 10076 11106 1024 gi|47 2880 3909
msp 4194 p 12410 99.9 1 1020 gi|34 10104 11499 1022 gi|44 36751 38152
msp 4196 s 325 76.9 1 1020 gi|34 10596 11397 1027 gi|51 6824 7617
msp 4198 p 2561 96.4 -1 1020 gi|34 11053 11388 1023 gi|47 1 325
msp 4200 s 344 82.0 1 1020 gi|34 11164 11363 1021 gi|39 749 929
msp 4202 p 1051 100.0 -1 1020 gi|34 11389 11503 1028 gi|55 39886 40000
msp 4204 p 133 79.7 -1 1020 gi|34 11473 11506 1032 gi|44 36749 36782
msp 5073 p 2283 96.6 -1 1017 gi|19 24877 25187 1020 gi|34 10077 10386
edge 2425 p -1 100 1020 154
edge 2426 p 1 99 1020 328
edge 2427 p 1 99 1020 337
edge 2436 p 1 99 1020 1016
edge 2437 S -1 96 1020 1017
edge 2449 s 0 0 1021 1020
edge 2460 p 1 99 1022 1020
edge 2470 P -1 96 1023 1020
edge 2479 p -1 99 1024 1020
edge 2491 s 0 0 1027 1020
edge 2500 S -1 100 1028 1020
edge 2509 P -1 79 1032 1020
edge 2526 s 0 0 1034 1020
