frag gi|16 17431 18088
img_no 7
edge_no 7
msp 1409 s 276 75.6 1 56 gi|12 28763 29041 102 gi|16 17465 17761
msp 1748 s 424 76.9 -1 102 gi|16 17431 17720 275 gi|25 32305 32594
msp 1750 s 309 74.9 1 102 gi|16 17464 17750 140 gi|18 36461 36750
msp 1752 s 349 60.9 1 102 gi|16 17501 18088 783 gi|54 27080 27661
msp 1754 s 326 76.1 -1 102 gi|16 17525 17721 985 gi|20 15725 15915
msp 1756 s 312 79.4 1 102 gi|16 17525 17830 595 gi|44 4110 4454
msp 1758 s 454 74.7 -1 102 gi|16 17525 17749 200 gi|21 20100 20324
edge 1874 s 0 0 56 102
edge 1886 s 0 0 102 140
edge 1888 s 0 0 102 200
edge 1889 s 0 0 102 275
edge 1890 s 0 0 102 595
edge 1891 s 0 0 102 783
edge 2020 s 0 0 985 102
