frag gi|39 5848 6541
img_no 5
flimg_no 2
edge_no 5
msp 4073 p 2578 80.2 1 1033 gi|32 5437 6134 1035 gi|39 5849 6542
msp 4087 s 325 75.1 1 1034 gi|32 7272 7876 1035 gi|39 5940 6540
msp 4329 p 1389 91.4 1 1029 gi|36 32240 32444 1035 gi|39 6342 6540
msp 4472 p 2559 80.4 1 1035 gi|39 5848 6542 1027 gi|51 6998 7695
msp 4474 s 284 73.7 -1 1035 gi|39 6214 6426 1023 gi|47 31 244
edge 2530 s 0 0 1035 1023
edge 2531 P 1 80 1035 1027
edge 2532 P 1 91 1035 1029
edge 2533 S 1 80 1035 1033
edge 2534 s 0 0 1035 1034
