frag gi|32 7229 7875
img_no 9
flimg_no 1
edge_no 9
msp 1673 s 297 75.9 1 1016 gi|15 32267 32730 1034 gi|32 7319 7776
msp 2275 s 297 75.9 -1 154 gi|19 21451 21914 1034 gi|32 7319 7776
msp 3505 s 297 75.9 1 328 gi|29 9240 9703 1034 gi|32 7319 7776
msp 3537 s 297 75.9 1 337 gi|29 20370 20833 1034 gi|32 7319 7776
msp 4084 p 534 77.0 1 1034 gi|32 7229 7876 1027 gi|51 7028 7695
msp 4086 s 325 75.1 1 1034 gi|32 7272 7876 1035 gi|39 5940 6540
msp 4088 s 264 75.5 1 1034 gi|32 7319 7776 1022 gi|44 37547 38010
msp 4090 s 264 75.5 1 1034 gi|32 7319 7776 1020 gi|34 10900 11363
msp 4092 p 1988 81.3 1 1034 gi|32 7367 7875 1021 gi|39 527 1027
edge 2521 s 0 0 1034 154
edge 2522 s 0 0 1034 328
edge 2523 s 0 0 1034 337
edge 2525 s 0 0 1034 1016
edge 2526 s 0 0 1034 1020
edge 2527 S 1 81 1034 1021
edge 2528 s 0 0 1034 1022
edge 2529 P 1 77 1034 1027
edge 2534 s 0 0 1035 1034
