frag gi|31 5237 5430
img_no 6
flimg_no 2
edge_no 3
msp 2209 p 880 84.3 1 1045 gi|19 13750 13900 1047 gi|31 5237 5387
msp 2215 p 508 74.7 -1 1045 gi|19 13753 13903 1047 gi|31 5281 5431
msp 3709 p 556 77.4 1 1049 gi|30 14066 14232 1047 gi|31 5238 5431
msp 3713 s 570 77.3 -1 1049 gi|30 14048 14230 1047 gi|31 5248 5431
msp 3824 p 671 78.3 1 1047 gi|31 5237 5430 646 gi|47 18460 18652
msp 3826 s 485 77.8 -1 1047 gi|31 5248 5431 646 gi|47 18463 18645
edge 2634 p 1 78 1047 646
edge 2635 p 1 84 1047 1045
edge 2639 p 1 77 1049 1047
