frag gi|28 31846 33090
img_no 5
edge_no 5
msp 369 p 323 76.9 -1 166 gi|2 19158 19222 1044 gi|28 31848 31913
msp 2199 p 710 92.3 1 146 gi|19 10752 10842 1044 gi|28 31846 31936
msp 2875 p 10323 99.6 1 217 gi|22 23034 24184 1044 gi|28 31846 32996
msp 3678 s 1273 84.3 1 1044 gi|28 32466 33090 390 gi|31 37915 38530
msp 5082 p 706 91.1 -1 1044 gi|28 31845 31964 1041 gi|52 35909 36021
edge 2618 S 1 92 1044 146
edge 2619 S -1 76 1044 166
edge 2620 p 1 99 1044 217
edge 2621 s 0 0 1044 390
edge 2622 S -1 91 1044 1041
