frag gi|16 30195 30300
img_no 7
flimg_no 3
edge_no 7
msp 97 p 334 71.0 -1 952 gi|1 34022 34128 107 gi|16 30195 30301
msp 201 p 328 72.9 1 936 gi|3 16493 16599 107 gi|16 30195 30301
msp 867 p 322 71.4 1 949 gi|7 22230 22327 107 gi|16 30195 30293
msp 1173 s 278 77.1 1 25 gi|10 23623 23705 107 gi|16 30198 30283
msp 1768 s 251 80.0 1 107 gi|16 30193 30272 960 gi|43 35451 35538
msp 1770 p 344 79.7 1 107 gi|16 30195 30307 509 gi|38 38522 38641
msp 1772 s 279 73.9 1 107 gi|16 30195 30282 947 gi|38 2390 2476
edge 39 s 0 0 25 107
edge 138 P 1 79 509 107
edge 309 S 1 72 936 107
edge 430 s 0 0 947 107
edge 449 S 1 71 949 107
edge 471 S -1 71 952 107
edge 544 s 0 0 960 107
