frag gi|44 4742 4897
img_no 19
flimg_no 1
edge_no 4
msp 3799 p 339 82.8 1 369 gi|31 734 818 1071 gi|44 4810 4900
msp 3809 s 426 82.9 -1 369 gi|31 759 870 1071 gi|44 4789 4900
msp 3817 s 281 80.0 1 369 gi|31 773 877 1071 gi|44 4789 4898
msp 3823 p 307 76.8 -1 369 gi|31 828 909 1071 gi|44 4809 4897
msp 3863 s 324 81.6 1 376 gi|31 14372 14461 1071 gi|44 4808 4900
msp 3865 s 266 80.5 -1 376 gi|31 14372 14448 1071 gi|44 4789 4870
msp 3879 p 381 78.8 1 379 gi|31 15619 15769 1071 gi|44 4742 4897
msp 3889 s 337 82.7 1 379 gi|31 15627 15707 1071 gi|44 4809 4896
msp 3891 s 291 81.6 -1 379 gi|31 15627 15702 1071 gi|44 4789 4869
msp 3895 s 430 81.8 -1 379 gi|31 15657 15763 1071 gi|44 4789 4900
msp 3907 p 467 82.0 -1 379 gi|31 15716 15824 1071 gi|44 4789 4900
msp 3909 s 316 76.2 1 379 gi|31 15727 15831 1071 gi|44 4789 4898
msp 3915 s 295 83.3 -1 379 gi|31 15782 15829 1071 gi|44 4850 4897
msp 4714 s 499 87.2 -1 1071 gi|44 4789 4897 1072 gi|54 14924 15027
msp 4716 s 431 80.7 -1 1071 gi|44 4789 4897 1072 gi|54 14985 15088
msp 4718 s 366 78.2 1 1071 gi|44 4789 4898 1072 gi|54 14930 15034
msp 4720 s 342 78.9 1 1071 gi|44 4790 4898 1072 gi|54 14992 15095
msp 4722 p 328 79.8 -1 1071 gi|44 4810 4897 1072 gi|54 15046 15127
msp 4724 p 262 75.9 1 1071 gi|44 4843 4896 1072 gi|54 14918 14971
edge 2857 S 1 82 1071 369
edge 2858 s 0 0 1071 376
edge 2859 P 1 78 1071 379
edge 2866 S -1 79 1072 1071
