frag gi|16 31987 32296
img_no 9
flimg_no 2
edge_no 3
msp 1774 p 693 78.7 1 108 gi|16 31986 32295 1038 gi|25 1305 1621
msp 1776 p 504 78.1 1 108 gi|16 31988 32297 331 gi|29 12377 12709
msp 1778 s 718 81.1 -1 108 gi|16 32003 32295 1038 gi|25 1319 1621
msp 1780 s 287 85.1 -1 108 gi|16 32002 32048 331 gi|29 12391 12437
msp 1782 s 252 87.8 1 108 gi|16 32002 32050 331 gi|29 12663 12711
msp 1784 p 631 73.6 -1 108 gi|16 32003 32297 357 gi|30 22789 23105
msp 1786 s 526 78.7 1 108 gi|16 32003 32279 357 gi|30 22791 23089
msp 1788 s 428 77.6 -1 108 gi|16 32003 32279 331 gi|29 12409 12707
msp 1790 s 266 77.4 -1 108 gi|16 32248 32300 331 gi|29 12659 12711
edge 2553 p 1 78 108 331
edge 2554 p -1 73 108 357
edge 2558 p 1 78 1038 108
