frag gi|16 34538 34744
img_no 37
edge_no 33
msp 321 s 309 89.8 1 532 gi|4 24932 24980 109 gi|16 34679 34726
msp 765 s 306 92.0 1 876 gi|6 36035 36084 109 gi|16 34681 34729
msp 951 s 270 83.9 1 909 gi|8 682 737 109 gi|16 34672 34726
msp 1053 s 252 86.3 1 918 gi|8 31821 31871 109 gi|16 34679 34726
msp 1349 s 298 90.3 1 51 gi|12 20063 20124 109 gi|16 34677 34733
msp 1792 p 254 80.2 -1 109 gi|16 34538 34729 667 gi|49 1509 1701
msp 1794 s 331 83.8 -1 109 gi|16 34653 34726 222 gi|22 31676 31751
msp 1796 s 289 83.6 -1 109 gi|16 34654 34726 400 gi|32 14445 14514
msp 1798 s 278 88.7 1 109 gi|16 34656 34726 746 gi|52 21291 21357
msp 1800 s 260 83.6 1 109 gi|16 34660 34726 842 gi|58 10160 10223
msp 1802 s 335 83.6 1 109 gi|16 34663 34729 212 gi|22 5758 5823
msp 1804 s 326 86.9 -1 109 gi|16 34666 34726 775 gi|54 9570 9629
msp 1806 s 277 87.7 1 109 gi|16 34670 34726 774 gi|54 7955 8013
msp 1808 s 262 92.7 1 109 gi|16 34672 34726 609 gi|44 27191 27247
msp 1810 s 387 86.4 -1 109 gi|16 34672 34730 564 gi|42 11793 11852
msp 1812 s 268 86.5 1 109 gi|16 34675 34726 327 gi|29 8253 8305
msp 1814 s 322 88.5 1 109 gi|16 34675 34726 749 gi|52 28119 28172
msp 1816 s 290 94.5 1 109 gi|16 34676 34730 628 gi|45 39343 39401
msp 1818 s 260 84.3 1 109 gi|16 34676 34726 159 gi|19 33107 33158
msp 1820 s 290 86.0 1 109 gi|16 34677 34726 567 gi|42 15886 15936
msp 1822 s 271 88.0 1 109 gi|16 34677 34726 138 gi|18 29291 29344
msp 1824 s 273 88.0 1 109 gi|16 34677 34726 853 gi|58 39540 39592
msp 1828 s 255 88.5 1 109 gi|16 34678 34729 786 gi|54 37470 37523
msp 1830 s 294 86.4 -1 109 gi|16 34679 34744 266 gi|25 9571 9634
msp 1832 s 251 85.1 -1 109 gi|16 34679 34725 609 gi|44 27266 27313
msp 1834 s 300 84.5 -1 109 gi|16 34679 34736 563 gi|41 34617 34674
msp 1836 s 304 83.9 -1 109 gi|16 34679 34740 853 gi|58 39597 39658
msp 1838 s 297 91.5 -1 109 gi|16 34680 34726 567 gi|42 15829 15876
msp 1840 s 256 88.6 1 109 gi|16 34680 34723 384 gi|31 28016 28058
msp 1842 s 341 93.6 -1 109 gi|16 34680 34726 116 gi|17 13341 13388
msp 1844 s 283 89.4 1 109 gi|16 34680 34726 142 gi|19 1632 1679
msp 1846 s 259 85.1 -1 109 gi|16 34680 34726 762 gi|53 13105 13152
msp 1848 s 267 88.5 1 109 gi|16 34681 34732 711 gi|50 31989 32043
msp 1850 s 259 91.3 -1 109 gi|16 34681 34726 628 gi|45 39414 39465
msp 1852 s 251 91.8 1 109 gi|16 34681 34729 300 gi|28 3043 3092
msp 1854 s 283 88.5 1 109 gi|16 34682 34742 562 gi|41 32226 32291
msp 1856 s 271 88.6 -1 109 gi|16 34685 34728 701 gi|50 1957 2002
edge 579 s 0 0 532 109
edge 631 s 0 0 775 109
edge 685 s 0 0 564 109
edge 765 s 0 0 384 109
edge 860 s 0 0 300 109
edge 977 s 0 0 109 51
edge 978 s 0 0 109 116
edge 979 s 0 0 109 138
edge 980 s 0 0 109 142
edge 981 s 0 0 109 159
edge 982 s 0 0 109 212
edge 983 s 0 0 109 222
edge 984 s 0 0 109 266
edge 985 s 0 0 109 327
edge 986 s 0 0 109 400
edge 987 s 0 0 109 562
edge 988 s 0 0 109 563
edge 989 s 0 0 109 567
edge 990 s 0 0 109 609
edge 991 s 0 0 109 628
edge 993 p -1 80 109 667
edge 994 s 0 0 109 701
edge 995 s 0 0 109 711
edge 996 s 0 0 109 746
edge 997 s 0 0 109 749
edge 998 s 0 0 109 762
edge 999 s 0 0 109 774
edge 1000 s 0 0 109 786
edge 1001 s 0 0 109 842
edge 1002 s 0 0 109 853
edge 1003 s 0 0 109 876
edge 1004 s 0 0 109 909
edge 1005 s 0 0 109 918
