frag gi|16 36655 37379
img_no 7
edge_no 7
msp 467 s 378 78.3 1 693 gi|5 19464 20103 110 gi|16 36767 37379
msp 597 s 287 80.3 1 865 gi|6 7504 7686 110 gi|16 37144 37320
msp 1858 p 771 68.7 1 110 gi|16 36655 37351 985 gi|20 15256 15956
msp 1860 s 707 66.0 -1 110 gi|16 36756 37320 595 gi|44 4101 4707
msp 1862 s 379 69.4 -1 110 gi|16 37042 37312 508 gi|38 35491 35761
msp 1864 s 304 77.2 -1 110 gi|16 37140 37319 783 gi|54 27097 27279
msp 1866 s 258 79.0 1 110 gi|16 37247 37365 419 gi|33 17596 17711
edge 1919 s 0 0 693 110
edge 1933 s 0 0 783 110
edge 1943 s 0 0 865 110
edge 1965 s 0 0 595 110
edge 1997 s 0 0 110 419
edge 1998 s 0 0 110 508
edge 2021 p 1 68 985 110
