frag gi|17 6602 7213
img_no 38
edge_no 27
msp 621 s 403 77.1 -1 869 gi|6 21866 22053 114 gi|17 7013 7213
msp 665 s 299 82.3 1 869 gi|6 21940 22041 114 gi|17 7024 7129
msp 1197 s 286 93.0 -1 30 gi|11 3708 3750 114 gi|17 7024 7064
msp 1609 s 265 85.3 -1 91 gi|15 21035 21109 114 gi|17 7024 7087
msp 1874 p 272 76.1 1 114 gi|17 6602 6973 718 gi|51 2394 2738
msp 1876 p 266 78.1 1 114 gi|17 6748 7090 380 gi|31 19434 19796
msp 1878 p 304 82.5 -1 114 gi|17 6798 7003 719 gi|51 2854 3050
msp 1880 s 277 82.3 1 114 gi|17 6953 7065 353 gi|30 7045 7175
msp 1882 s 320 79.4 -1 114 gi|17 6989 7129 300 gi|28 3044 3198
msp 1884 s 282 77.9 1 114 gi|17 6999 7129 423 gi|33 24018 24146
msp 1886 s 271 80.7 -1 114 gi|17 7008 7152 853 gi|58 39529 39674
msp 1888 s 365 82.6 1 114 gi|17 7011 7131 965 gi|22 2135 2249
msp 1890 s 537 83.3 -1 114 gi|17 7014 7121 625 gi|45 32517 32628
msp 1892 p 301 77.6 -1 114 gi|17 7014 7129 966 gi|44 1671 1782
msp 1894 p 287 84.5 1 114 gi|17 7023 7126 964 gi|51 24381 24477
msp 1896 s 557 83.0 -1 114 gi|17 7018 7129 583 gi|43 21740 21850
msp 1898 s 482 85.0 -1 114 gi|17 7020 7132 201 gi|21 22356 22471
msp 1900 s 520 85.2 1 114 gi|17 7022 7129 967 gi|35 33911 34020
msp 1902 s 381 88.9 1 114 gi|17 7022 7129 201 gi|21 22357 22467
msp 1904 s 317 82.8 -1 114 gi|17 7023 7138 290 gi|27 5083 5199
msp 1906 s 253 86.0 -1 114 gi|17 7023 7065 372 gi|31 8630 8674
msp 1908 s 332 80.6 -1 114 gi|17 7024 7126 423 gi|33 24046 24146
msp 1910 s 351 89.4 -1 114 gi|17 7024 7089 320 gi|29 441 510
msp 1912 s 490 87.8 1 114 gi|17 7024 7130 583 gi|43 21740 21845
msp 1914 s 333 86.0 -1 114 gi|17 7024 7133 967 gi|35 33910 34020
msp 1916 s 401 82.3 -1 114 gi|17 7024 7176 199 gi|21 19618 19757
msp 1918 s 325 82.9 1 114 gi|17 7024 7134 199 gi|21 19653 19762
msp 1920 s 397 83.0 1 114 gi|17 7024 7135 290 gi|27 5088 5203
msp 1922 s 361 85.5 1 114 gi|17 7024 7154 375 gi|31 11691 11819
msp 1924 s 358 79.5 1 114 gi|17 7024 7135 300 gi|28 3044 3161
msp 1926 s 274 75.9 1 114 gi|17 7024 7131 966 gi|44 1671 1774
msp 1928 s 266 79.2 -1 114 gi|17 7024 7129 609 gi|44 27201 27310
msp 1930 s 328 75.5 1 114 gi|17 7025 7130 384 gi|31 28020 28121
msp 1932 s 390 86.6 1 114 gi|17 7036 7147 625 gi|45 32523 32638
msp 1934 s 292 80.4 -1 114 gi|17 7080 7130 341 gi|29 28248 28298
msp 1936 s 261 79.6 -1 114 gi|17 7084 7132 225 gi|22 37731 37779
msp 1938 s 279 79.0 -1 114 gi|17 7084 7140 380 gi|31 19711 19768
msp 1940 s 305 87.0 -1 114 gi|17 7084 7129 254 gi|24 28731 28776
edge 746 s 0 0 199 114
edge 766 s 0 0 384 114
edge 791 s 0 0 30 114
edge 810 s 0 0 114 91
edge 811 s 0 0 114 201
edge 813 s 0 0 114 225
edge 814 s 0 0 114 254
edge 815 s 0 0 114 290
edge 816 s 0 0 114 300
edge 817 s 0 0 114 320
edge 818 s 0 0 114 341
edge 819 s 0 0 114 353
edge 820 s 0 0 114 372
edge 821 s 0 0 114 375
edge 822 P 1 78 114 380
edge 823 s 0 0 114 423
edge 825 s 0 0 114 583
edge 827 s 0 0 114 609
edge 828 s 0 0 114 625
edge 829 P 1 76 114 718
edge 830 P -1 82 114 719
edge 831 s 0 0 114 853
edge 832 s 0 0 114 869
edge 1028 P 1 84 964 114
edge 1040 s 0 0 965 114
edge 1055 S -1 77 966 114
edge 1069 s 0 0 967 114
