frag gi|17 36499 37992
img_no 8
edge_no 6
msp 1023 s 284 75.9 1 914 gi|8 16245 16684 129 gi|17 37486 37898
msp 2096 s 263 78.1 1 129 gi|17 36499 36653 491 gi|37 38981 39153
msp 2098 p 278 81.5 1 129 gi|17 36516 36618 450 gi|35 21471 21574
msp 2100 s 518 75.5 -1 129 gi|17 36565 37896 548 gi|40 31705 33042
msp 2102 s 300 78.6 -1 129 gi|17 36718 37119 548 gi|40 31633 32048
msp 2104 s 411 73.3 1 129 gi|17 36918 37205 490 gi|37 38069 38376
msp 2106 s 253 72.5 1 129 gi|17 37463 37611 424 gi|33 24239 24389
msp 2108 s 272 74.9 1 129 gi|17 37515 37992 491 gi|37 39055 39529
edge 1911 s 0 0 548 129
edge 1989 s 0 0 129 424
edge 1990 P 1 81 129 450
edge 1991 s 0 0 129 490
edge 1992 s 0 0 129 491
edge 1993 s 0 0 129 914
