frag gi|19 21310 22433
img_no 12
flimg_no 5
edge_no 12
msp 1667 p 10055 100.0 -1 1016 gi|15 31748 32870 154 gi|19 21311 22433
msp 2256 p 10077 100.0 -1 154 gi|19 21308 22433 1020 gi|34 10381 11506
msp 2258 p 10055 100.0 -1 154 gi|19 21311 22433 1022 gi|44 37028 38150
msp 2260 p 10055 100.0 -1 154 gi|19 21311 22433 328 gi|29 8721 9843
msp 2262 p 10055 100.0 -1 154 gi|19 21311 22433 337 gi|29 19851 20973
msp 2264 p 1051 100.0 1 154 gi|19 21311 21425 1028 gi|55 39886 40000
msp 2266 s 261 77.8 -1 154 gi|19 21397 22242 1033 gi|32 5239 6090
msp 2268 s 325 76.9 -1 154 gi|19 21417 22218 1027 gi|51 6824 7617
msp 2270 p 2561 96.4 1 154 gi|19 21426 21761 1023 gi|47 1 325
msp 2272 s 344 82.0 -1 154 gi|19 21451 21650 1021 gi|39 749 929
msp 2274 s 297 75.9 -1 154 gi|19 21451 21914 1034 gi|32 7319 7776
msp 2276 p 6439 100.0 1 154 gi|19 21708 22433 1024 gi|47 2880 3605
edge 2335 p -1 100 154 328
edge 2336 p -1 100 154 337
edge 2405 p -1 100 1016 154
edge 2425 p -1 100 1020 154
edge 2439 s 0 0 1021 154
edge 2450 p -1 100 1022 154
edge 2462 S 1 96 1023 154
edge 2474 p 1 100 1024 154
edge 2481 s 0 0 1027 154
edge 2496 S 1 100 1028 154
edge 2510 s 0 0 1033 154
edge 2521 s 0 0 1034 154
