frag gi|22 1477 1542
img_no 6
edge_no 6
msp 509 s 285 84.8 1 697 gi|5 34881 34939 208 gi|22 1481 1541
msp 1211 s 275 87.2 1 32 gi|11 4540 4586 208 gi|22 1481 1530
msp 2750 s 281 84.8 1 208 gi|22 1470 1535 681 gi|49 32843 32906
msp 2752 p 250 89.2 1 208 gi|22 1477 1541 853 gi|58 39543 39604
msp 2754 p 267 85.3 1 208 gi|22 1477 1544 774 gi|54 7964 8026
msp 2756 s 283 94.0 -1 208 gi|22 1481 1547 701 gi|50 1945 2003
edge 797 s 0 0 32 208
edge 1462 s 0 0 697 208
edge 1463 s 0 0 701 208
edge 1537 P 1 88 853 208
edge 1841 S 1 84 774 208
edge 2729 s 0 0 208 681
