frag gi|22 3856 3971
img_no 19
edge_no 19
msp 11 s 453 85.2 -1 3 gi|1 14252 14332 211 gi|22 3889 3972
msp 113 s 439 84.2 -1 952 gi|1 34088 34169 211 gi|22 3880 3964
msp 173 s 411 82.5 1 936 gi|3 16460 16539 211 gi|22 3887 3970
msp 241 s 257 82.1 1 941 gi|4 21359 21414 211 gi|22 3896 3955
msp 841 p 389 90.3 1 949 gi|7 22201 22269 211 gi|22 3892 3970
msp 1105 s 379 85.1 1 18 gi|10 5611 5677 211 gi|22 3888 3957
msp 1141 s 455 90.6 1 25 gi|10 23582 23666 211 gi|22 3880 3964
msp 1265 s 297 87.5 -1 932 gi|11 13783 13846 211 gi|22 3897 3965
msp 2784 s 280 72.0 -1 211 gi|22 3856 3955 229 gi|23 3434 3531
msp 2786 s 352 75.2 -1 211 gi|22 3870 3970 465 gi|36 20387 20489
msp 2788 s 564 90.0 -1 211 gi|22 3882 3971 724 gi|51 18913 19007
msp 2790 s 354 83.6 1 211 gi|22 3893 3955 956 gi|51 37351 37412
msp 2792 s 397 90.8 -1 211 gi|22 3892 3956 267 gi|25 11641 11704
msp 2794 s 381 89.9 1 211 gi|22 3892 3970 947 gi|38 2356 2429
msp 2796 p 389 81.4 -1 211 gi|22 3893 3978 946 gi|30 23490 23573
msp 2798 s 365 82.0 1 211 gi|22 3893 3970 509 gi|38 38494 38568
msp 2800 p 274 84.3 1 211 gi|22 3897 3965 957 gi|55 22267 22330
msp 2802 s 416 91.9 1 211 gi|22 3898 3971 700 gi|50 1689 1760
msp 2804 s 264 84.9 1 211 gi|22 3898 3950 461 gi|36 5912 5960
edge 5 s 0 0 3 211
edge 20 s 0 0 18 211
edge 40 s 0 0 25 211
edge 58 s 0 0 211 229
edge 59 s 0 0 211 267
edge 62 s 0 0 211 461
edge 63 s 0 0 211 465
edge 65 s 0 0 211 509
edge 67 s 0 0 211 700
edge 68 s 0 0 211 724
edge 276 s 0 0 932 211
edge 310 s 0 0 936 211
edge 371 s 0 0 941 211
edge 406 S -1 81 946 211
edge 431 s 0 0 947 211
edge 450 S 1 90 949 211
edge 472 s 0 0 952 211
edge 505 s 0 0 956 211
edge 530 S 1 84 957 211
