frag gi|22 5746 5865
img_no 40
edge_no 36
msp 343 s 291 81.0 1 532 gi|4 24935 24997 212 gi|22 5775 5835
msp 783 s 310 86.8 1 876 gi|6 36036 36088 212 gi|22 5775 5830
msp 797 s 266 85.5 -1 876 gi|6 36094 36176 212 gi|22 5747 5822
msp 987 s 283 83.0 1 909 gi|8 691 743 212 gi|22 5774 5826
msp 1325 s 308 85.4 1 51 gi|12 20027 20115 212 gi|22 5746 5821
msp 1469 s 263 84.0 1 60 gi|12 39633 39682 212 gi|22 5774 5823
msp 1803 s 335 83.6 1 109 gi|16 34663 34729 212 gi|22 5758 5823
msp 1987 s 373 93.8 -1 116 gi|17 13339 13386 212 gi|22 5775 5822
msp 2189 s 255 83.6 1 142 gi|19 1634 1700 212 gi|22 5775 5834
msp 2359 s 306 86.2 -1 159 gi|19 33146 33239 212 gi|22 5766 5865
msp 2471 s 262 82.1 -1 182 gi|20 22956 23022 212 gi|22 5775 5836
msp 2561 s 281 95.5 -1 184 gi|20 30545 30588 212 gi|22 5774 5818
msp 2806 s 285 85.9 -1 212 gi|22 5749 5819 609 gi|44 27266 27326
msp 2808 s 267 76.4 1 212 gi|22 5751 5822 385 gi|31 32033 32114
msp 2810 s 341 79.2 1 212 gi|22 5752 5852 567 gi|42 15873 15976
msp 2812 s 292 87.0 -1 212 gi|22 5754 5822 400 gi|32 14443 14502
msp 2814 s 348 81.8 -1 212 gi|22 5756 5821 266 gi|25 9585 9649
msp 2816 s 283 80.5 -1 212 gi|22 5758 5834 701 gi|50 1940 2029
msp 2818 s 311 95.1 1 212 gi|22 5760 5820 746 gi|52 21299 21357
msp 2820 s 288 75.4 -1 212 gi|22 5760 5820 775 gi|54 9570 9630
msp 2822 s 343 87.9 1 212 gi|22 5765 5822 327 gi|29 8252 8307
msp 2824 s 252 92.6 -1 212 gi|22 5767 5820 672 gi|49 15276 15327
msp 2826 s 306 81.1 -1 212 gi|22 5769 5821 668 gi|49 2504 2556
msp 2828 s 376 90.6 1 212 gi|22 5770 5822 749 gi|52 28121 28174
msp 2830 s 364 93.9 -1 212 gi|22 5770 5818 564 gi|42 11799 11846
msp 2832 s 257 88.7 1 212 gi|22 5770 5831 853 gi|58 39540 39604
msp 2834 s 264 87.5 -1 212 gi|22 5771 5834 577 gi|42 39814 39878
msp 2836 s 255 80.4 -1 212 gi|22 5771 5821 567 gi|42 15828 15877
msp 2838 s 316 88.0 -1 212 gi|22 5771 5820 762 gi|53 13105 13153
msp 2840 s 252 89.6 -1 212 gi|22 5774 5821 309 gi|28 20920 20968
msp 2842 s 277 85.1 1 212 gi|22 5774 5820 562 gi|41 32225 32272
msp 2844 s 260 83.3 -1 212 gi|22 5774 5821 562 gi|41 32200 32247
msp 2846 s 254 86.6 -1 212 gi|22 5774 5840 665 gi|48 33416 33475
msp 2848 s 284 87.8 1 212 gi|22 5775 5823 300 gi|28 3044 3092
msp 2850 s 281 83.0 1 212 gi|22 5775 5821 711 gi|50 31990 32037
msp 2852 s 291 91.5 1 212 gi|22 5775 5821 628 gi|45 39350 39399
msp 2854 s 373 93.6 -1 212 gi|22 5775 5821 853 gi|58 39609 39655
msp 2856 s 271 89.1 1 212 gi|22 5775 5820 774 gi|54 7966 8013
msp 2858 s 334 87.2 -1 212 gi|22 5775 5821 563 gi|41 34625 34671
msp 2860 s 267 87.5 -1 212 gi|22 5775 5822 398 gi|32 11275 11324
edge 586 s 0 0 532 212
edge 638 s 0 0 775 212
edge 690 s 0 0 564 212
edge 868 s 0 0 300 212
edge 982 s 0 0 109 212
edge 1211 s 0 0 672 212
edge 1256 s 0 0 116 212
edge 1295 s 0 0 182 212
edge 1319 s 0 0 184 212
edge 1349 s 0 0 212 51
edge 1350 s 0 0 212 60
edge 1351 s 0 0 212 142
edge 1352 s 0 0 212 159
edge 1353 s 0 0 212 266
edge 1354 s 0 0 212 309
edge 1355 s 0 0 212 327
edge 1356 s 0 0 212 385
edge 1357 s 0 0 212 398
edge 1358 s 0 0 212 400
edge 1359 s 0 0 212 562
edge 1360 s 0 0 212 563
edge 1361 s 0 0 212 567
edge 1362 s 0 0 212 577
edge 1363 s 0 0 212 609
edge 1364 s 0 0 212 628
edge 1365 s 0 0 212 665
edge 1366 s 0 0 212 668
edge 1367 s 0 0 212 701
edge 1368 s 0 0 212 711
edge 1369 s 0 0 212 746
edge 1370 s 0 0 212 749
edge 1371 s 0 0 212 762
edge 1372 s 0 0 212 774
edge 1373 s 0 0 212 853
edge 1374 s 0 0 212 876
edge 1375 s 0 0 212 909
