frag gi|22 23034 24184
img_no 5
flimg_no 1
edge_no 5
msp 373 p 323 76.9 -1 166 gi|2 19158 19222 217 gi|22 23036 23101
msp 2197 p 717 92.4 1 146 gi|19 10751 10842 217 gi|22 23033 23124
msp 2874 p 10323 99.6 1 217 gi|22 23034 24184 1044 gi|28 31846 32996
msp 2876 p 955 92.4 -1 217 gi|22 23035 23152 1041 gi|52 35909 36026
msp 2878 s 352 81.4 1 217 gi|22 23654 24184 390 gi|31 37915 38436
edge 2598 P 1 92 146 217
edge 2601 P -1 76 166 217
edge 2605 s 0 0 217 390
edge 2616 P -1 92 1041 217
edge 2620 p 1 99 1044 217
