frag gi|22 35576 36254
img_no 13
edge_no 13
msp 591 s 261 74.9 -1 865 gi|6 7403 7808 223 gi|22 35609 35997
msp 1943 p 345 75.1 -1 115 gi|17 8390 8686 223 gi|22 35630 35935
msp 2417 p 33 65.4 -1 986 gi|20 16002 16063 223 gi|22 35576 35639
msp 2954 s 279 75.2 1 223 gi|22 35601 35930 483 gi|37 23227 23577
msp 2956 s 277 74.1 -1 223 gi|22 35637 35926 560 gi|41 29190 29467
msp 2958 s 279 74.3 -1 223 gi|22 35661 36007 275 gi|25 32231 32569
msp 2960 s 265 77.5 1 223 gi|22 35669 35757 508 gi|38 35429 35517
msp 2962 p 303 74.3 1 223 gi|22 35672 35928 841 gi|58 303 559
msp 2964 p 314 82.5 -1 223 gi|22 35698 35760 394 gi|32 6708 6772
msp 2966 p 255 81.3 1 223 gi|22 35705 35891 608 gi|44 26516 26705
msp 2968 s 293 74.4 1 223 gi|22 35726 35936 595 gi|44 4105 4350
msp 2970 s 273 81.3 1 223 gi|22 36148 36254 547 gi|40 29398 29501
msp 5063 s 306 65.4 -1 985 gi|20 15425 16001 223 gi|22 35638 36216
edge 1900 s 0 0 275 223
edge 1906 s 0 0 483 223
edge 1916 s 0 0 560 223
edge 1945 s 0 0 865 223
edge 1966 s 0 0 595 223
edge 1979 P -1 75 223 115
edge 1980 P -1 82 223 394
edge 1981 s 0 0 223 508
edge 1982 s 0 0 223 547
edge 1983 P 1 81 223 608
edge 1984 P 1 74 223 841
edge 2019 P -1 65 986 223
edge 2023 s 0 0 985 223
