frag gi|22 36410 36608
img_no 21
edge_no 20
msp 1205 s 268 82.1 -1 32 gi|11 4534 4645 224 gi|22 36410 36526
msp 1213 s 369 92.1 1 32 gi|11 4583 4658 224 gi|22 36449 36525
msp 1639 s 322 88.5 1 91 gi|15 21063 21114 224 gi|22 36473 36526
msp 2025 s 303 93.5 1 116 gi|17 13341 13386 224 gi|22 36476 36521
msp 2539 s 333 90.2 1 184 gi|20 30539 30589 224 gi|22 36471 36523
msp 2699 s 323 89.5 1 207 gi|21 38629 38752 224 gi|22 36471 36616
msp 2972 s 252 79.8 -1 224 gi|22 36412 36525 497 gi|38 6364 6463
msp 2974 s 259 87.7 1 224 gi|22 36460 36524 292 gi|27 10504 10565
msp 2976 s 270 87.5 1 224 gi|22 36466 36521 266 gi|25 9575 9631
msp 2978 p 271 82.7 -1 224 gi|22 36467 36518 340 gi|29 27371 27421
msp 2980 s 255 83.3 1 224 gi|22 36468 36521 563 gi|41 34618 34671
msp 2982 s 379 96.0 1 224 gi|22 36470 36519 701 gi|50 1955 2003
msp 2984 s 415 100.0 1 224 gi|22 36471 36523 796 gi|55 22479 22533
msp 2986 s 301 86.8 -1 224 gi|22 36471 36523 681 gi|49 32852 32903
msp 2988 s 317 91.5 1 224 gi|22 36471 36529 516 gi|39 21298 21357
msp 2990 s 290 89.4 1 224 gi|22 36473 36519 672 gi|49 15275 15320
msp 2992 s 335 93.3 1 224 gi|22 36473 36532 416 gi|33 7564 7624
msp 2994 s 268 87.2 1 224 gi|22 36473 36519 492 gi|37 39719 39764
msp 2996 s 275 83.8 -1 224 gi|22 36474 36590 746 gi|52 21263 21357
msp 2998 s 283 91.5 1 224 gi|22 36474 36520 564 gi|42 11796 11839
msp 3000 p 273 84.7 -1 224 gi|22 36478 36608 388 gi|31 32958 33069
edge 692 s 0 0 564 224
edge 798 s 0 0 32 224
edge 1212 s 0 0 672 224
edge 1233 s 0 0 91 224
edge 1258 s 0 0 116 224
edge 1321 s 0 0 184 224
edge 1342 s 0 0 207 224
edge 1376 s 0 0 224 266
edge 1377 s 0 0 224 292
edge 1378 S -1 82 224 340
edge 1379 P -1 84 224 388
edge 1380 s 0 0 224 416
edge 1381 s 0 0 224 492
edge 1382 s 0 0 224 497
edge 1383 s 0 0 224 516
edge 1384 s 0 0 224 563
edge 1385 s 0 0 224 681
edge 1386 s 0 0 224 701
edge 1387 s 0 0 224 746
edge 1388 s 0 0 224 796
