frag gi|24 28615 28788
img_no 12
flimg_no 1
edge_no 11
msp 623 s 309 81.1 1 869 gi|6 21881 21986 254 gi|24 28669 28777
msp 1941 s 305 87.0 -1 114 gi|17 7084 7129 254 gi|24 28731 28776
msp 2635 s 330 89.5 1 201 gi|21 22349 22405 254 gi|24 28721 28777
msp 3011 p 343 87.3 1 225 gi|22 37734 37788 254 gi|24 28731 28787
msp 3300 p 266 78.4 1 254 gi|24 28615 28790 583 gi|43 21638 21803
msp 3302 s 271 84.1 -1 254 gi|24 28691 28778 300 gi|28 3108 3207
msp 3304 s 365 88.9 -1 254 gi|24 28722 28775 967 gi|35 33976 34029
msp 3306 s 287 85.7 1 254 gi|24 28731 28779 380 gi|31 19723 19771
msp 3308 s 284 89.6 -1 254 gi|24 28731 28778 375 gi|31 11745 11791
msp 3310 s 298 89.4 1 254 gi|24 28731 28777 341 gi|29 28249 28295
msp 3312 s 286 94.6 -1 254 gi|24 28731 28786 583 gi|43 21794 21844
msp 3314 s 272 92.5 1 254 gi|24 28739 28778 625 gi|45 32517 32556
edge 814 s 0 0 114 254
edge 870 s 0 0 300 254
edge 901 s 0 0 341 254
edge 914 s 0 0 375 254
edge 932 p 1 78 583 254
edge 950 s 0 0 625 254
edge 963 s 0 0 869 254
edge 1007 s 0 0 201 254
edge 1073 s 0 0 967 254
edge 2550 P 1 87 225 254
edge 2772 s 0 0 254 380
