frag gi|25 11533 11705
img_no 21
edge_no 21
msp 29 s 318 85.0 1 3 gi|1 14269 14328 267 gi|25 11642 11703
msp 105 s 355 78.8 1 952 gi|1 34057 34155 267 gi|25 11606 11700
msp 179 s 364 81.0 -1 936 gi|3 16463 16557 267 gi|25 11612 11705
msp 849 s 381 77.8 -1 949 gi|7 22201 22279 267 gi|25 11624 11703
msp 1113 s 340 81.5 -1 18 gi|10 5615 5695 267 gi|25 11621 11704
msp 1153 s 375 82.1 -1 25 gi|10 23589 23672 267 gi|25 11620 11705
msp 1187 p 301 85.3 -1 943 gi|10 35142 35209 267 gi|25 11531 11597
msp 1261 s 304 77.8 1 932 gi|11 13759 13848 267 gi|25 11605 11704
msp 1539 s 261 95.9 -1 79 gi|15 3029 3077 267 gi|25 11535 11577
msp 2793 s 397 90.8 -1 211 gi|22 3892 3956 267 gi|25 11641 11704
msp 3178 p 322 91.8 1 267 gi|25 11535 11583 935 gi|58 13811 13859
msp 3180 p 251 95.0 1 267 gi|25 11536 11575 993 gi|44 7351 7388
msp 3182 s 282 77.0 -1 267 gi|25 11562 11687 461 gi|36 5920 6051
msp 3184 s 420 82.7 -1 267 gi|25 11602 11705 947 gi|38 2355 2461
msp 3186 s 340 78.7 -1 267 gi|25 11612 11702 956 gi|51 37351 37443
msp 3188 s 256 82.9 -1 267 gi|25 11622 11692 960 gi|43 35439 35504
msp 3190 s 288 75.0 1 267 gi|25 11624 11703 946 gi|30 23495 23573
msp 3192 s 280 81.5 -1 267 gi|25 11628 11692 700 gi|50 1693 1757
msp 3194 s 378 82.8 1 267 gi|25 11642 11705 724 gi|51 18929 18993
msp 3273 s 302 98.1 1 249 gi|24 19920 19971 267 gi|25 11535 11580
msp 3317 p 411 81.6 -1 255 gi|24 29623 29758 267 gi|25 11531 11664
edge 6 s 0 0 3 267
edge 22 s 0 0 18 267
edge 42 s 0 0 25 267
edge 59 s 0 0 211 267
edge 75 s 0 0 267 79
edge 76 s 0 0 267 249
edge 77 p -1 81 267 255
edge 80 s 0 0 267 461
edge 84 s 0 0 267 700
edge 85 s 0 0 267 724
edge 277 s 0 0 932 267
edge 301 S 1 91 935 267
edge 312 s 0 0 936 267
edge 377 P -1 85 943 267
edge 408 s 0 0 946 267
edge 433 s 0 0 947 267
edge 452 s 0 0 949 267
edge 474 s 0 0 952 267
edge 507 s 0 0 956 267
edge 545 s 0 0 960 267
edge 2051 P 1 95 993 267
