frag gi|25 32229 32607
img_no 7
edge_no 7
msp 511 p 264 83.0 1 698 gi|5 36067 36113 275 gi|25 32454 32500
msp 589 s 416 76.7 1 865 gi|6 7391 7737 275 gi|25 32229 32560
msp 1407 s 282 69.7 -1 56 gi|12 28758 29011 275 gi|25 32295 32565
msp 1749 s 424 76.9 -1 102 gi|16 17431 17720 275 gi|25 32305 32594
msp 2959 s 279 74.3 -1 223 gi|22 35661 36007 275 gi|25 32231 32569
msp 3214 p 446 73.1 -1 275 gi|25 32255 32607 783 gi|54 27001 27368
msp 3216 s 263 76.3 -1 275 gi|25 32306 32516 595 gi|44 4094 4340
edge 1877 s 0 0 56 275
edge 1889 s 0 0 102 275
edge 1900 s 0 0 275 223
edge 1901 s 0 0 275 595
edge 1902 P 1 83 275 698
edge 1903 P -1 72 275 783
edge 1904 s 0 0 275 865
