frag gi|28 12134 12323
img_no 7
flimg_no 1
edge_no 4
msp 1743 s 253 78.6 1 101 gi|16 17076 17145 305 gi|28 12134 12206
msp 1745 s 253 78.6 1 101 gi|16 17076 17145 305 gi|28 12250 12322
msp 2045 p 276 82.8 -1 118 gi|17 15002 15059 305 gi|28 12134 12190
msp 2047 s 276 82.8 -1 118 gi|17 15002 15059 305 gi|28 12250 12306
msp 3287 s 275 76.8 -1 250 gi|24 21175 21230 305 gi|28 12134 12189
msp 3289 s 275 76.8 -1 250 gi|24 21175 21230 305 gi|28 12250 12305
msp 3646 p 418 78.4 -1 305 gi|28 12134 12323 1002 gi|49 19649 19839
edge 1589 s 0 0 250 305
edge 2099 P -1 82 118 305
edge 2187 P -1 78 1002 305
edge 2539 s 0 0 101 305
