frag gi|29 51 425
img_no 9
flimg_no 1
edge_no 9
msp 377 s 306 69.9 -1 167 gi|2 19261 19579 319 gi|29 110 434
msp 479 s 297 77.8 -1 693 gi|5 19500 19715 319 gi|29 130 344
msp 707 s 288 78.1 -1 874 gi|6 33019 33233 319 gi|29 142 353
msp 3173 p 431 76.0 -1 266 gi|25 9711 10076 319 gi|29 51 425
msp 3420 s 321 70.5 -1 319 gi|29 66 414 519 gi|39 29187 29541
msp 3422 s 296 73.2 -1 319 gi|29 96 420 518 gi|39 27371 27689
msp 3424 s 301 77.8 1 319 gi|29 135 350 424 gi|33 24655 24870
msp 3426 s 264 82.0 -1 319 gi|29 139 393 569 gi|42 22070 22318
msp 3428 s 294 74.0 1 319 gi|29 139 392 508 gi|38 35795 36052
edge 1398 P -1 76 266 319
edge 1923 s 0 0 693 319
edge 1953 s 0 0 874 319
edge 1974 s 0 0 518 319
edge 1976 s 0 0 519 319
edge 1999 s 0 0 319 167
edge 2000 s 0 0 319 424
edge 2001 s 0 0 319 508
edge 2002 s 0 0 319 569
