frag gi|30 38579 38721
img_no 6
flimg_no 2
edge_no 3
msp 3750 p 367 78.1 -1 368 gi|30 38579 38724 510 gi|38 38644 38787
msp 3752 p 371 81.7 1 368 gi|30 38579 38720 676 gi|49 21221 21372
msp 3754 p 350 74.6 -1 368 gi|30 38591 38720 499 gi|38 8515 8644
msp 3756 s 345 79.4 -1 368 gi|30 38592 38722 676 gi|49 21233 21373
msp 3758 s 383 73.8 1 368 gi|30 38595 38720 510 gi|38 38649 38774
msp 3760 s 322 75.4 1 368 gi|30 38595 38720 499 gi|38 8517 8642
edge 2839 S -1 74 368 499
edge 2840 S -1 78 368 510
edge 2841 P 1 81 368 676
