frag gi|31 31933 32201
img_no 37
edge_no 34
msp 257 s 420 87.4 1 532 gi|4 24855 24981 385 gi|31 32006 32113
msp 523 s 263 82.7 -1 862 gi|6 3738 3812 385 gi|31 32060 32130
msp 741 s 250 80.4 1 876 gi|6 36035 36085 385 gi|31 32066 32116
msp 933 s 281 84.5 1 909 gi|8 641 737 385 gi|31 32028 32112
msp 1059 s 291 87.7 1 918 gi|8 31821 31991 385 gi|31 32064 32201
msp 1299 s 260 83.3 -1 48 gi|12 7305 7370 385 gi|31 32070 32130
msp 1319 s 417 85.0 1 51 gi|12 20015 20114 385 gi|31 32024 32112
msp 1693 s 372 84.2 1 98 gi|16 3162 3243 385 gi|31 32008 32113
msp 1989 s 301 86.0 -1 116 gi|17 13339 13388 385 gi|31 32065 32114
msp 2127 s 268 84.0 1 138 gi|18 29282 29356 385 gi|31 32056 32126
msp 2163 s 278 81.0 1 142 gi|19 1623 1680 385 gi|31 32058 32113
msp 2317 s 296 81.5 1 159 gi|19 33057 33159 385 gi|31 32020 32113
msp 2367 s 279 93.4 -1 159 gi|19 33174 33234 385 gi|31 32065 32121
msp 2501 s 290 87.0 -1 182 gi|20 22977 23022 385 gi|31 32067 32112
msp 2809 s 267 76.4 1 212 gi|22 5751 5822 385 gi|31 32033 32114
msp 2899 s 342 86.2 -1 222 gi|22 31647 31726 385 gi|31 32063 32146
msp 3161 s 316 86.0 -1 266 gi|25 9586 9635 385 gi|31 32063 32112
msp 3485 s 335 88.0 1 327 gi|29 8258 8307 385 gi|31 32065 32114
msp 3593 s 343 87.8 1 300 gi|28 3043 3091 385 gi|31 32066 32114
msp 3946 s 322 85.6 -1 385 gi|31 31933 32112 563 gi|41 34626 34814
msp 3948 s 384 85.9 1 385 gi|31 31972 32113 609 gi|44 27085 27248
msp 3950 s 303 79.3 -1 385 gi|31 32003 32113 564 gi|42 11795 11900
msp 3952 s 417 86.4 1 385 gi|31 32006 32130 567 gi|42 15823 15954
msp 3954 s 358 80.8 -1 385 gi|31 32014 32112 567 gi|42 15829 15937
msp 3956 s 276 80.8 1 385 gi|31 32041 32113 562 gi|41 32199 32273
msp 3958 s 278 87.7 -1 385 gi|31 32051 32115 398 gi|32 11274 11335
msp 3960 s 401 86.3 -1 385 gi|31 32057 32129 400 gi|32 14425 14499
msp 3962 s 253 84.2 1 385 gi|31 32057 32113 746 gi|52 21298 21358
msp 3964 s 394 85.9 1 385 gi|31 32058 32128 749 gi|52 28117 28187
msp 3966 s 274 82.7 1 385 gi|31 32059 32110 786 gi|54 37465 37518
msp 3968 s 284 87.0 1 385 gi|31 32060 32113 774 gi|54 7958 8014
msp 3970 s 279 86.5 1 385 gi|31 32061 32112 628 gi|45 39344 39398
msp 3972 s 347 85.2 -1 385 gi|31 32063 32123 775 gi|54 9561 9619
msp 3974 s 256 86.3 -1 385 gi|31 32063 32113 609 gi|44 27264 27314
msp 3976 s 364 90.0 -1 385 gi|31 32063 32112 668 gi|49 2505 2554
msp 3978 s 276 82.0 -1 385 gi|31 32063 32112 853 gi|58 39610 39659
msp 3980 s 287 82.3 -1 385 gi|31 32065 32126 762 gi|53 13092 13152
edge 208 s 0 0 48 385
edge 591 s 0 0 532 385
edge 644 s 0 0 775 385
edge 696 s 0 0 564 385
edge 875 s 0 0 300 385
edge 1261 s 0 0 116 385
edge 1299 s 0 0 182 385
edge 1356 s 0 0 212 385
edge 1400 s 0 0 266 385
edge 1473 s 0 0 746 385
edge 1493 s 0 0 749 385
edge 1518 s 0 0 762 385
edge 1541 s 0 0 853 385
edge 1627 s 0 0 51 385
edge 1644 s 0 0 142 385
edge 1659 s 0 0 159 385
edge 1679 s 0 0 222 385
edge 1702 s 0 0 327 385
edge 1716 s 0 0 385 98
edge 1717 s 0 0 385 138
edge 1718 s 0 0 385 398
edge 1719 s 0 0 385 400
edge 1720 s 0 0 385 562
edge 1721 s 0 0 385 563
edge 1722 s 0 0 385 567
edge 1723 s 0 0 385 609
edge 1724 s 0 0 385 628
edge 1725 s 0 0 385 668
edge 1726 s 0 0 385 774
edge 1727 s 0 0 385 786
edge 1728 s 0 0 385 862
edge 1729 s 0 0 385 876
edge 1730 s 0 0 385 909
edge 1731 s 0 0 385 918
