frag gi|32 14239 14348
img_no 7
flimg_no 1
edge_no 7
msp 809 s 300 74.4 -1 888 gi|7 2385 2462 399 gi|32 14252 14329
msp 1385 s 268 81.6 -1 52 gi|12 20870 20956 399 gi|32 14235 14322
msp 1427 s 277 77.6 -1 59 gi|12 36896 36971 399 gi|32 14256 14329
msp 4118 p 313 80.0 1 399 gi|32 14239 14348 624 gi|45 31360 31460
msp 4120 s 301 78.7 1 399 gi|32 14253 14327 623 gi|45 30931 31007
msp 4122 s 298 79.0 1 399 gi|32 14254 14329 819 gi|56 5224 5300
msp 4124 s 424 93.1 1 399 gi|32 14256 14327 810 gi|56 1402 1474
edge 1567 s 0 0 52 399
edge 1611 P 1 80 624 399
edge 2063 s 0 0 59 399
edge 2081 s 0 0 399 623
edge 2082 s 0 0 399 810
edge 2083 s 0 0 399 819
edge 2084 s 0 0 399 888
