frag gi|32 14398 14629
img_no 46
edge_no 41
msp 333 s 336 82.0 -1 532 gi|4 24933 24993 400 gi|32 14433 14492
msp 525 s 337 90.5 1 862 gi|6 3739 3812 400 gi|32 14425 14496
msp 781 s 278 87.5 -1 876 gi|6 36036 36083 400 gi|32 14443 14490
msp 795 s 273 94.8 1 876 gi|6 36093 36150 400 gi|32 14442 14491
msp 975 s 281 87.5 -1 909 gi|8 690 737 400 gi|32 14445 14492
msp 1045 s 289 78.3 -1 918 gi|8 31805 31873 400 gi|32 14443 14509
msp 1301 s 317 91.7 1 48 gi|12 7313 7372 400 gi|32 14431 14491
msp 1327 s 366 89.7 -1 51 gi|12 20037 20114 400 gi|32 14445 14525
msp 1523 s 259 84.8 1 74 gi|14 19332 19449 400 gi|32 14444 14543
msp 1707 s 327 90.2 -1 98 gi|16 3193 3243 400 gi|32 14444 14493
msp 1797 s 289 83.6 -1 109 gi|16 34654 34726 400 gi|32 14445 14514
msp 1993 s 328 75.7 1 116 gi|17 13339 13490 400 gi|32 14443 14585
msp 2129 s 336 89.1 -1 138 gi|18 29283 29346 400 gi|32 14443 14508
msp 2177 s 301 85.7 -1 142 gi|19 1632 1680 400 gi|32 14444 14492
msp 2315 s 348 84.0 -1 159 gi|19 33047 33171 400 gi|32 14432 14537
msp 2395 s 294 93.6 1 159 gi|19 33189 33235 400 gi|32 14445 14493
msp 2441 s 254 85.0 -1 182 gi|20 22896 22975 400 gi|32 14427 14498
msp 2473 s 399 84.4 1 182 gi|20 22959 23022 400 gi|32 14427 14490
msp 2515 s 267 93.3 -1 184 gi|20 30462 30506 400 gi|32 14447 14492
msp 2597 p 262 86.0 1 196 gi|21 15695 15744 400 gi|32 14443 14496
msp 2813 s 292 87.0 -1 212 gi|22 5754 5822 400 gi|32 14443 14502
msp 2929 s 256 76.6 1 222 gi|22 31675 31858 400 gi|32 14444 14629
msp 3167 s 299 87.0 1 266 gi|25 9586 9631 400 gi|32 14445 14490
msp 3463 s 281 79.6 -1 327 gi|29 8123 8313 400 gi|32 14438 14610
msp 3625 s 400 95.8 -1 300 gi|28 3044 3091 400 gi|32 14443 14490
msp 3655 s 296 94.4 1 309 gi|28 20900 20970 400 gi|32 14417 14493
msp 3961 s 401 86.3 -1 385 gi|31 32057 32129 400 gi|32 14425 14499
msp 4126 s 276 80.8 1 400 gi|32 14398 14501 762 gi|53 13067 13161
msp 4128 s 347 81.9 1 400 gi|32 14402 14495 564 gi|42 11762 11847
msp 4130 s 278 85.9 -1 400 gi|32 14418 14495 567 gi|42 15885 15959
msp 4132 s 257 83.5 1 400 gi|32 14424 14502 609 gi|44 27244 27321
msp 4134 s 293 83.1 1 400 gi|32 14427 14491 701 gi|50 1941 2005
msp 4136 s 330 90.9 -1 400 gi|32 14436 14501 774 gi|54 7953 8024
msp 4138 s 362 90.7 1 400 gi|32 14437 14490 775 gi|54 9563 9615
msp 4140 s 330 86.2 -1 400 gi|32 14438 14502 749 gi|52 28113 28178
msp 4142 s 283 82.9 -1 400 gi|32 14444 14548 609 gi|44 27136 27248
msp 4144 s 277 88.7 -1 400 gi|32 14444 14496 746 gi|52 21302 21358
msp 4146 s 318 91.8 -1 400 gi|32 14444 14504 562 gi|41 32216 32273
msp 4148 s 286 86.8 -1 400 gi|32 14444 14496 853 gi|58 39539 39593
msp 4150 s 384 95.9 1 400 gi|32 14445 14493 668 gi|49 2505 2554
msp 4152 s 337 87.8 1 400 gi|32 14445 14493 567 gi|42 15829 15877
msp 4154 s 270 87.0 -1 400 gi|32 14445 14490 711 gi|50 31990 32036
msp 4156 s 284 84.8 1 400 gi|32 14445 14503 563 gi|41 34626 34682
msp 4158 s 271 80.0 -1 400 gi|32 14445 14504 628 gi|45 39336 39398
msp 4160 s 280 81.2 1 400 gi|32 14447 14531 667 gi|49 1514 1601
msp 4162 s 315 86.0 -1 400 gi|32 14447 14496 786 gi|54 37468 37518
edge 209 s 0 0 48 400
edge 593 s 0 0 532 400
edge 646 s 0 0 775 400
edge 697 s 0 0 564 400
edge 877 s 0 0 300 400
edge 986 s 0 0 109 400
edge 1263 s 0 0 116 400
edge 1301 s 0 0 182 400
edge 1324 s 0 0 184 400
edge 1358 s 0 0 212 400
edge 1402 s 0 0 266 400
edge 1464 s 0 0 701 400
edge 1474 s 0 0 746 400
edge 1495 s 0 0 749 400
edge 1519 s 0 0 762 400
edge 1542 s 0 0 853 400
edge 1629 s 0 0 51 400
edge 1645 s 0 0 142 400
edge 1661 s 0 0 159 400
edge 1681 s 0 0 222 400
edge 1704 s 0 0 327 400
edge 1719 s 0 0 385 400
edge 1744 s 0 0 400 74
edge 1745 s 0 0 400 98
edge 1746 s 0 0 400 138
edge 1747 S 1 86 400 196
edge 1748 s 0 0 400 309
edge 1749 s 0 0 400 562
edge 1750 s 0 0 400 563
edge 1751 s 0 0 400 567
edge 1752 s 0 0 400 609
edge 1753 s 0 0 400 628
edge 1754 s 0 0 400 667
edge 1755 s 0 0 400 668
edge 1756 s 0 0 400 711
edge 1757 s 0 0 400 774
edge 1758 s 0 0 400 786
edge 1759 s 0 0 400 862
edge 1760 s 0 0 400 876
edge 1761 s 0 0 400 909
edge 1762 s 0 0 400 918
