frag gi|33 24239 24875
img_no 6
edge_no 6
msp 691 s 331 78.0 -1 874 gi|6 32188 32759 424 gi|33 24275 24867
msp 2107 s 253 72.5 1 129 gi|17 37463 37611 424 gi|33 24239 24389
msp 3425 s 301 77.8 1 319 gi|29 135 350 424 gi|33 24655 24870
msp 4046 s 312 76.2 1 424 gi|33 24485 24761 726 gi|51 22243 22522
msp 4048 s 266 80.1 1 424 gi|33 24650 24875 508 gi|38 35785 36013
msp 4050 s 287 81.5 1 424 gi|33 24655 24757 491 gi|37 39334 39436
edge 1931 s 0 0 726 424
edge 1954 s 0 0 874 424
edge 1989 s 0 0 129 424
edge 1995 s 0 0 491 424
edge 2000 s 0 0 319 424
edge 2003 s 0 0 508 424
