frag gi|36 20994 21113
img_no 5
flimg_no 1
edge_no 5
msp 1063 s 295 82.8 -1 918 gi|8 31822 31879 466 gi|36 21005 21064
msp 2125 s 310 81.2 -1 138 gi|18 29249 29349 466 gi|36 21008 21103
msp 4316 p 273 77.5 -1 466 gi|36 20994 21113 853 gi|58 39501 39611
msp 4318 s 261 79.7 -1 466 gi|36 21011 21084 746 gi|52 21284 21359
msp 4320 s 269 86.3 1 466 gi|36 21012 21062 711 gi|50 31962 32010
edge 1475 s 0 0 746 466
edge 1544 P -1 77 853 466
edge 1836 s 0 0 711 466
edge 2276 s 0 0 138 466
edge 2282 s 0 0 918 466
