frag gi|38 13388 13675
img_no 13
edge_no 6
msp 1431 s 257 78.0 -1 59 gi|12 36904 37076 500 gi|38 13449 13665
msp 1443 s 266 77.4 -1 59 gi|12 37024 37076 500 gi|38 13611 13664
msp 2231 s 467 86.6 1 1000 gi|19 20297 20378 500 gi|38 13593 13673
msp 2235 s 490 78.7 1 1000 gi|19 20302 20493 500 gi|38 13435 13672
msp 2247 s 285 75.6 1 1000 gi|19 20417 20494 500 gi|38 13435 13511
msp 3109 p 249 78.9 1 997 gi|25 6682 6798 500 gi|38 13399 13507
msp 3115 s 271 72.4 1 997 gi|25 6725 6798 500 gi|38 13596 13669
msp 4356 s 398 82.6 -1 500 gi|38 13388 13508 684 gi|49 39100 39227
msp 4358 p 273 77.7 1 500 gi|38 13427 13547 820 gi|56 5410 5529
msp 4360 s 275 79.7 1 500 gi|38 13448 13664 624 gi|45 31050 31224
msp 4362 s 250 78.5 1 500 gi|38 13449 13513 624 gi|45 31172 31235
msp 4364 s 322 81.5 -1 500 gi|38 13595 13675 684 gi|49 39096 39176
msp 4366 s 269 79.5 1 500 gi|38 13595 13672 820 gi|56 5417 5493
edge 1612 s 0 0 624 500
edge 2064 s 0 0 59 500
edge 2085 s 0 0 500 684
edge 2086 P 1 77 500 820
edge 2118 S 1 78 997 500
edge 2132 s 0 0 1000 500
