frag gi|38 35356 36077
img_no 15
flimg_no 1
edge_no 14
msp 461 s 271 71.6 -1 693 gi|5 19451 19879 508 gi|38 35624 36058
msp 583 s 571 77.3 -1 865 gi|6 7226 7542 508 gi|38 35624 35940
msp 701 s 400 79.1 -1 875 gi|6 32983 33665 508 gi|38 35409 36048
msp 1863 s 379 69.4 -1 110 gi|16 37042 37312 508 gi|38 35491 35761
msp 2415 s 306 74.8 -1 985 gi|20 15387 15966 508 gi|38 35441 36027
msp 2961 s 265 77.5 1 223 gi|22 35669 35757 508 gi|38 35429 35517
msp 3201 s 338 73.1 -1 268 gi|25 11824 12042 508 gi|38 35796 36047
msp 3429 s 294 74.0 1 319 gi|29 139 392 508 gi|38 35795 36052
msp 4033 s 339 73.0 1 423 gi|33 23788 24009 508 gi|38 35800 36027
msp 4049 s 266 80.1 1 424 gi|33 24650 24875 508 gi|38 35785 36013
msp 4372 p 273 75.1 -1 508 gi|38 35356 36077 569 gi|42 22036 22766
msp 4374 s 298 79.0 1 508 gi|38 35397 36054 783 gi|54 27010 27655
msp 4376 s 259 74.4 -1 508 gi|38 35475 35560 519 gi|39 29700 29785
msp 4378 p 335 76.2 1 508 gi|38 35707 36008 546 gi|40 28424 28721
msp 4380 s 271 76.7 -1 508 gi|38 35795 36043 519 gi|39 29220 29459
edge 922 s 0 0 423 508
edge 1924 s 0 0 693 508
edge 1936 s 0 0 783 508
edge 1947 s 0 0 865 508
edge 1968 s 0 0 268 508
edge 1978 s 0 0 519 508
edge 1981 s 0 0 223 508
edge 1998 s 0 0 110 508
edge 2001 s 0 0 319 508
edge 2003 s 0 0 508 424
edge 2004 P 1 76 508 546
edge 2005 P -1 75 508 569
edge 2006 s 0 0 508 875
edge 2025 s 0 0 985 508
