frag gi|38 38428 38640
img_no 17
flimg_no 1
edge_no 17
msp 17 s 362 80.3 -1 3 gi|1 14254 14329 509 gi|38 38493 38568
msp 89 p 624 74.2 -1 952 gi|1 34013 34218 509 gi|38 38428 38637
msp 177 s 605 76.7 1 936 gi|3 16463 16610 509 gi|38 38492 38639
msp 833 p 509 77.8 1 949 gi|7 22201 22347 509 gi|38 38494 38639
msp 1119 s 263 75.9 1 18 gi|10 5616 5698 509 gi|38 38494 38577
msp 1149 s 524 82.3 1 25 gi|10 23589 23712 509 gi|38 38492 38616
msp 1565 s 352 88.7 -1 87 gi|15 16576 16690 509 gi|38 38507 38608
msp 1771 p 344 79.7 1 107 gi|16 30195 30307 509 gi|38 38522 38641
msp 2799 s 365 82.0 1 211 gi|22 3893 3970 509 gi|38 38494 38568
msp 3033 s 274 81.4 -1 229 gi|23 3389 3549 509 gi|38 38445 38592
msp 3725 p 760 85.2 -1 946 gi|30 23430 23574 509 gi|38 38494 38639
msp 4299 s 306 85.5 1 461 gi|36 5920 5988 509 gi|38 38508 38571
msp 4311 s 408 76.2 -1 465 gi|36 20327 20477 509 gi|38 38482 38640
msp 4382 p 402 76.7 1 509 gi|38 38496 38638 956 gi|51 37351 37495
msp 4384 s 300 78.5 -1 509 gi|38 38490 38568 724 gi|51 18914 18995
msp 4386 s 311 83.8 1 509 gi|38 38498 38571 700 gi|50 1688 1771
msp 4388 p 302 78.2 -1 509 gi|38 38506 38647 657 gi|47 37202 37351
edge 10 s 0 0 3 509
edge 27 s 0 0 18 509
edge 48 s 0 0 25 509
edge 65 s 0 0 211 509
edge 137 s 0 0 509 87
edge 138 P 1 79 509 107
edge 139 s 0 0 509 229
edge 140 s 0 0 509 461
edge 141 s 0 0 509 465
edge 142 p -1 78 509 657
edge 143 s 0 0 509 700
edge 144 s 0 0 509 724
edge 317 s 0 0 936 509
edge 412 S -1 85 946 509
edge 454 S 1 77 949 509
edge 476 p -1 74 952 509
edge 510 S 1 76 956 509
