frag gi|4 24813 25024
img_no 49
edge_no 42
msp 139 s 262 88.3 1 342 gi|3 1919 1978 532 gi|4 24928 24999
msp 254 s 258 84.5 -1 532 gi|4 24813 24980 159 gi|19 33189 33337
msp 256 s 420 87.4 1 532 gi|4 24855 24981 385 gi|31 32006 32113
msp 258 s 278 79.6 1 532 gi|4 24879 24981 918 gi|8 31748 31872
msp 260 s 251 75.3 1 532 gi|4 24894 24978 184 gi|20 30427 30506
msp 262 s 297 79.6 1 532 gi|4 24903 25010 711 gi|50 31959 32057
msp 264 s 274 80.2 -1 532 gi|4 24904 24984 562 gi|41 32197 32274
msp 266 s 288 87.7 1 532 gi|4 24904 24984 98 gi|16 3167 3246
msp 268 s 420 84.1 -1 532 gi|4 24905 25011 567 gi|42 15800 15911
msp 270 s 251 79.2 1 532 gi|4 24905 24981 562 gi|41 32200 32273
msp 272 s 374 83.1 -1 532 gi|4 24916 24980 668 gi|49 2505 2571
msp 274 s 337 88.5 1 532 gi|4 24921 24981 876 gi|6 36025 36082
msp 276 s 266 84.1 -1 532 gi|4 24921 24983 48 gi|12 7325 7381
msp 278 s 347 86.2 -1 532 gi|4 24926 24983 762 gi|53 13102 13158
msp 280 s 334 88.9 1 532 gi|4 24926 24988 628 gi|45 39339 39409
msp 282 s 412 87.6 1 532 gi|4 24928 25024 327 gi|29 8253 8335
msp 284 s 390 86.0 -1 532 gi|4 24928 24984 775 gi|54 9566 9622
msp 286 s 339 83.3 1 532 gi|4 24928 24981 159 gi|19 33105 33159
msp 288 s 334 78.5 -1 532 gi|4 24929 24993 853 gi|58 39597 39661
msp 290 s 363 90.2 -1 532 gi|4 24930 24980 266 gi|25 9586 9636
msp 292 s 322 84.6 1 532 gi|4 24931 24982 567 gi|42 15887 15938
msp 294 s 295 87.5 -1 532 gi|4 24931 24978 667 gi|49 1514 1562
msp 296 s 351 92.0 1 532 gi|4 24931 24980 749 gi|52 28122 28172
msp 298 s 267 77.5 -1 532 gi|4 24931 25001 862 gi|6 3738 3809
msp 300 s 276 88.2 -1 532 gi|4 24931 24981 628 gi|45 39413 39468
msp 302 s 297 88.2 1 532 gi|4 24931 24981 853 gi|58 39541 39593
msp 304 s 326 88.5 -1 532 gi|4 24931 24982 222 gi|22 31674 31726
msp 306 s 270 80.4 -1 532 gi|4 24931 24981 609 gi|44 27264 27314
msp 308 s 420 87.1 -1 532 gi|4 24932 25016 563 gi|41 34591 34674
msp 310 s 306 84.2 1 532 gi|4 24932 24988 774 gi|54 7963 8021
msp 312 s 253 81.6 1 532 gi|4 24932 24980 909 gi|8 689 737
msp 314 s 294 86.0 -1 532 gi|4 24932 24981 398 gi|32 11276 11327
msp 316 s 257 89.8 1 532 gi|4 24932 24980 842 gi|58 10173 10223
msp 318 s 309 87.8 1 532 gi|4 24932 24980 51 gi|12 20065 20114
msp 320 s 309 89.8 1 532 gi|4 24932 24980 109 gi|16 34679 34726
msp 322 s 268 98.0 1 532 gi|4 24932 24982 609 gi|44 27198 27249
msp 324 s 293 87.8 1 532 gi|4 24933 24981 138 gi|18 29294 29345
msp 326 s 258 82.6 1 532 gi|4 24933 24978 786 gi|54 37472 37518
msp 328 s 283 90.0 1 532 gi|4 24933 24982 746 gi|52 21306 21359
msp 330 s 270 78.8 1 532 gi|4 24933 24998 142 gi|19 1632 1694
msp 332 s 336 82.0 -1 532 gi|4 24933 24993 400 gi|32 14433 14492
msp 334 s 332 89.1 -1 532 gi|4 24933 24987 116 gi|17 13336 13388
msp 336 s 333 87.5 1 532 gi|4 24934 24981 300 gi|28 3043 3090
msp 338 s 313 89.9 -1 532 gi|4 24934 25012 74 gi|14 19300 19383
msp 340 s 253 84.0 -1 532 gi|4 24934 24983 448 gi|35 15119 15170
msp 342 s 291 81.0 1 532 gi|4 24935 24997 212 gi|22 5775 5835
msp 344 s 316 85.4 -1 532 gi|4 24935 24982 182 gi|20 22975 23022
msp 346 s 267 89.6 1 532 gi|4 24935 24982 182 gi|20 22906 22959
msp 348 s 252 89.4 -1 532 gi|4 24935 24981 665 gi|48 33427 33474
edge 211 s 0 0 48 532
edge 560 s 0 0 342 532
edge 576 s 0 0 532 51
edge 577 s 0 0 532 74
edge 578 s 0 0 532 98
edge 579 s 0 0 532 109
edge 580 s 0 0 532 116
edge 581 s 0 0 532 138
edge 582 s 0 0 532 142
edge 583 s 0 0 532 159
edge 584 s 0 0 532 182
edge 585 s 0 0 532 184
edge 586 s 0 0 532 212
edge 587 s 0 0 532 222
edge 588 s 0 0 532 266
edge 589 s 0 0 532 300
edge 590 s 0 0 532 327
edge 591 s 0 0 532 385
edge 592 s 0 0 532 398
edge 593 s 0 0 532 400
edge 594 s 0 0 532 448
edge 595 s 0 0 532 562
edge 596 s 0 0 532 563
edge 597 s 0 0 532 567
edge 598 s 0 0 532 609
edge 599 s 0 0 532 628
edge 600 s 0 0 532 665
edge 601 s 0 0 532 667
edge 602 s 0 0 532 668
edge 603 s 0 0 532 711
edge 604 s 0 0 532 746
edge 605 s 0 0 532 749
edge 606 s 0 0 532 762
edge 607 s 0 0 532 774
edge 608 s 0 0 532 775
edge 609 s 0 0 532 786
edge 610 s 0 0 532 842
edge 611 s 0 0 532 853
edge 612 s 0 0 532 862
edge 613 s 0 0 532 876
edge 614 s 0 0 532 909
edge 615 s 0 0 532 918
