frag gi|40 31633 33068
img_no 10
edge_no 7
msp 1401 s 262 78.3 -1 56 gi|12 28735 28872 548 gi|40 32000 32131
msp 1945 s 296 86.5 1 115 gi|17 8519 8637 548 gi|40 32956 33068
msp 1947 s 290 75.9 1 115 gi|17 8527 8642 548 gi|40 31989 32110
msp 2101 s 518 75.5 -1 129 gi|17 36565 37896 548 gi|40 31705 33042
msp 2103 s 300 78.6 -1 129 gi|17 36718 37119 548 gi|40 31633 32048
msp 3445 s 251 75.9 -1 321 gi|29 1912 2106 548 gi|40 32554 32737
msp 3983 p 260 71.3 -1 386 gi|31 32196 32303 548 gi|40 32011 32113
msp 4433 p 300 76.1 -1 490 gi|37 37847 38290 548 gi|40 31633 32061
msp 4435 s 313 75.5 -1 490 gi|37 37955 38244 548 gi|40 32519 32817
msp 4439 s 251 73.1 -1 491 gi|37 39338 39519 548 gi|40 32471 32652
edge 1879 s 0 0 56 548
edge 1910 s 0 0 548 115
edge 1911 s 0 0 548 129
edge 1912 s 0 0 548 321
edge 1913 P -1 71 548 386
edge 1914 P -1 76 548 490
edge 1915 s 0 0 548 491
