frag gi|40 35390 35528
img_no 5
flimg_no 1
edge_no 5
msp 1957 p 269 81.0 1 116 gi|17 13219 13371 549 gi|40 35390 35528
msp 3443 s 268 94.1 1 320 gi|29 466 499 549 gi|40 35496 35529
msp 3925 s 293 100.0 -1 380 gi|31 19734 19773 549 gi|40 35492 35529
msp 4494 s 269 94.1 1 549 gi|40 35496 35529 625 gi|45 32574 32607
msp 4496 s 251 94.1 1 549 gi|40 35496 35529 583 gi|43 21800 21833
edge 940 s 0 0 583 549
edge 956 s 0 0 625 549
edge 1017 s 0 0 320 549
edge 1265 P 1 81 116 549
edge 2773 s 0 0 380 549
