frag gi|41 34591 34814
img_no 36
edge_no 31
msp 309 s 420 87.1 -1 532 gi|4 24932 25016 563 gi|41 34591 34674
msp 761 s 303 89.4 -1 876 gi|6 36035 36081 563 gi|41 34626 34672
msp 963 s 296 84.3 -1 909 gi|8 687 737 563 gi|41 34626 34676
msp 1341 s 337 89.1 -1 51 gi|12 20061 20115 563 gi|41 34625 34678
msp 1835 s 300 84.5 -1 109 gi|16 34679 34736 563 gi|41 34617 34674
msp 1973 s 387 91.7 1 116 gi|17 13329 13388 563 gi|41 34615 34673
msp 2331 s 263 82.1 -1 159 gi|19 33103 33158 563 gi|41 34626 34678
msp 2383 s 302 92.0 1 159 gi|19 33187 33236 563 gi|41 34624 34675
msp 2487 s 255 85.1 1 182 gi|20 22976 23022 563 gi|41 34625 34671
msp 2557 s 266 88.4 1 184 gi|20 30545 30587 563 gi|41 34628 34671
msp 2859 s 334 87.2 -1 212 gi|22 5775 5821 563 gi|41 34625 34671
msp 2951 s 312 89.4 1 222 gi|22 31676 31722 563 gi|41 34626 34672
msp 2981 s 255 83.3 1 224 gi|22 36468 36521 563 gi|41 34618 34671
msp 3133 s 406 92.5 1 266 gi|25 9582 9634 563 gi|41 34622 34674
msp 3487 s 333 89.8 -1 327 gi|29 8258 8306 563 gi|41 34625 34673
msp 3617 s 281 91.5 -1 300 gi|28 3043 3089 563 gi|41 34626 34672
msp 3947 s 322 85.6 -1 385 gi|31 31933 32112 563 gi|41 34626 34814
msp 4157 s 284 84.8 1 400 gi|32 14445 14503 563 gi|41 34626 34682
msp 4538 s 300 80.3 -1 563 gi|41 34612 34672 711 gi|50 31989 32054
msp 4540 s 391 88.9 -1 563 gi|41 34614 34676 628 gi|45 39345 39409
msp 4542 s 358 85.2 1 563 gi|41 34620 34673 567 gi|42 15823 15876
msp 4544 s 312 91.1 -1 563 gi|41 34620 34675 842 gi|58 10172 10228
msp 4546 s 331 88.7 -1 563 gi|41 34622 34674 853 gi|58 39542 39596
msp 4548 s 375 85.6 1 563 gi|41 34623 34761 564 gi|42 11793 11930
msp 4550 s 338 88.0 1 563 gi|41 34623 34672 668 gi|49 2502 2551
msp 4552 s 355 86.3 1 563 gi|41 34624 34674 853 gi|58 39608 39658
msp 4554 s 299 83.6 1 563 gi|41 34624 34684 667 gi|49 1509 1571
msp 4556 s 394 92.5 -1 563 gi|41 34625 34677 749 gi|52 28120 28173
msp 4558 s 352 88.0 -1 563 gi|41 34625 34674 567 gi|42 15888 15937
msp 4560 s 297 91.7 -1 563 gi|41 34626 34673 746 gi|52 21306 21357
msp 4562 s 264 87.2 1 563 gi|41 34626 34672 628 gi|45 39414 39465
msp 4564 s 344 86.0 1 563 gi|41 34626 34675 762 gi|53 13105 13154
msp 4566 s 286 91.8 -1 563 gi|41 34626 34674 609 gi|44 27198 27247
msp 4568 s 284 81.6 1 563 gi|41 34626 34674 775 gi|54 9570 9618
msp 4570 s 272 93.9 -1 563 gi|41 34626 34674 774 gi|54 7963 8013
msp 4572 s 296 83.3 1 563 gi|41 34627 34674 609 gi|44 27266 27313
edge 596 s 0 0 532 563
edge 648 s 0 0 775 563
edge 701 s 0 0 564 563
edge 881 s 0 0 300 563
edge 988 s 0 0 109 563
edge 1267 s 0 0 116 563
edge 1303 s 0 0 182 563
edge 1329 s 0 0 184 563
edge 1360 s 0 0 212 563
edge 1384 s 0 0 224 563
edge 1408 s 0 0 266 563
edge 1476 s 0 0 746 563
edge 1498 s 0 0 749 563
edge 1520 s 0 0 762 563
edge 1547 s 0 0 853 563
edge 1631 s 0 0 51 563
edge 1664 s 0 0 159 563
edge 1685 s 0 0 222 563
edge 1705 s 0 0 327 563
edge 1721 s 0 0 385 563
edge 1750 s 0 0 400 563
edge 1776 s 0 0 563 567
edge 1777 s 0 0 563 609
edge 1778 s 0 0 563 628
edge 1779 s 0 0 563 667
edge 1780 s 0 0 563 668
edge 1781 s 0 0 563 711
edge 1782 s 0 0 563 774
edge 1783 s 0 0 563 842
edge 1784 s 0 0 563 876
edge 1785 s 0 0 563 909
