frag gi|42 11762 12033
img_no 46
edge_no 41
msp 557 s 275 94.4 1 862 gi|6 3758 3828 564 gi|42 11796 11860
msp 731 s 310 91.7 -1 876 gi|6 36035 36082 564 gi|42 11795 11843
msp 957 s 305 90.0 -1 909 gi|8 686 735 564 gi|42 11799 11850
msp 1331 s 401 85.7 -1 51 gi|12 20043 20112 564 gi|42 11799 11867
msp 1459 s 264 89.6 -1 60 gi|12 39632 39679 564 gi|42 11796 11844
msp 1481 s 262 88.1 1 68 gi|14 26 67 564 gi|42 11804 11849
msp 1521 s 256 94.5 1 74 gi|14 19332 19386 564 gi|42 11795 11846
msp 1649 s 294 90.0 1 91 gi|15 21064 21113 564 gi|42 11796 11846
msp 1811 s 387 86.4 -1 109 gi|16 34672 34730 564 gi|42 11793 11852
msp 1965 s 444 91.3 1 116 gi|17 13316 13419 564 gi|42 11767 11876
msp 2179 s 267 85.7 -1 142 gi|19 1632 1680 564 gi|42 11795 11844
msp 2337 s 282 81.1 -1 159 gi|19 33107 33159 564 gi|42 11795 11848
msp 2373 s 309 94.8 1 159 gi|19 33178 33235 564 gi|42 11782 11845
msp 2459 s 251 90.6 -1 182 gi|20 22906 22958 564 gi|42 11795 11842
msp 2831 s 364 93.9 -1 212 gi|22 5770 5818 564 gi|42 11799 11846
msp 2919 s 347 95.8 1 222 gi|22 31675 31722 564 gi|42 11795 11843
msp 2999 s 283 91.5 1 224 gi|22 36474 36520 564 gi|42 11796 11839
msp 3125 s 388 94.2 1 266 gi|25 9569 9637 564 gi|42 11778 11849
msp 3461 s 287 82.2 -1 327 gi|29 8062 8303 564 gi|42 11799 12033
msp 3613 s 320 90.2 -1 300 gi|28 3043 3103 564 gi|42 11782 11843
msp 3951 s 303 79.3 -1 385 gi|31 32003 32113 564 gi|42 11795 11900
msp 4129 s 347 81.9 1 400 gi|32 14402 14495 564 gi|42 11762 11847
msp 4257 s 264 87.8 1 448 gi|35 15122 15170 564 gi|42 11797 11843
msp 4459 s 273 90.4 1 492 gi|37 39720 39771 564 gi|42 11796 11850
msp 4531 s 305 92.0 -1 562 gi|41 32226 32275 564 gi|42 11793 11842
msp 4549 s 375 85.6 1 563 gi|41 34623 34761 564 gi|42 11793 11930
msp 4618 s 277 84.2 1 564 gi|42 11763 11844 672 gi|49 15238 15323
msp 4620 p 301 83.6 -1 564 gi|42 11778 11972 609 gi|44 27091 27270
msp 4622 s 277 92.7 1 564 gi|42 11788 11842 665 gi|48 33411 33474
msp 4624 s 373 85.3 1 564 gi|42 11790 11857 668 gi|49 2499 2566
msp 4626 s 338 96.2 -1 564 gi|42 11793 11844 628 gi|45 39348 39401
msp 4628 s 253 86.3 1 564 gi|42 11794 11844 667 gi|49 1509 1560
msp 4630 s 304 91.9 -1 564 gi|42 11794 11855 853 gi|58 39532 39594
msp 4632 s 400 93.7 1 564 gi|42 11795 11857 762 gi|53 13104 13165
msp 4634 s 398 96.5 -1 564 gi|42 11795 11851 746 gi|52 21300 21358
msp 4636 s 305 90.5 -1 564 gi|42 11795 11857 774 gi|54 7950 8014
msp 4638 s 284 80.4 1 564 gi|42 11795 11850 775 gi|54 9569 9623
msp 4640 s 260 89.8 1 564 gi|42 11795 11843 628 gi|45 39413 39465
msp 4642 s 253 89.4 -1 564 gi|42 11796 11842 681 gi|49 32854 32900
msp 4644 s 317 89.4 1 564 gi|42 11797 11843 609 gi|44 27265 27311
msp 4646 s 389 100.0 -1 564 gi|42 11799 11844 749 gi|52 28124 28170
msp 4648 s 347 93.3 1 564 gi|42 11799 11843 853 gi|58 39612 39656
msp 4650 s 308 87.2 -1 564 gi|42 11799 11845 711 gi|50 31987 32034
msp 4652 p 192 86.0 1 564 gi|42 11818 11859 962 gi|45 28705 28752
msp 4654 p 257 79.8 1 564 gi|42 11811 11988 767 gi|53 18910 19084
msp 4656 s 268 96.9 -1 564 gi|42 11818 11849 775 gi|54 9528 9559
edge 649 s 0 0 775 564
edge 679 s 0 0 68 564
edge 681 s 0 0 564 51
edge 682 s 0 0 564 60
edge 683 s 0 0 564 74
edge 684 s 0 0 564 91
edge 685 s 0 0 564 109
edge 686 s 0 0 564 116
edge 687 s 0 0 564 142
edge 688 s 0 0 564 159
edge 689 s 0 0 564 182
edge 690 s 0 0 564 212
edge 691 s 0 0 564 222
edge 692 s 0 0 564 224
edge 693 s 0 0 564 266
edge 694 s 0 0 564 300
edge 695 s 0 0 564 327
edge 696 s 0 0 564 385
edge 697 s 0 0 564 400
edge 698 s 0 0 564 448
edge 699 s 0 0 564 492
edge 700 s 0 0 564 562
edge 701 s 0 0 564 563
edge 702 p -1 82 564 609
edge 703 s 0 0 564 628
edge 704 s 0 0 564 665
edge 705 s 0 0 564 667
edge 706 s 0 0 564 668
edge 707 s 0 0 564 672
edge 708 s 0 0 564 681
edge 709 s 0 0 564 711
edge 710 s 0 0 564 746
edge 711 s 0 0 564 749
edge 712 s 0 0 564 762
edge 713 P 1 79 564 767
edge 714 s 0 0 564 774
edge 715 s 0 0 564 853
edge 716 s 0 0 564 862
edge 717 s 0 0 564 876
edge 718 s 0 0 564 909
edge 728 P 1 86 962 564
