frag gi|42 21926 23369
img_no 9
edge_no 7
msp 457 s 284 76.9 1 693 gi|5 19426 19888 569 gi|42 22039 22507
msp 469 s 291 73.4 1 693 gi|5 19467 19714 569 gi|42 22938 23188
msp 685 p 1572 77.8 1 874 gi|6 31970 33286 569 gi|42 21926 23229
msp 687 s 706 77.9 1 874 gi|6 32085 32568 569 gi|42 22867 23369
msp 699 p 475 75.1 1 875 gi|6 32923 34242 569 gi|42 22005 23345
msp 3177 s 252 81.5 1 266 gi|25 10250 10352 569 gi|42 22594 22691
msp 3427 s 264 82.0 -1 319 gi|29 139 393 569 gi|42 22070 22318
msp 4373 p 273 75.1 -1 508 gi|38 35356 36077 569 gi|42 22036 22766
msp 4700 s 293 80.6 -1 569 gi|42 22571 22668 783 gi|54 27070 27167
edge 1410 s 0 0 266 569
edge 1925 s 0 0 693 569
edge 1937 s 0 0 783 569
edge 1956 p 1 77 874 569
edge 2002 s 0 0 319 569
edge 2005 P -1 75 508 569
edge 2007 p 1 75 569 875
