frag gi|42 23531 23925
img_no 5
flimg_no 1
edge_no 5
msp 697 s 465 77.2 1 874 gi|6 32531 32841 570 gi|42 23608 23931
msp 709 p 316 78.3 1 875 gi|6 33303 33699 570 gi|42 23531 23924
msp 4702 p 295 79.0 -1 570 gi|42 23637 23926 845 gi|58 22625 22896
msp 4704 p 299 75.0 -1 570 gi|42 23716 23879 754 gi|52 39733 39884
msp 4706 s 269 74.8 -1 570 gi|42 23790 23912 783 gi|54 26993 27124
edge 1938 s 0 0 783 570
edge 1957 s 0 0 874 570
edge 2008 P -1 75 570 754
edge 2009 P -1 79 570 845
edge 2010 P 1 78 570 875
