frag gi|13 11627 14534
img_no 6
edge_no 6
msp 2710 s 1074 77.9 1 61 gi|13 11627 14056 822 gi|56 5718 8175
msp 2712 s 21936 97.4 1 61 gi|13 11782 14510 155 gi|19 22225 24966
msp 2714 s 1338 76.9 -1 61 gi|13 11841 14056 640 gi|47 714 3044
msp 2716 s 1354 76.7 1 61 gi|13 11878 14056 288 gi|26 30717 32979
msp 2718 s 22120 99.2 -1 61 gi|13 11967 14534 772 gi|53 37214 39813
msp 2720 s 22180 99.9 1 61 gi|13 11972 14427 883 gi|60 28998 31457
edge 2149 s 0 0 61 155
edge 2150 s 0 0 61 288
edge 2151 s 0 0 61 640
edge 2152 s 0 0 61 772
edge 2153 s 0 0 61 822
edge 2154 s 0 0 61 883
