frag gi|44 38522 38625
img_no 13
flimg_no 1
edge_no 5
msp 3813 s 263 81.1 -1 369 gi|31 766 818 614 gi|44 38572 38623
msp 3815 s 270 82.2 1 369 gi|31 772 816 614 gi|44 38580 38624
msp 3855 p 359 88.7 1 376 gi|31 14359 14455 614 gi|44 38524 38624
msp 3869 s 297 76.1 -1 376 gi|31 14396 14462 614 gi|44 38567 38632
msp 3893 s 339 87.7 -1 379 gi|31 15652 15724 614 gi|44 38561 38629
msp 3897 s 300 79.2 1 379 gi|31 15657 15709 614 gi|44 38572 38624
msp 3903 s 306 77.3 1 379 gi|31 15705 15770 614 gi|44 38561 38624
msp 3911 s 323 80.5 1 379 gi|31 15744 15830 614 gi|44 38543 38623
msp 4764 p 342 79.5 -1 614 gi|44 38520 38628 1072 gi|54 14918 15041
msp 4766 p 279 86.2 -1 614 gi|44 38559 38623 836 gi|57 8502 8567
msp 4768 s 282 79.4 1 614 gi|44 38561 38623 1072 gi|54 14969 15033
msp 4770 s 275 76.3 1 614 gi|44 38569 38624 1072 gi|54 14918 14973
msp 4772 s 282 92.0 1 614 gi|44 38568 38617 836 gi|57 8494 8545
edge 2845 s 0 0 369 614
edge 2850 S 1 88 614 376
edge 2851 s 0 0 614 379
edge 2853 S -1 86 614 836
edge 2864 P -1 79 1072 614
