frag gi|45 13958 14144
img_no 6
edge_no 5
msp 1441 s 258 79.4 -1 59 gi|12 37016 37122 618 gi|45 13966 14068
msp 2229 s 321 68.5 1 1000 gi|19 20268 20375 618 gi|45 13958 14067
msp 2249 s 265 83.8 1 1000 gi|19 20418 20567 618 gi|45 13994 14134
msp 3285 s 289 74.4 1 250 gi|24 21166 21243 618 gi|45 13998 14075
msp 4349 s 429 79.1 1 498 gi|38 6636 6721 618 gi|45 13984 14070
msp 4774 s 479 85.8 -1 618 gi|45 13994 14099 684 gi|49 39075 39173
edge 1592 s 0 0 250 618
edge 2065 s 0 0 59 618
edge 2087 s 0 0 618 498
edge 2088 s 0 0 618 684
edge 2134 s 0 0 1000 618
