frag gi|48 33409 33582
img_no 16
edge_no 15
msp 349 s 252 89.4 -1 532 gi|4 24935 24981 665 gi|48 33427 33474
msp 1525 s 250 86.4 1 74 gi|14 19332 19390 665 gi|48 33427 33482
msp 2037 s 283 95.5 1 116 gi|17 13343 13386 665 gi|48 33431 33474
msp 2519 s 307 92.9 -1 184 gi|20 30463 30518 665 gi|48 33421 33475
msp 2551 s 363 95.8 1 184 gi|20 30542 30589 665 gi|48 33428 33476
msp 2847 s 254 86.6 -1 212 gi|22 5774 5840 665 gi|48 33416 33475
msp 2931 s 269 85.2 1 222 gi|22 31675 31755 665 gi|48 33427 33517
msp 4405 p 275 81.4 1 480 gi|37 16384 16453 665 gi|48 33428 33499
msp 4419 s 305 89.5 -1 486 gi|37 28159 28234 665 gi|48 33409 33488
msp 4483 s 281 79.0 1 516 gi|39 21301 21381 665 gi|48 33428 33501
msp 4623 s 277 92.7 1 564 gi|42 11788 11842 665 gi|48 33411 33474
msp 4849 p 373 82.1 1 634 gi|46 29046 29129 665 gi|48 33421 33509
msp 4878 s 269 83.9 -1 665 gi|48 33427 33482 746 gi|52 21300 21358
msp 4880 s 254 88.6 -1 665 gi|48 33431 33474 749 gi|52 28126 28170
msp 4882 s 259 83.5 1 665 gi|48 33431 33582 853 gi|58 39612 39760
msp 4884 s 285 91.5 1 665 gi|48 33432 33478 796 gi|55 22486 22535
edge 600 s 0 0 532 665
edge 704 s 0 0 564 665
edge 1271 s 0 0 116 665
edge 1334 s 0 0 184 665
edge 1365 s 0 0 212 665
edge 1458 s 0 0 516 665
edge 1480 s 0 0 746 665
edge 1502 s 0 0 749 665
edge 1529 s 0 0 796 665
edge 1551 s 0 0 853 665
edge 1690 s 0 0 222 665
edge 1862 P 1 81 480 665
edge 2268 s 0 0 74 665
edge 2279 s 0 0 665 486
edge 2280 P 1 82 665 634
