frag gi|49 23844 24036
img_no 7
edge_no 6
msp 1541 s 294 85.2 -1 79 gi|15 3029 3082 678 gi|49 23913 23965
msp 3265 s 473 84.7 -1 249 gi|24 19860 19983 678 gi|49 23844 23970
msp 3267 s 421 85.6 1 249 gi|24 19861 19971 678 gi|49 23857 23968
msp 4401 p 343 85.1 -1 478 gi|37 13561 13654 678 gi|49 23919 24019
msp 4928 p 236 88.5 1 678 gi|49 23911 23968 935 gi|58 13807 13856
msp 4930 s 264 81.5 -1 678 gi|49 23918 24036 796 gi|55 22414 22530
msp 4932 s 306 86.4 -1 678 gi|49 23922 24031 701 gi|50 1905 2000
edge 240 s 0 0 79 678
edge 250 s 0 0 249 678
edge 302 S 1 88 935 678
edge 1465 s 0 0 701 678
edge 1530 s 0 0 796 678
edge 2766 P -1 85 478 678
