frag gi|5 1854 2103
img_no 7
edge_no 6
msp 410 p 261 73.2 1 685 gi|5 1854 1976 623 gi|45 30998 31112
msp 412 s 316 80.5 -1 685 gi|5 1897 1978 59 gi|12 36897 36973
msp 414 s 298 80.0 1 685 gi|5 1898 1977 624 gi|45 31369 31443
msp 416 s 329 81.0 1 685 gi|5 1900 1983 623 gi|45 30935 31013
msp 418 s 281 73.7 1 685 gi|5 1901 1976 1000 gi|19 20418 20493
msp 420 s 315 82.1 1 685 gi|5 1913 1968 1002 gi|49 19782 19837
msp 422 s 255 81.2 1 685 gi|5 1913 2103 1004 gi|17 36072 36264
edge 1613 s 0 0 624 685
edge 2067 s 0 0 59 685
edge 2089 p 1 73 623 685
edge 2137 s 0 0 1000 685
edge 2190 s 0 0 1002 685
edge 2198 s 0 0 1004 685
