frag gi|5 12864 13006
img_no 8
flimg_no 1
edge_no 6
msp 41 s 255 83.3 1 6 gi|1 21334 21393 688 gi|5 12954 13010
msp 424 p 263 78.3 -1 688 gi|5 12864 13006 657 gi|47 37172 37303
msp 426 s 305 82.3 1 688 gi|5 12942 13009 868 gi|6 14373 14438
msp 428 s 261 83.9 1 688 gi|5 12945 13006 657 gi|47 37139 37204
msp 430 p 261 90.2 1 688 gi|5 12956 13006 626 gi|45 34461 34506
msp 432 p 267 82.7 -1 688 gi|5 12957 13008 962 gi|45 28707 28758
msp 434 s 251 84.2 -1 688 gi|5 12969 13006 868 gi|6 14403 14440
msp 436 s 280 94.3 -1 688 gi|5 12971 13005 173 gi|20 1912 1946
edge 265 P -1 78 657 688
edge 573 s 0 0 173 688
edge 619 S 1 90 626 688
edge 670 s 0 0 6 688
edge 677 s 0 0 688 868
edge 730 S -1 82 962 688
