frag gi|52 11242 11526
img_no 10
edge_no 10
msp 199 s 269 79.2 -1 936 gi|3 16478 16525 738 gi|52 11454 11501
msp 861 s 281 76.7 -1 949 gi|7 22208 22267 738 gi|52 11450 11508
msp 1165 s 346 83.3 -1 25 gi|10 23598 23651 738 gi|52 11455 11508
msp 1575 s 266 93.9 1 87 gi|15 16650 16682 738 gi|52 11461 11493
msp 3037 s 296 82.0 1 229 gi|23 3411 3488 738 gi|52 11437 11507
msp 3085 p 254 79.0 -1 241 gi|23 34010 34262 738 gi|52 11242 11500
msp 4303 s 313 95.3 -1 461 gi|36 5923 5965 738 gi|52 11453 11497
msp 4607 p 288 78.5 -1 586 gi|43 32557 32649 738 gi|52 11437 11526
msp 4857 s 414 82.3 -1 700 gi|50 1698 1765 738 gi|52 11434 11501
msp 4961 s 246 84.1 -1 956 gi|51 37351 37412 738 gi|52 11455 11508
edge 53 s 0 0 25 738
edge 157 s 0 0 700 738
edge 221 s 0 0 229 738
edge 224 s 0 0 461 738
edge 233 s 0 0 87 738
edge 235 p -1 79 738 241
edge 236 S -1 78 738 586
edge 323 s 0 0 936 738
edge 459 s 0 0 949 738
edge 513 s 0 0 956 738
