frag gi|52 27917 28218
img_no 45
edge_no 38
msp 297 s 351 92.0 1 532 gi|4 24931 24980 749 gi|52 28122 28172
msp 539 s 274 89.7 -1 862 gi|6 3753 3810 749 gi|52 28121 28177
msp 767 s 303 89.8 1 876 gi|6 36035 36083 749 gi|52 28125 28174
msp 799 s 252 88.0 -1 876 gi|6 36094 36210 749 gi|52 28044 28174
msp 969 s 319 91.8 1 909 gi|8 689 737 749 gi|52 28123 28172
msp 1343 s 376 94.4 1 51 gi|12 20062 20115 749 gi|52 28120 28173
msp 1463 s 257 87.8 1 60 gi|12 39632 39680 749 gi|52 28124 28173
msp 1651 s 291 92.6 -1 91 gi|15 21064 21117 749 gi|52 28118 28172
msp 1815 s 322 88.5 1 109 gi|16 34675 34726 749 gi|52 28119 28172
msp 1983 s 409 98.0 -1 116 gi|17 13338 13388 749 gi|52 28124 28175
msp 2173 s 299 81.3 1 142 gi|19 1629 1719 749 gi|52 28121 28218
msp 2327 s 310 84.6 1 159 gi|19 33100 33164 749 gi|52 28114 28177
msp 2385 s 314 97.9 -1 159 gi|19 33188 33234 749 gi|52 28124 28173
msp 2433 s 273 86.7 1 182 gi|20 22861 22965 749 gi|52 28085 28179
msp 2481 s 287 88.9 -1 182 gi|20 22969 23022 749 gi|52 28126 28179
msp 2555 s 275 100.0 -1 184 gi|20 30545 30587 749 gi|52 28126 28170
msp 2829 s 376 90.6 1 212 gi|22 5770 5822 749 gi|52 28121 28174
msp 2933 s 343 96.1 -1 222 gi|22 31676 31726 749 gi|52 28122 28172
msp 3127 s 390 96.8 -1 266 gi|25 9573 9635 749 gi|52 28122 28180
msp 3409 p 285 80.0 1 296 gi|27 27465 27664 749 gi|52 27917 28110
msp 3467 s 365 83.5 1 327 gi|29 8220 8310 749 gi|52 28088 28177
msp 3595 s 312 87.7 1 300 gi|28 3043 3099 749 gi|52 28125 28182
msp 3965 s 394 85.9 1 385 gi|31 32058 32128 749 gi|52 28117 28187
msp 4109 s 262 85.0 -1 398 gi|32 11275 11334 749 gi|52 28114 28174
msp 4141 s 330 86.2 -1 400 gi|32 14438 14502 749 gi|52 28113 28178
msp 4249 s 256 86.0 -1 448 gi|35 15114 15170 749 gi|52 28125 28181
msp 4515 s 334 79.3 -1 562 gi|41 32200 32402 749 gi|52 27986 28173
msp 4529 s 328 91.5 1 562 gi|41 32226 32272 749 gi|52 28126 28172
msp 4557 s 394 92.5 -1 563 gi|41 34625 34677 749 gi|52 28120 28173
msp 4647 s 389 100.0 -1 564 gi|42 11799 11844 749 gi|52 28124 28170
msp 4669 s 316 89.8 -1 567 gi|42 15828 15876 749 gi|52 28124 28173
msp 4681 s 318 86.2 1 567 gi|42 15873 15937 749 gi|52 28106 28173
msp 4739 s 272 89.7 1 609 gi|44 27196 27253 749 gi|52 28121 28178
msp 4751 s 267 87.5 -1 609 gi|44 27266 27321 749 gi|52 28113 28171
msp 4815 s 371 96.2 1 628 gi|45 39347 39399 749 gi|52 28123 28173
msp 4869 s 329 89.8 1 711 gi|50 31989 32037 749 gi|52 28125 28173
msp 4881 s 254 88.6 -1 665 gi|48 33431 33474 749 gi|52 28126 28170
msp 4891 s 338 92.2 -1 668 gi|49 2504 2554 749 gi|52 28122 28173
msp 4917 s 279 95.9 -1 672 gi|49 15276 15324 749 gi|52 28123 28172
msp 4988 s 306 81.7 1 749 gi|52 28112 28204 842 gi|58 10158 10256
msp 4990 s 294 94.2 1 749 gi|52 28121 28172 853 gi|58 39540 39592
msp 4992 s 367 92.3 -1 749 gi|52 28122 28173 853 gi|58 39609 39659
msp 4994 s 348 85.2 -1 749 gi|52 28122 28182 775 gi|54 9560 9619
msp 4996 s 311 94.0 1 749 gi|52 28123 28172 774 gi|54 7963 8013
msp 4998 s 363 91.9 -1 749 gi|52 28124 28185 762 gi|53 13092 13152
edge 605 s 0 0 532 749
edge 655 s 0 0 775 749
edge 711 s 0 0 564 749
edge 889 s 0 0 300 749
edge 997 s 0 0 109 749
edge 1225 s 0 0 672 749
edge 1247 s 0 0 91 749
edge 1278 s 0 0 116 749
edge 1311 s 0 0 182 749
edge 1338 s 0 0 184 749
edge 1370 s 0 0 212 749
edge 1417 s 0 0 266 749
edge 1486 s 0 0 749 51
edge 1487 s 0 0 749 60
edge 1488 s 0 0 749 142
edge 1489 s 0 0 749 159
edge 1490 s 0 0 749 222
edge 1491 P 1 80 749 296
edge 1492 s 0 0 749 327
edge 1493 s 0 0 749 385
edge 1494 s 0 0 749 398
edge 1495 s 0 0 749 400
edge 1496 s 0 0 749 448
edge 1497 s 0 0 749 562
edge 1498 s 0 0 749 563
edge 1499 s 0 0 749 567
edge 1500 s 0 0 749 609
edge 1501 s 0 0 749 628
edge 1502 s 0 0 749 665
edge 1503 s 0 0 749 668
edge 1504 s 0 0 749 711
edge 1505 s 0 0 749 762
edge 1506 s 0 0 749 774
edge 1507 s 0 0 749 842
edge 1508 s 0 0 749 853
edge 1509 s 0 0 749 862
edge 1510 s 0 0 749 876
edge 1511 s 0 0 749 909
