frag gi|53 13011 13190
img_no 29
edge_no 27
msp 279 s 347 86.2 -1 532 gi|4 24926 24983 762 gi|53 13102 13158
msp 773 s 273 82.3 -1 876 gi|6 36035 36102 762 gi|53 13084 13151
msp 943 s 274 81.7 -1 909 gi|8 678 737 762 gi|53 13105 13162
msp 1367 s 306 83.1 -1 51 gi|12 20066 20142 762 gi|53 13070 13152
msp 1847 s 259 85.1 -1 109 gi|16 34680 34726 762 gi|53 13105 13152
msp 2171 s 254 81.1 -1 142 gi|19 1629 1681 762 gi|53 13103 13156
msp 2319 p 291 72.7 -1 159 gi|19 33088 33237 762 gi|53 13011 13178
msp 2365 s 293 88.4 1 159 gi|19 33169 33237 762 gi|53 13089 13155
msp 2435 s 250 82.6 -1 182 gi|20 22868 23022 762 gi|53 13056 13190
msp 2839 s 316 88.0 -1 212 gi|22 5771 5820 762 gi|53 13105 13153
msp 2895 s 331 80.3 1 222 gi|22 31606 31722 762 gi|53 13047 13151
msp 3157 s 327 90.2 1 266 gi|25 9586 9636 762 gi|53 13105 13154
msp 3479 s 291 85.7 -1 327 gi|29 8257 8305 762 gi|53 13105 13153
msp 3587 s 278 87.9 -1 300 gi|28 3040 3097 762 gi|53 13098 13154
msp 3981 s 287 82.3 -1 385 gi|31 32065 32126 762 gi|53 13092 13152
msp 4127 s 276 80.8 1 400 gi|32 14398 14501 762 gi|53 13067 13161
msp 4565 s 344 86.0 1 563 gi|41 34626 34675 762 gi|53 13105 13154
msp 4633 s 400 93.7 1 564 gi|42 11795 11857 762 gi|53 13104 13165
msp 4673 s 254 79.6 1 567 gi|42 15829 15877 762 gi|53 13105 13153
msp 4699 s 263 83.7 -1 567 gi|42 15890 15938 762 gi|53 13103 13151
msp 4743 s 258 83.0 1 609 gi|44 27200 27311 762 gi|53 13055 13151
msp 4807 s 288 79.5 -1 628 gi|45 39340 39466 762 gi|53 13054 13160
msp 4899 s 311 87.7 1 668 gi|49 2505 2569 762 gi|53 13105 13168
msp 4921 s 268 88.4 1 672 gi|49 15276 15361 762 gi|53 13105 13182
msp 4983 s 319 92.7 -1 746 gi|52 21305 21359 762 gi|53 13103 13153
msp 4999 s 363 91.9 -1 749 gi|52 28124 28185 762 gi|53 13092 13152
msp 5004 s 285 81.4 1 762 gi|53 13055 13151 775 gi|54 9534 9616
msp 5006 s 291 86.3 -1 762 gi|53 13102 13152 774 gi|54 7964 8016
msp 5008 s 324 87.2 1 762 gi|53 13105 13151 853 gi|58 39610 39656
edge 606 s 0 0 532 762
edge 656 s 0 0 775 762
edge 712 s 0 0 564 762
edge 890 s 0 0 300 762
edge 998 s 0 0 109 762
edge 1227 s 0 0 672 762
edge 1312 s 0 0 182 762
edge 1371 s 0 0 212 762
edge 1418 s 0 0 266 762
edge 1481 s 0 0 746 762
edge 1505 s 0 0 749 762
edge 1513 s 0 0 762 51
edge 1514 s 0 0 762 142
edge 1515 P -1 72 762 159
edge 1516 s 0 0 762 222
edge 1517 s 0 0 762 327
edge 1518 s 0 0 762 385
edge 1519 s 0 0 762 400
edge 1520 s 0 0 762 563
edge 1521 s 0 0 762 567
edge 1522 s 0 0 762 609
edge 1523 s 0 0 762 628
edge 1524 s 0 0 762 668
edge 1525 s 0 0 762 774
edge 1526 s 0 0 762 853
edge 1527 s 0 0 762 876
edge 1528 s 0 0 762 909
