frag gi|53 37214 39902
img_no 6
edge_no 6
msp 2285 s 22166 100.0 -1 155 gi|19 22434 24876 772 gi|53 37364 39806
msp 2719 s 22120 99.2 -1 61 gi|13 11967 14534 772 gi|53 37214 39813
msp 3787 s 1395 77.5 -1 288 gi|26 30714 32979 772 gi|53 37726 39902
msp 4835 s 1439 77.7 1 640 gi|47 714 2819 772 gi|53 37726 39759
msp 5012 s 22177 99.9 -1 772 gi|53 37364 39819 883 gi|60 28984 31447
msp 5014 s 1363 76.8 -1 772 gi|53 37726 39810 822 gi|56 6006 8175
edge 2152 s 0 0 61 772
edge 2157 s 0 0 155 772
edge 2162 s 0 0 288 772
edge 2165 s 0 0 640 772
edge 2168 s 0 0 772 822
edge 2169 s 0 0 772 883
