frag gi|54 7947 8047
img_no 32
edge_no 31
msp 311 s 306 84.2 1 532 gi|4 24932 24988 774 gi|54 7963 8021
msp 541 s 334 84.8 -1 862 gi|6 3754 3812 774 gi|54 7958 8017
msp 793 s 256 93.2 -1 876 gi|6 36091 36149 774 gi|54 7966 8020
msp 953 s 304 87.0 1 909 gi|8 684 737 774 gi|54 7958 8013
msp 1351 s 367 87.5 1 51 gi|12 20064 20135 774 gi|54 7962 8034
msp 1807 s 277 87.7 1 109 gi|16 34670 34726 774 gi|54 7955 8013
msp 1975 s 299 90.6 -1 116 gi|17 13336 13388 774 gi|54 7964 8020
msp 2165 s 300 86.2 1 142 gi|19 1624 1688 774 gi|54 7957 8022
msp 2393 s 325 93.5 -1 159 gi|19 33189 33234 774 gi|54 7964 8013
msp 2475 s 254 85.5 -1 182 gi|20 22961 23022 774 gi|54 7966 8031
msp 2755 p 267 85.3 1 208 gi|22 1477 1544 774 gi|54 7964 8026
msp 2857 s 271 89.1 1 212 gi|22 5775 5820 774 gi|54 7966 8013
msp 2915 s 322 90.6 -1 222 gi|22 31674 31726 774 gi|54 7961 8015
msp 3151 s 300 89.8 -1 266 gi|25 9586 9634 774 gi|54 7963 8013
msp 3611 s 278 93.8 1 300 gi|28 3043 3090 774 gi|54 7965 8014
msp 3969 s 284 87.0 1 385 gi|31 32060 32113 774 gi|54 7958 8014
msp 4137 s 330 90.9 -1 400 gi|32 14436 14501 774 gi|54 7953 8024
msp 4181 s 261 90.5 1 409 gi|32 38600 38662 774 gi|54 7947 8017
msp 4253 s 315 82.7 -1 448 gi|35 15119 15170 774 gi|54 7965 8016
msp 4421 s 282 87.5 1 486 gi|37 28164 28219 774 gi|54 7958 8014
msp 4535 s 286 84.3 1 562 gi|41 32226 32308 774 gi|54 7966 8047
msp 4571 s 272 93.9 -1 563 gi|41 34626 34674 774 gi|54 7963 8013
msp 4637 s 305 90.5 -1 564 gi|42 11795 11857 774 gi|54 7950 8014
msp 4689 s 253 85.2 1 567 gi|42 15885 15938 774 gi|54 7959 8015
msp 4735 s 370 87.5 1 609 gi|44 27194 27249 774 gi|54 7959 8015
msp 4817 s 280 84.6 1 628 gi|45 39347 39398 774 gi|54 7963 8013
msp 4897 s 279 91.5 -1 668 gi|49 2505 2551 774 gi|54 7965 8013
msp 4981 s 252 88.1 1 746 gi|52 21301 21359 774 gi|54 7959 8015
msp 4997 s 311 94.0 1 749 gi|52 28123 28172 774 gi|54 7963 8013
msp 5007 s 291 86.3 -1 762 gi|53 13102 13152 774 gi|54 7964 8016
msp 5016 s 379 88.5 1 774 gi|54 7954 8014 853 gi|58 39535 39593
msp 5018 s 250 83.9 -1 774 gi|54 7963 8018 853 gi|58 39605 39658
edge 607 s 0 0 532 774
edge 714 s 0 0 564 774
edge 891 s 0 0 300 774
edge 999 s 0 0 109 774
edge 1280 s 0 0 116 774
edge 1313 s 0 0 182 774
edge 1372 s 0 0 212 774
edge 1419 s 0 0 266 774
edge 1482 s 0 0 746 774
edge 1506 s 0 0 749 774
edge 1525 s 0 0 762 774
edge 1554 s 0 0 853 774
edge 1637 s 0 0 51 774
edge 1650 s 0 0 142 774
edge 1671 s 0 0 159 774
edge 1693 s 0 0 222 774
edge 1726 s 0 0 385 774
edge 1757 s 0 0 400 774
edge 1773 s 0 0 562 774
edge 1782 s 0 0 563 774
edge 1797 s 0 0 567 774
edge 1810 s 0 0 609 774
edge 1819 s 0 0 628 774
edge 1827 s 0 0 668 774
edge 1841 S 1 84 774 208
edge 1842 s 0 0 774 409
edge 1843 s 0 0 774 448
edge 1844 s 0 0 774 486
edge 1845 s 0 0 774 862
edge 1846 s 0 0 774 876
edge 1847 s 0 0 774 909
