frag gi|54 9457 9639
img_no 44
edge_no 37
msp 137 s 252 96.7 -1 342 gi|3 1917 1946 775 gi|54 9595 9624
msp 285 s 390 86.0 -1 532 gi|4 24928 24984 775 gi|54 9566 9622
msp 537 s 324 87.9 1 862 gi|6 3753 3818 775 gi|54 9565 9629
msp 753 s 305 84.5 -1 876 gi|6 36035 36105 775 gi|54 9545 9616
msp 937 s 297 90.0 -1 909 gi|8 668 737 775 gi|54 9570 9645
msp 1055 s 250 82.7 -1 918 gi|8 31821 31872 775 gi|54 9569 9618
msp 1307 s 266 93.2 1 48 gi|12 7328 7371 775 gi|54 9570 9615
msp 1355 s 295 86.0 -1 51 gi|12 20065 20114 775 gi|54 9570 9618
msp 1511 s 262 93.5 1 74 gi|14 19327 19388 775 gi|54 9563 9620
msp 1709 s 325 87.0 -1 98 gi|16 3194 3247 775 gi|54 9565 9617
msp 1805 s 326 86.9 -1 109 gi|16 34666 34726 775 gi|54 9570 9629
msp 2015 s 254 83.0 1 116 gi|17 13341 13387 775 gi|54 9570 9616
msp 2131 s 284 88.3 -1 138 gi|18 29286 29345 775 gi|54 9569 9628
msp 2169 s 335 86.4 -1 142 gi|19 1627 1685 775 gi|54 9564 9620
msp 2335 s 422 86.2 -1 159 gi|19 33107 33323 775 gi|54 9457 9621
msp 2363 s 352 85.9 1 159 gi|19 33166 33264 775 gi|54 9550 9639
msp 2449 s 260 94.0 -1 182 gi|20 22904 22986 775 gi|54 9545 9617
msp 2467 s 398 90.7 1 182 gi|20 22948 23022 775 gi|54 9545 9615
msp 2599 p 255 87.7 1 196 gi|21 15697 15753 775 gi|54 9570 9639
msp 2821 s 288 75.4 -1 212 gi|22 5760 5820 775 gi|54 9570 9630
msp 2909 s 347 90.1 1 222 gi|22 31666 31736 775 gi|54 9561 9629
msp 3149 s 318 86.0 1 266 gi|25 9586 9635 775 gi|54 9570 9619
msp 3491 s 300 79.7 -1 327 gi|29 8259 8317 775 gi|54 9556 9616
msp 3607 s 391 88.5 -1 300 gi|28 3043 3120 775 gi|54 9545 9616
msp 3661 s 257 86.2 1 309 gi|28 20912 20969 775 gi|54 9561 9617
msp 3973 s 347 85.2 -1 385 gi|31 32063 32123 775 gi|54 9561 9619
msp 4101 s 288 85.5 1 398 gi|32 11259 11327 775 gi|54 9547 9618
msp 4139 s 362 90.7 1 400 gi|32 14437 14490 775 gi|54 9563 9615
msp 4527 s 288 88.0 -1 562 gi|41 32224 32273 775 gi|54 9569 9617
msp 4569 s 284 81.6 1 563 gi|41 34626 34674 775 gi|54 9570 9618
msp 4639 s 284 80.4 1 564 gi|42 11795 11850 775 gi|54 9569 9623
msp 4657 s 268 96.9 -1 564 gi|42 11818 11849 775 gi|54 9528 9559
msp 4675 s 345 91.5 1 567 gi|42 15829 15875 775 gi|54 9570 9616
msp 4683 s 289 85.9 -1 567 gi|42 15876 15946 775 gi|54 9561 9631
msp 4731 s 333 93.6 -1 609 gi|44 27187 27311 775 gi|54 9534 9633
msp 4747 s 317 89.7 1 609 gi|44 27238 27315 775 gi|54 9545 9620
msp 4805 s 312 91.7 1 628 gi|45 39326 39469 775 gi|54 9514 9620
msp 4819 s 267 93.3 -1 628 gi|45 39347 39465 775 gi|54 9534 9618
msp 4867 s 297 91.8 -1 711 gi|50 31988 32036 775 gi|54 9570 9617
msp 4895 s 399 92.3 1 668 gi|49 2505 2556 775 gi|54 9570 9621
msp 4995 s 348 85.2 -1 749 gi|52 28122 28182 775 gi|54 9560 9619
msp 5005 s 285 81.4 1 762 gi|53 13055 13151 775 gi|54 9534 9616
msp 5020 s 339 79.7 -1 775 gi|54 9497 9619 853 gi|58 39541 39691
msp 5022 s 267 81.3 1 775 gi|54 9545 9619 853 gi|58 39583 39659
edge 214 s 0 0 48 775
edge 567 s 0 0 342 775
edge 608 s 0 0 532 775
edge 628 s 0 0 775 51
edge 629 s 0 0 775 74
edge 630 s 0 0 775 98
edge 631 s 0 0 775 109
edge 632 s 0 0 775 116
edge 633 s 0 0 775 138
edge 634 s 0 0 775 142
edge 635 s 0 0 775 159
edge 636 s 0 0 775 182
edge 637 P 1 87 775 196
edge 638 s 0 0 775 212
edge 639 s 0 0 775 222
edge 640 s 0 0 775 266
edge 641 s 0 0 775 300
edge 642 s 0 0 775 309
edge 643 s 0 0 775 327
edge 644 s 0 0 775 385
edge 645 s 0 0 775 398
edge 646 s 0 0 775 400
edge 647 s 0 0 775 562
edge 648 s 0 0 775 563
edge 649 s 0 0 775 564
edge 650 s 0 0 775 567
edge 651 s 0 0 775 609
edge 652 s 0 0 775 628
edge 653 s 0 0 775 668
edge 654 s 0 0 775 711
edge 655 s 0 0 775 749
edge 656 s 0 0 775 762
edge 657 s 0 0 775 853
edge 658 s 0 0 775 862
edge 659 s 0 0 775 876
edge 660 s 0 0 775 909
edge 661 s 0 0 775 918
