frag gi|54 37444 37533
img_no 10
edge_no 9
msp 327 s 258 82.6 1 532 gi|4 24933 24978 786 gi|54 37472 37518
msp 1829 s 255 88.5 1 109 gi|16 34678 34729 786 gi|54 37470 37523
msp 2159 s 276 77.0 1 142 gi|19 1604 1677 786 gi|54 37444 37518
msp 2323 s 292 85.2 1 159 gi|19 33096 33156 786 gi|54 37458 37518
msp 2369 s 260 88.7 -1 159 gi|19 33174 33235 786 gi|54 37471 37533
msp 3609 s 319 86.8 1 300 gi|28 3043 3095 786 gi|54 37473 37526
msp 3967 s 274 82.7 1 385 gi|31 32059 32110 786 gi|54 37465 37518
msp 4163 s 315 86.0 -1 400 gi|32 14447 14496 786 gi|54 37468 37518
msp 4677 s 307 89.4 -1 567 gi|42 15831 15877 786 gi|54 37471 37518
msp 4887 s 265 87.8 -1 668 gi|49 2503 2551 786 gi|54 37473 37520
edge 609 s 0 0 532 786
edge 892 s 0 0 300 786
edge 1000 s 0 0 109 786
edge 1651 s 0 0 142 786
edge 1672 s 0 0 159 786
edge 1727 s 0 0 385 786
edge 1758 s 0 0 400 786
edge 1798 s 0 0 567 786
edge 1828 s 0 0 668 786
