frag gi|56 5718 8599
img_no 10
edge_no 10
msp 2093 s 252 86.3 1 1004 gi|17 36061 36133 822 gi|56 5761 5835
msp 2237 s 261 74.1 1 1000 gi|19 20312 20369 822 gi|56 5771 5828
msp 2279 s 1209 76.7 1 155 gi|19 22134 24514 822 gi|56 5718 8175
msp 2711 s 1074 77.9 1 61 gi|13 11627 14056 822 gi|56 5718 8175
msp 3791 s 23606 99.9 1 288 gi|26 30813 33413 822 gi|56 6009 8607
msp 4829 s 23593 100.0 -1 640 gi|47 290 2879 822 gi|56 6010 8599
msp 4877 p 324 86.9 1 658 gi|48 250 310 822 gi|56 8535 8599
msp 4923 s 263 84.8 1 1002 gi|49 19765 19843 822 gi|56 5759 5835
msp 5015 s 1363 76.8 -1 772 gi|53 37726 39810 822 gi|56 6006 8175
msp 5034 s 1455 77.8 1 822 gi|56 6070 8175 883 gi|60 29052 31085
edge 2141 s 0 0 1000 822
edge 2153 s 0 0 61 822
edge 2158 s 0 0 155 822
edge 2163 s 0 0 288 822
edge 2166 s 0 0 640 822
edge 2168 s 0 0 772 822
edge 2171 S 1 86 822 658
edge 2173 s 0 0 822 883
edge 2191 s 0 0 1002 822
edge 2199 s 0 0 1004 822
