frag gi|58 10129 10256
img_no 15
edge_no 14
msp 317 s 257 89.8 1 532 gi|4 24932 24980 842 gi|58 10173 10223
msp 955 s 275 86.8 1 909 gi|8 685 737 842 gi|58 10169 10223
msp 1467 s 257 89.8 1 60 gi|12 39632 39680 842 gi|58 10174 10224
msp 1801 s 260 83.6 1 109 gi|16 34660 34726 842 gi|58 10160 10223
msp 1967 s 258 87.7 -1 116 gi|17 13324 13388 842 gi|58 10174 10248
msp 2945 s 312 93.3 -1 222 gi|22 31676 31735 842 gi|58 10165 10223
msp 3139 s 273 81.6 -1 266 gi|25 9584 9670 842 gi|58 10130 10225
msp 4113 s 276 90.2 -1 398 gi|32 11277 11327 842 gi|58 10173 10223
msp 4457 s 277 92.3 -1 492 gi|37 39720 39771 842 gi|58 10170 10223
msp 4545 s 312 91.1 -1 563 gi|41 34620 34675 842 gi|58 10172 10228
msp 4661 s 299 91.5 -1 567 gi|42 15818 15876 842 gi|58 10174 10234
msp 4679 s 301 84.4 1 567 gi|42 15853 15942 842 gi|58 10129 10231
msp 4749 s 264 86.5 -1 609 gi|44 27262 27313 842 gi|58 10173 10226
msp 4813 s 274 93.1 1 628 gi|45 39347 39404 842 gi|58 10173 10229
msp 4989 s 306 81.7 1 749 gi|52 28112 28204 842 gi|58 10158 10256
edge 610 s 0 0 532 842
edge 1001 s 0 0 109 842
edge 1282 s 0 0 116 842
edge 1420 s 0 0 266 842
edge 1452 s 0 0 492 842
edge 1507 s 0 0 749 842
edge 1694 s 0 0 222 842
edge 1740 s 0 0 398 842
edge 1783 s 0 0 563 842
edge 1799 s 0 0 567 842
edge 1811 s 0 0 609 842
edge 1821 s 0 0 628 842
edge 1856 s 0 0 909 842
edge 2144 s 0 0 60 842
