frag gi|58 39360 39760
img_no 72
edge_no 45
msp 289 s 334 78.5 -1 532 gi|4 24929 24993 853 gi|58 39597 39661
msp 303 s 297 88.2 1 532 gi|4 24931 24981 853 gi|58 39541 39593
msp 559 s 296 87.7 -1 862 gi|6 3758 3814 853 gi|58 39536 39592
msp 613 s 284 84.6 -1 868 gi|6 14400 14490 853 gi|58 39483 39575
msp 715 s 506 82.8 -1 876 gi|6 36020 36188 853 gi|58 39500 39667
msp 739 s 405 87.8 1 876 gi|6 36035 36149 853 gi|58 39544 39655
msp 959 s 264 88.5 1 909 gi|8 686 737 853 gi|58 39539 39592
msp 1003 s 253 87.0 -1 909 gi|8 692 737 853 gi|58 39610 39655
msp 1321 s 286 76.1 1 51 gi|12 20015 20148 853 gi|58 39492 39622
msp 1357 s 331 82.9 -1 51 gi|12 20065 20140 853 gi|58 39587 39658
msp 1475 s 266 85.3 -1 60 gi|12 39634 39708 853 gi|58 39583 39655
msp 1527 s 258 96.2 1 74 gi|14 19333 19384 853 gi|58 39610 39657
msp 1825 s 273 88.0 1 109 gi|16 34677 34726 853 gi|58 39540 39592
msp 1837 s 304 83.9 -1 109 gi|16 34679 34740 853 gi|58 39597 39658
msp 1887 s 271 80.7 -1 114 gi|17 7008 7152 853 gi|58 39529 39674
msp 2001 s 396 95.8 1 116 gi|17 13340 13387 853 gi|58 39609 39656
msp 2019 s 307 95.8 -1 116 gi|17 13341 13388 853 gi|58 39543 39592
msp 2175 s 275 86.5 1 142 gi|19 1629 1680 853 gi|58 39540 39593
msp 2185 s 265 83.0 -1 142 gi|19 1633 1679 853 gi|58 39610 39656
msp 2341 s 456 86.5 1 159 gi|19 33108 33233 853 gi|58 39540 39656
msp 2347 s 494 84.9 -1 159 gi|19 33109 33234 853 gi|58 39543 39659
msp 2437 s 356 84.4 1 182 gi|20 22882 23022 853 gi|58 39511 39655
msp 2447 s 426 82.3 -1 182 gi|20 22904 23022 853 gi|58 39545 39657
msp 2513 s 398 88.9 1 184 gi|20 30462 30587 853 gi|58 39543 39655
msp 2523 s 255 85.3 -1 184 gi|20 30464 30647 853 gi|58 39473 39655
msp 2753 p 250 89.2 1 208 gi|22 1477 1541 853 gi|58 39543 39604
msp 2833 s 257 88.7 1 212 gi|22 5770 5831 853 gi|58 39540 39604
msp 2855 s 373 93.6 -1 212 gi|22 5775 5821 853 gi|58 39609 39655
msp 2921 s 289 89.6 -1 222 gi|22 31675 31780 853 gi|58 39499 39593
msp 2947 s 304 89.4 1 222 gi|22 31676 31722 853 gi|58 39610 39656
msp 3129 s 336 78.5 -1 266 gi|25 9578 9810 853 gi|58 39360 39600
msp 3131 s 403 88.9 1 266 gi|25 9581 9643 853 gi|58 39605 39670
msp 3493 s 279 83.3 -1 327 gi|29 8259 8312 853 gi|58 39602 39656
msp 3597 s 466 85.2 -1 300 gi|28 3043 3164 853 gi|58 39536 39656
msp 3599 s 300 82.9 1 300 gi|28 3043 3159 853 gi|58 39544 39659
msp 3669 s 263 88.0 -1 309 gi|28 20921 21012 853 gi|58 39487 39592
msp 3979 s 276 82.0 -1 385 gi|31 32063 32112 853 gi|58 39610 39659
msp 4149 s 286 86.8 -1 400 gi|32 14444 14496 853 gi|58 39539 39593
msp 4245 s 285 80.6 -1 448 gi|35 15104 15170 853 gi|58 39544 39607
msp 4317 p 273 77.5 -1 466 gi|36 20994 21113 853 gi|58 39501 39611
msp 4417 s 296 80.6 1 486 gi|37 28152 28223 853 gi|58 39526 39597
msp 4525 s 255 82.3 -1 562 gi|41 32224 32274 853 gi|58 39608 39657
msp 4547 s 331 88.7 -1 563 gi|41 34622 34674 853 gi|58 39542 39596
msp 4553 s 355 86.3 1 563 gi|41 34624 34674 853 gi|58 39608 39658
msp 4591 s 439 84.1 1 583 gi|43 21732 21844 853 gi|58 39538 39655
msp 4631 s 304 91.9 -1 564 gi|42 11794 11855 853 gi|58 39532 39594
msp 4649 s 347 93.3 1 564 gi|42 11799 11843 853 gi|58 39612 39656
msp 4665 s 264 84.3 -1 567 gi|42 15826 15876 853 gi|58 39543 39595
msp 4667 s 274 94.4 1 567 gi|42 15827 15880 853 gi|58 39608 39662
msp 4687 s 262 88.5 1 567 gi|42 15885 15936 853 gi|58 39539 39592
msp 4693 s 326 90.2 -1 567 gi|42 15887 15937 853 gi|58 39609 39659
msp 4727 s 647 89.0 1 609 gi|44 27160 27314 853 gi|58 39501 39659
msp 4729 s 416 89.2 -1 609 gi|44 27186 27314 853 gi|58 39541 39666
msp 4791 s 295 83.7 1 625 gi|45 32521 32618 853 gi|58 39560 39655
msp 4809 s 466 80.2 1 628 gi|45 39343 39468 853 gi|58 39538 39659
msp 4811 s 472 86.1 -1 628 gi|45 39347 39468 853 gi|58 39541 39658
msp 4863 s 250 86.4 -1 711 gi|50 31945 32010 853 gi|58 39545 39613
msp 4865 s 273 84.3 -1 711 gi|50 31984 32053 853 gi|58 39595 39662
msp 4883 s 259 83.5 1 665 gi|48 33431 33582 853 gi|58 39612 39760
msp 4893 s 284 84.3 1 668 gi|49 2504 2554 853 gi|58 39609 39659
msp 4901 s 277 86.7 -1 668 gi|49 2505 2564 853 gi|58 39532 39592
msp 4909 s 278 88.4 1 672 gi|49 15154 15196 853 gi|58 39545 39588
msp 4941 s 255 91.2 -1 683 gi|49 37165 37198 853 gi|58 39634 39667
msp 4979 s 265 86.4 1 746 gi|52 21262 21408 853 gi|58 39496 39636
msp 4985 s 309 92.5 -1 746 gi|52 21308 21387 853 gi|58 39584 39655
msp 4991 s 294 94.2 1 749 gi|52 28121 28172 853 gi|58 39540 39592
msp 4993 s 367 92.3 -1 749 gi|52 28122 28173 853 gi|58 39609 39659
msp 5009 s 324 87.2 1 762 gi|53 13105 13151 853 gi|58 39610 39656
msp 5017 s 379 88.5 1 774 gi|54 7954 8014 853 gi|58 39535 39593
msp 5019 s 250 83.9 -1 774 gi|54 7963 8018 853 gi|58 39605 39658
msp 5021 s 339 79.7 -1 775 gi|54 9497 9619 853 gi|58 39541 39691
msp 5023 s 267 81.3 1 775 gi|54 9545 9619 853 gi|58 39583 39659
edge 611 s 0 0 532 853
edge 626 s 0 0 683 853
edge 657 s 0 0 775 853
edge 715 s 0 0 564 853
edge 721 s 0 0 868 853
edge 831 s 0 0 114 853
edge 893 s 0 0 300 853
edge 945 s 0 0 583 853
edge 959 s 0 0 625 853
edge 1002 s 0 0 109 853
edge 1229 s 0 0 672 853
edge 1283 s 0 0 116 853
edge 1314 s 0 0 182 853
edge 1340 s 0 0 184 853
edge 1373 s 0 0 212 853
edge 1421 s 0 0 266 853
edge 1483 s 0 0 746 853
edge 1508 s 0 0 749 853
edge 1526 s 0 0 762 853
edge 1532 s 0 0 853 51
edge 1533 s 0 0 853 60
edge 1534 s 0 0 853 74
edge 1535 s 0 0 853 142
edge 1536 s 0 0 853 159
edge 1537 P 1 88 853 208
edge 1538 s 0 0 853 222
edge 1539 s 0 0 853 309
edge 1540 s 0 0 853 327
edge 1541 s 0 0 853 385
edge 1542 s 0 0 853 400
edge 1543 s 0 0 853 448
edge 1544 P -1 77 853 466
edge 1545 s 0 0 853 486
edge 1546 s 0 0 853 562
edge 1547 s 0 0 853 563
edge 1548 s 0 0 853 567
edge 1549 s 0 0 853 609
edge 1550 s 0 0 853 628
edge 1551 s 0 0 853 665
edge 1552 s 0 0 853 668
edge 1553 s 0 0 853 711
edge 1554 s 0 0 853 774
edge 1555 s 0 0 853 862
edge 1556 s 0 0 853 876
edge 1557 s 0 0 853 909
