frag gi|6 7149 7808
img_no 13
edge_no 13
msp 475 s 364 75.9 1 693 gi|5 19480 20052 865 gi|6 7146 7694
msp 574 s 273 78.7 1 865 gi|6 7146 7370 268 gi|25 11824 12042
msp 576 p 300 80.7 -1 865 gi|6 7149 7371 547 gi|40 29279 29507
msp 578 s 574 73.8 1 865 gi|6 7193 7695 200 gi|21 19834 20339
msp 580 s 269 76.0 1 865 gi|6 7201 7371 519 gi|39 29289 29459
msp 582 s 571 77.3 -1 865 gi|6 7226 7542 508 gi|38 35624 35940
msp 584 s 343 74.4 1 865 gi|6 7243 7707 560 gi|41 28943 29396
msp 586 s 590 74.3 -1 865 gi|6 7277 7747 56 gi|12 28756 29205
msp 588 s 416 76.7 1 865 gi|6 7391 7737 275 gi|25 32229 32560
msp 590 s 261 74.9 -1 865 gi|6 7403 7808 223 gi|22 35609 35997
msp 592 s 345 79.0 -1 865 gi|6 7441 7711 783 gi|54 27074 27338
msp 594 s 278 80.0 -1 865 gi|6 7504 7693 595 gi|44 4094 4319
msp 596 s 287 80.3 1 865 gi|6 7504 7686 110 gi|16 37144 37320
edge 1884 s 0 0 56 865
edge 1904 s 0 0 275 865
edge 1918 s 0 0 560 865
edge 1929 s 0 0 693 865
edge 1942 s 0 0 783 865
edge 1943 s 0 0 865 110
edge 1944 s 0 0 865 200
edge 1945 s 0 0 865 223
edge 1946 s 0 0 865 268
edge 1947 s 0 0 865 508
edge 1948 s 0 0 865 519
edge 1949 P -1 80 865 547
edge 1950 s 0 0 865 595
