frag gi|58 13809 13858
img_no 6
flimg_no 5
edge_no 6
msp 1189 p 282 91.0 -1 943 gi|10 35158 35212 935 gi|58 13811 13860
msp 1537 p 231 93.8 -1 79 gi|15 3019 3078 935 gi|58 13810 13860
msp 3179 p 322 91.8 1 267 gi|25 11535 11583 935 gi|58 13811 13859
msp 3275 p 256 94.2 1 249 gi|24 19920 19971 935 gi|58 13811 13856
msp 3319 p 283 89.1 -1 255 gi|24 29701 29760 935 gi|58 13807 13860
msp 4929 p 236 88.5 1 678 gi|49 23911 23968 935 gi|58 13807 13856
edge 298 S -1 93 935 79
edge 299 P 1 94 935 249
edge 300 S -1 89 935 255
edge 301 S 1 91 935 267
edge 302 S 1 88 935 678
edge 378 S -1 91 943 935
