frag gi|3 16320 16607
img_no 25
edge_no 25
msp 13 s 416 82.9 -1 3 gi|1 14254 14329 936 gi|3 16464 16539
msp 87 s 786 85.1 -1 952 gi|1 34013 34157 936 gi|3 16464 16608
msp 156 s 365 77.7 1 936 gi|3 16320 16525 700 gi|50 1530 1745
msp 158 s 465 79.8 -1 936 gi|3 16406 16539 724 gi|51 18914 19045
msp 160 p 498 81.2 -1 936 gi|3 16421 16610 465 gi|36 20328 20518
msp 162 s 530 81.0 1 936 gi|3 16424 16593 947 gi|38 2317 2495
msp 164 s 305 81.5 -1 936 gi|3 16440 16563 229 gi|23 3384 3512
msp 166 s 474 84.5 1 936 gi|3 16444 16546 18 gi|10 5598 5696
msp 168 p 641 81.0 1 936 gi|3 16463 16610 949 gi|7 22201 22347
msp 170 p 634 87.5 1 936 gi|3 16466 16609 956 gi|51 37351 37495
msp 172 s 411 82.5 1 936 gi|3 16460 16539 211 gi|22 3887 3970
msp 174 s 587 90.3 1 936 gi|3 16462 16585 25 gi|10 23588 23710
msp 176 s 605 76.7 1 936 gi|3 16463 16610 509 gi|38 38492 38639
msp 178 s 364 81.0 -1 936 gi|3 16463 16557 267 gi|25 11612 11705
msp 182 p 744 87.2 -1 936 gi|3 16465 16610 946 gi|30 23430 23573
msp 184 p 402 82.2 -1 936 gi|3 16466 16610 954 gi|18 22591 22728
msp 186 p 252 74.5 1 936 gi|3 16465 16515 794 gi|55 18808 18858
msp 188 s 307 84.3 1 936 gi|3 16466 16548 461 gi|36 5913 5992
msp 190 p 370 80.0 1 936 gi|3 16466 16610 941 gi|4 21360 21501
msp 192 p 381 81.1 -1 936 gi|3 16468 16610 932 gi|11 13705 13845
msp 194 p 384 78.0 1 936 gi|3 16477 16576 960 gi|43 35440 35545
msp 196 s 330 82.3 -1 936 gi|3 16478 16601 87 gi|15 16550 16690
msp 198 s 269 79.2 -1 936 gi|3 16478 16525 738 gi|52 11454 11501
msp 200 p 328 72.9 1 936 gi|3 16493 16599 107 gi|16 30195 30301
msp 5040 p 250 77.8 1 936 gi|3 16467 16596 957 gi|55 22267 22407
edge 304 s 0 0 936 3
edge 306 s 0 0 936 18
edge 307 s 0 0 936 25
edge 308 s 0 0 936 87
edge 309 S 1 72 936 107
edge 310 s 0 0 936 211
edge 311 s 0 0 936 229
edge 312 s 0 0 936 267
edge 314 s 0 0 936 461
edge 315 P -1 81 936 465
edge 317 s 0 0 936 509
edge 320 s 0 0 936 700
edge 321 s 0 0 936 724
edge 323 s 0 0 936 738
edge 324 S 1 74 936 794
edge 327 S -1 81 936 932
edge 375 P 1 80 941 936
edge 420 P -1 87 946 936
edge 440 s 0 0 947 936
edge 463 P 1 81 949 936
edge 484 s 0 0 952 936
edge 494 P -1 82 954 936
edge 517 P 1 87 956 936
edge 534 S 1 77 957 936
edge 547 P 1 78 960 936
