frag gi|30 23431 23572
img_no 22
flimg_no 10
edge_no 22
msp 15 s 325 80.0 1 3 gi|1 14254 14328 946 gi|30 23498 23573
msp 79 p 613 85.0 1 952 gi|1 34013 34154 946 gi|30 23434 23570
msp 183 p 744 87.2 -1 936 gi|3 16465 16610 946 gi|30 23430 23573
msp 835 p 531 82.2 -1 949 gi|7 22201 22334 946 gi|30 23431 23571
msp 1115 s 344 82.3 -1 18 gi|10 5616 5694 946 gi|30 23493 23573
msp 1157 p 707 85.7 -1 25 gi|10 23591 23730 946 gi|30 23440 23573
msp 1255 p 383 83.9 1 932 gi|11 13703 13845 946 gi|30 23430 23570
msp 1567 s 311 83.3 1 87 gi|15 16577 16690 946 gi|30 23459 23559
msp 2117 p 278 78.7 1 954 gi|18 22589 22728 946 gi|30 23430 23572
msp 2797 p 389 81.4 -1 211 gi|22 3893 3978 946 gi|30 23490 23573
msp 3027 p 250 77.2 1 229 gi|23 3354 3495 946 gi|30 23430 23574
msp 3191 s 288 75.0 1 267 gi|25 11624 11703 946 gi|30 23495 23573
msp 3720 p 306 80.5 -1 946 gi|30 23431 23574 947 gi|38 2355 2493
msp 3722 p 544 82.3 -1 946 gi|30 23431 23572 956 gi|51 37351 37495
msp 3724 p 760 85.2 -1 946 gi|30 23430 23574 509 gi|38 38494 38639
msp 3726 p 489 83.4 1 946 gi|30 23430 23574 465 gi|36 20328 20475
msp 3728 s 286 76.5 -1 946 gi|30 23451 23569 957 gi|55 22269 22383
msp 3730 s 258 81.7 -1 946 gi|30 23462 23543 960 gi|43 35457 35545
msp 3732 s 296 79.3 -1 946 gi|30 23467 23558 461 gi|36 5920 6024
msp 3734 p 273 87.0 -1 946 gi|30 23477 23545 731 gi|51 32185 32249
msp 3736 s 393 82.5 1 946 gi|30 23498 23574 724 gi|51 18914 18993
msp 3738 s 351 90.4 -1 946 gi|30 23508 23559 700 gi|50 1698 1748
edge 401 s 0 0 946 3
edge 403 s 0 0 946 18
edge 404 S -1 85 946 25
edge 405 s 0 0 946 87
edge 406 S -1 81 946 211
edge 407 S 1 77 946 229
edge 408 s 0 0 946 267
edge 409 s 0 0 946 461
edge 410 S 1 83 946 465
edge 412 S -1 85 946 509
edge 414 s 0 0 946 700
edge 415 s 0 0 946 724
edge 416 P -1 87 946 731
edge 418 S 1 83 946 932
edge 420 P -1 87 946 936
edge 443 S -1 80 947 946
edge 465 S -1 82 949 946
edge 487 S 1 85 952 946
edge 497 S 1 78 954 946
edge 519 S -1 82 956 946
edge 536 s 0 0 957 946
edge 548 s 0 0 960 946
