frag gi|7 22203 22347
img_no 22
flimg_no 8
edge_no 22
msp 9 s 344 89.4 -1 3 gi|1 14249 14329 949 gi|7 22201 22271
msp 169 p 641 81.0 1 936 gi|3 16463 16610 949 gi|7 22201 22347
msp 830 p 388 73.9 1 949 gi|7 22204 22345 956 gi|51 37351 37495
msp 832 p 509 77.8 1 949 gi|7 22201 22347 509 gi|38 38494 38639
msp 834 p 531 82.2 -1 949 gi|7 22201 22334 946 gi|30 23431 23571
msp 836 s 607 84.1 1 949 gi|7 22201 22322 25 gi|10 23591 23710
msp 838 p 419 80.5 -1 949 gi|7 22201 22348 465 gi|36 20327 20465
msp 840 p 389 90.3 1 949 gi|7 22201 22269 211 gi|22 3892 3970
msp 842 p 272 76.5 1 949 gi|7 22203 22347 957 gi|55 22267 22407
msp 844 s 525 80.5 1 949 gi|7 22201 22316 947 gi|38 2357 2476
msp 846 s 422 91.5 -1 949 gi|7 22201 22269 724 gi|51 18914 18991
msp 848 s 381 77.8 -1 949 gi|7 22201 22279 267 gi|25 11624 11703
msp 850 s 349 86.6 1 949 gi|7 22201 22267 18 gi|10 5616 5682
msp 852 p 212 75.7 -1 949 gi|7 22202 22348 954 gi|18 22590 22728
msp 854 s 274 78.0 -1 949 gi|7 22204 22285 229 gi|23 3403 3493
msp 856 p 265 79.6 1 949 gi|7 22204 22252 794 gi|55 18809 18858
msp 858 p 337 76.2 -1 949 gi|7 22205 22347 932 gi|11 13703 13846
msp 860 s 281 76.7 -1 949 gi|7 22208 22267 738 gi|52 11450 11508
msp 862 p 304 78.0 1 949 gi|7 22214 22313 960 gi|43 35440 35545
msp 864 s 347 88.7 1 949 gi|7 22215 22267 700 gi|50 1698 1749
msp 866 p 322 71.4 1 949 gi|7 22230 22327 107 gi|16 30195 30293
msp 5051 p 664 82.9 -1 952 gi|1 34015 34155 949 gi|7 22205 22348
edge 445 s 0 0 949 3
edge 447 s 0 0 949 18
edge 448 s 0 0 949 25
edge 449 S 1 71 949 107
edge 450 S 1 90 949 211
edge 451 s 0 0 949 229
edge 452 s 0 0 949 267
edge 453 S -1 80 949 465
edge 454 S 1 77 949 509
edge 456 s 0 0 949 700
edge 457 s 0 0 949 724
edge 459 s 0 0 949 738
edge 460 S 1 79 949 794
edge 461 S -1 76 949 932
edge 463 P 1 81 949 936
edge 465 S -1 82 949 946
edge 466 s 0 0 949 947
edge 489 S -1 82 952 949
edge 498 S -1 75 954 949
edge 521 S 1 73 956 949
edge 538 S 1 76 957 949
edge 549 S 1 78 960 949
