frag gi|18 22590 22727
img_no 9
flimg_no 8
edge_no 9
msp 77 p 371 77.6 1 952 gi|1 34013 34155 954 gi|18 22589 22728
msp 185 p 402 82.2 -1 936 gi|3 16466 16610 954 gi|18 22591 22728
msp 853 p 212 75.7 -1 949 gi|7 22202 22348 954 gi|18 22590 22728
msp 1111 s 412 87.2 -1 18 gi|10 5617 5700 954 gi|18 22652 22728
msp 1251 p 843 88.7 1 932 gi|11 13703 13846 954 gi|18 22589 22728
msp 2112 p 585 82.8 -1 954 gi|18 22593 22726 957 gi|55 22269 22407
msp 2116 p 278 78.7 1 954 gi|18 22589 22728 946 gi|30 23430 23572
msp 5038 p 206 81.2 -1 954 gi|18 22590 22726 956 gi|51 37351 37495
msp 5045 p 585 83.6 -1 941 gi|4 21360 21501 954 gi|18 22595 22728
edge 491 s 0 0 954 18
edge 493 S 1 88 954 932
edge 494 P -1 82 954 936
edge 496 S -1 83 954 941
edge 497 S 1 78 954 946
edge 498 S -1 75 954 949
edge 499 S 1 77 954 952
edge 523 S -1 81 956 954
edge 540 S -1 82 957 954
