frag gi|1 33242 33329
img_no 6
flimg_no 1
edge_no 6
msp 60 p 252 87.4 1 963 gi|1 33242 33328 906 gi|7 32645 32716
msp 62 p 292 76.0 -1 963 gi|1 33257 33330 247 gi|24 11403 11476
msp 64 p 244 82.8 1 963 gi|1 33276 33330 689 gi|5 16804 16859
msp 66 s 255 88.9 -1 963 gi|1 33277 33329 964 gi|51 24381 24437
msp 70 s 290 88.6 -1 963 gi|1 33285 33328 384 gi|31 28020 28063
msp 5056 s 154 79.5 1 963 gi|1 33284 33330 199 gi|21 19710 19760
edge 1022 s 0 0 963 199
edge 1023 S -1 76 963 247
edge 1024 s 0 0 963 384
edge 1025 S 1 82 963 689
edge 1027 S 1 87 963 906
edge 1039 s 0 0 964 963
