frag gi|21 18010 18172
img_no 8
flimg_no 7
edge_no 5
msp 873 p 302 79.4 1 973 gi|7 25508 25667 978 gi|21 18009 18173
msp 881 s 413 78.7 -1 973 gi|7 25508 25670 978 gi|21 18010 18172
msp 1087 p 451 77.0 1 968 gi|10 2663 2827 978 gi|21 18009 18173
msp 1091 p 363 82.4 -1 968 gi|10 2664 2827 978 gi|21 18010 18173
msp 1765 p 172 83.0 1 974 gi|16 24229 24263 978 gi|21 18142 18173
msp 2600 p 163 79.8 1 978 gi|21 18009 18173 971 gi|33 4994 5143
msp 2602 s 473 77.3 -1 978 gi|21 18010 18172 971 gi|33 4979 5143
msp 2604 p 287 76.1 -1 978 gi|21 18015 18170 972 gi|51 1651 1807
edge 1128 p -1 82 978 968
edge 1129 p 1 79 978 971
edge 1130 p -1 76 978 972
edge 1131 p 1 79 978 973
edge 1132 P 1 82 978 974
