frag gi|16 3146 3263
img_no 25
edge_no 23
msp 267 s 288 87.7 1 532 gi|4 24904 24984 98 gi|16 3167 3246
msp 527 s 252 86.8 -1 862 gi|6 3740 3807 98 gi|16 3194 3257
msp 543 s 314 85.2 1 862 gi|6 3754 3807 98 gi|16 3165 3219
msp 989 s 273 91.5 -1 909 gi|8 691 737 98 gi|16 3169 3218
msp 1071 s 322 91.8 1 918 gi|8 31824 31872 98 gi|16 3196 3243
msp 1309 s 273 93.3 -1 48 gi|12 7328 7372 98 gi|16 3195 3242
msp 1501 s 308 87.2 -1 74 gi|14 19308 19385 98 gi|16 3193 3263
msp 1686 s 313 88.6 1 98 gi|16 3146 3233 609 gi|44 27237 27326
msp 1688 s 305 93.2 1 98 gi|16 3151 3223 309 gi|28 20909 20975
msp 1690 s 336 84.9 1 98 gi|16 3158 3243 562 gi|41 32188 32273
msp 1692 s 372 84.2 1 98 gi|16 3162 3243 385 gi|31 32008 32113
msp 1694 s 271 88.6 1 98 gi|16 3167 3245 159 gi|19 33187 33252
msp 1696 s 399 85.1 1 98 gi|16 3169 3242 711 gi|50 31963 32036
msp 1698 s 264 87.5 -1 98 gi|16 3172 3219 486 gi|37 28169 28214
msp 1700 s 278 78.9 1 98 gi|16 3182 3252 327 gi|29 8244 8315
msp 1702 s 292 80.3 -1 98 gi|16 3187 3262 668 gi|49 2488 2560
msp 1704 s 278 87.3 -1 98 gi|16 3188 3242 567 gi|42 15829 15882
msp 1706 s 327 90.2 -1 98 gi|16 3193 3243 400 gi|32 14444 14493
msp 1708 s 325 87.0 -1 98 gi|16 3194 3247 775 gi|54 9565 9617
msp 1710 s 343 92.7 -1 98 gi|16 3196 3250 182 gi|20 22970 23022
msp 1712 s 294 88.9 -1 98 gi|16 3196 3240 667 gi|49 1514 1558
msp 1714 s 317 89.7 1 98 gi|16 3196 3253 138 gi|18 29296 29360
msp 1716 s 283 89.1 1 98 gi|16 3196 3250 300 gi|28 3044 3095
msp 1718 s 283 80.0 1 98 gi|16 3196 3255 142 gi|19 1634 1692
msp 1720 s 272 86.2 1 98 gi|16 3196 3253 159 gi|19 33113 33170
edge 205 s 0 0 48 98
edge 578 s 0 0 532 98
edge 630 s 0 0 775 98
edge 859 s 0 0 300 98
edge 1291 s 0 0 182 98
edge 1641 s 0 0 142 98
edge 1654 s 0 0 159 98
edge 1698 s 0 0 327 98
edge 1716 s 0 0 385 98
edge 1745 s 0 0 400 98
edge 1764 s 0 0 562 98
edge 1788 s 0 0 567 98
edge 1805 s 0 0 609 98
edge 1824 s 0 0 668 98
edge 1833 s 0 0 711 98
edge 1852 s 0 0 909 98
edge 2146 s 0 0 862 98
edge 2266 s 0 0 74 98
edge 2271 s 0 0 98 138
edge 2272 s 0 0 98 309
edge 2273 s 0 0 98 486
edge 2274 s 0 0 98 667
edge 2275 s 0 0 98 918
