frag gi|20 15256 15999
img_no 10
edge_no 10
msp 455 s 777 80.0 1 693 gi|5 19404 20057 985 gi|20 15314 15937
msp 1755 s 326 76.1 -1 102 gi|16 17525 17721 985 gi|20 15725 15915
msp 1859 p 771 68.7 1 110 gi|16 36655 37351 985 gi|20 15256 15956
msp 2149 s 304 79.6 -1 140 gi|18 36465 36743 985 gi|20 15696 15972
msp 2412 p 1015 68.9 -1 985 gi|20 15314 15997 595 gi|44 4029 4750
msp 2414 s 306 74.8 -1 985 gi|20 15387 15966 508 gi|38 35441 36027
msp 2418 s 420 81.4 -1 985 gi|20 15669 15926 483 gi|37 23359 23610
msp 2420 s 324 76.7 -1 985 gi|20 15751 15926 783 gi|54 27094 27274
msp 2422 p 249 73.0 -1 985 gi|20 15880 16001 827 gi|56 16225 16356
msp 5062 s 306 65.4 -1 985 gi|20 15425 16001 223 gi|22 35638 36216
edge 2020 s 0 0 985 102
edge 2021 p 1 68 985 110
edge 2022 s 0 0 985 140
edge 2023 s 0 0 985 223
edge 2024 s 0 0 985 483
edge 2025 s 0 0 985 508
edge 2026 p -1 68 985 595
edge 2027 s 0 0 985 693
edge 2028 s 0 0 985 783
edge 2029 P -1 73 985 827
