frag gi|23 17883 18022
img_no 10
flimg_no 1
edge_no 10
msp 1445 s 250 74.1 -1 59 gi|12 37024 37077 995 gi|23 17957 18010
msp 1747 s 305 80.4 -1 101 gi|16 17077 17129 995 gi|23 17883 17935
msp 2043 s 304 79.7 1 118 gi|17 15006 15058 995 gi|23 17883 17935
msp 2251 s 267 82.1 1 1000 gi|19 20423 20489 995 gi|23 17949 18015
msp 2889 s 591 98.4 1 219 gi|22 24513 24576 995 gi|23 17957 18020
msp 3060 p 259 78.6 1 995 gi|23 17920 18022 817 gi|56 3432 3539
msp 3062 p 284 86.1 1 995 gi|23 17944 18022 739 gi|52 13435 13514
msp 3064 p 267 79.2 1 995 gi|23 17947 18022 812 gi|56 2107 2183
msp 3066 s 254 74.1 1 995 gi|23 17957 18010 624 gi|45 31171 31224
msp 5066 p 230 77.1 1 995 gi|23 17883 18022 998 gi|56 1875 2014
edge 2106 s 0 0 995 59
edge 2107 s 0 0 995 101
edge 2108 s 0 0 995 118
edge 2110 s 0 0 995 219
edge 2111 s 0 0 995 624
edge 2112 P 1 86 995 739
edge 2114 P 1 78 995 812
edge 2115 p 1 78 995 817
edge 2125 p 1 77 998 995
edge 2142 s 0 0 1000 995
