index 125
frag gi|17 12134 12323
img_no 7
msp 197 s 385 78.5 -1 527 gi|4 19649 19839 125 gi|17 12134 12323
msp 2786 s 258 79.5 1 125 gi|17 12134 12206 226 gi|22 17076 17145
msp 1425 s 276 82.8 -1 705 gi|5 15002 15059 125 gi|17 12134 12190
msp 2788 s 280 76.8 -1 125 gi|17 12134 12189 427 gi|35 21175 21230
msp 2790 s 258 79.5 1 125 gi|17 12250 12322 226 gi|22 17076 17145
msp 1427 s 276 82.8 -1 705 gi|5 15002 15059 125 gi|17 12250 12306
msp 2792 s 280 76.8 -1 125 gi|17 12250 12305 427 gi|35 21175 21230
