index 180
frag gi|2 16532 17661
img_no 15
msp 338 s 504 77.3 1 180 gi|2 16532 17015 609 gi|44 26737 27228
msp 340 s 282 84.4 -1 180 gi|2 16550 16690 560 gi|41 16478 16601
msp 342 s 460 91.6 -1 180 gi|2 16564 16670 499 gi|39 6010 6114
msp 344 s 340 87.1 1 180 gi|2 16566 16650 949 gi|9 37832 37915
msp 346 s 599 81.7 1 180 gi|2 16576 16695 846 gi|58 37235 37354
msp 348 s 352 88.7 -1 180 gi|2 16576 16690 826 gi|57 38507 38608
msp 350 s 311 83.3 1 180 gi|2 16577 16690 899 gi|7 23459 23559
msp 352 s 483 81.9 -1 180 gi|2 16585 16689 272 gi|25 5920 6024
msp 354 s 404 80.8 1 180 gi|2 16588 16691 460 gi|37 3378 3481
msp 356 s 270 85.1 -1 180 gi|2 16605 16691 792 gi|56 1697 1776
msp 360 s 266 87.8 -1 180 gi|2 16650 16690 267 gi|24 23605 23645
msp 358 s 266 93.9 1 180 gi|2 16650 16682 240 gi|23 11461 11493
msp 581 s 445 76.6 -1 9 gi|1 10222 11161 180 gi|2 16680 17661
msp 362 s 309 76.7 1 180 gi|2 16685 17031 838 gi|58 24277 24621
msp 364 s 284 81.4 1 180 gi|2 16872 17011 843 gi|58 32841 32980
