index 206
frag gi|21 13733 13906
img_no 8
msp 1691 s 909 84.0 1 892 gi|7 14032 14194 206 gi|21 13733 13900
msp 2325 s 463 73.1 -1 52 gi|11 26905 27064 206 gi|21 13747 13906
msp 1701 s 596 76.1 -1 892 gi|7 14085 14243 206 gi|21 13748 13906
msp 2073 s 883 84.3 1 56 gi|12 5235 5387 206 gi|21 13748 13900
msp 2317 s 584 81.4 1 52 gi|11 26869 27008 206 gi|21 13749 13895
msp 3194 s 560 82.0 1 206 gi|21 13750 13905 835 gi|58 18460 18614
msp 3196 s 536 75.0 -1 206 gi|21 13751 13906 835 gi|58 18501 18655
msp 2079 s 511 76.0 -1 56 gi|12 5279 5432 206 gi|21 13752 13905
