index 211
frag gi|21 21308 22433
img_no 11
msp 2633 s 10077 100.0 -1 95 gi|14 10381 11506 211 gi|21 21308 22433
msp 1117 s 10055 100.0 -1 919 gi|8 8721 9843 211 gi|21 21311 22433
msp 1181 s 10055 100.0 -1 929 gi|8 19851 20973 211 gi|21 21311 22433
msp 453 s 10055 100.0 -1 187 gi|2 31748 32870 211 gi|21 21311 22433
msp 727 s 10055 100.0 -1 23 gi|1 37028 38150 211 gi|21 21311 22433
msp 3238 s 1051 100.0 1 211 gi|21 21311 21425 617 gi|44 39886 40000
msp 3240 s 325 76.9 -1 211 gi|21 21417 22218 542 gi|40 6824 7617
msp 3242 s 2561 96.4 1 211 gi|21 21426 21761 828 gi|58 1 325
msp 797 s 264 75.5 -1 336 gi|3 7319 7776 211 gi|21 21451 21914
msp 3244 s 344 82.0 -1 211 gi|21 21451 21650 283 gi|26 749 929
msp 3246 s 6439 100.0 1 211 gi|21 21708 22433 830 gi|58 2880 3605
