index 227
frag gi|22 17431 18088
img_no 8
msp 3412 s 424 76.9 -1 227 gi|22 17431 17720 453 gi|36 32305 32594
msp 3414 s 309 74.9 1 227 gi|22 17464 17750 752 gi|52 36461 36750
msp 3416 s 326 77.1 1 227 gi|22 17465 17761 728 gi|50 28763 29041
msp 3418 s 268 84.3 -1 227 gi|22 17498 17580 662 gi|47 36057 36136
msp 3420 s 349 60.9 1 227 gi|22 17501 18088 577 gi|42 27080 27661
msp 527 s 312 81.7 1 3 gi|1 4110 4454 227 gi|22 17525 17830
msp 2415 s 414 73.8 -1 943 gi|9 20100 20324 227 gi|22 17525 17749
msp 1883 s 348 75.4 -1 32 gi|10 15725 15915 227 gi|22 17525 17721
