index 23
frag gi|1 36751 38196
img_no 13
msp 716 s 12562 99.9 1 23 gi|1 36751 38168 95 gi|14 10104 11515
msp 714 s 12568 100.0 1 23 gi|1 36751 38151 929 gi|8 19574 20974
msp 718 s 2527 100.0 -1 23 gi|1 36751 37033 213 gi|21 24877 25159
msp 720 s 12560 100.0 1 23 gi|1 36752 38151 919 gi|8 8445 9844
msp 722 s 12552 100.0 1 23 gi|1 36752 38150 187 gi|2 31472 32870
msp 724 s 8910 99.9 -1 23 gi|1 36752 37753 830 gi|58 2880 3881
msp 726 s 10055 100.0 -1 23 gi|1 37028 38150 211 gi|21 21311 22433
msp 728 s 261 77.8 1 23 gi|1 37219 38064 333 gi|3 5239 6090
msp 730 s 304 76.9 1 23 gi|1 37243 38196 542 gi|40 6824 7755
msp 732 s 297 75.9 1 23 gi|1 37547 38010 336 gi|3 7319 7776
msp 734 s 2561 96.4 -1 23 gi|1 37700 38035 828 gi|58 1 325
msp 736 s 344 82.0 1 23 gi|1 37811 38010 283 gi|26 749 929
msp 738 s 1057 94.8 -1 23 gi|1 38036 38171 617 gi|44 39867 40000
