index 231
frag gi|22 30193 30307
img_no 7
msp 3424 s 251 80.0 1 231 gi|22 30193 30272 673 gi|48 35451 35538
msp 3426 s 344 79.7 1 231 gi|22 30195 30307 826 gi|57 38522 38641
msp 3432 s 318 71.0 -1 231 gi|22 30195 30301 326 gi|28 34022 34128
msp 3434 s 311 72.9 1 231 gi|22 30195 30301 560 gi|41 16493 16599
msp 3430 s 325 71.7 1 231 gi|22 30195 30293 397 gi|33 22230 22327
msp 3428 s 279 73.9 1 231 gi|22 30195 30282 810 gi|57 2390 2476
msp 3436 s 273 77.9 1 231 gi|22 30198 30283 267 gi|24 23623 23705
