index 232
frag gi|22 31986 32300
img_no 9
msp 3438 s 693 78.7 1 232 gi|22 31986 32295 442 gi|36 1305 1621
msp 1151 s 500 79.6 1 923 gi|8 12377 12709 232 gi|22 31988 32297
msp 3440 s 728 81.1 -1 232 gi|22 31999 32295 442 gi|36 1319 1625
msp 1163 s 254 87.8 1 923 gi|8 12663 12711 232 gi|22 32002 32050
msp 1157 s 287 85.1 -1 923 gi|8 12391 12437 232 gi|22 32002 32048
msp 1731 s 605 75.4 -1 896 gi|7 22789 23105 232 gi|22 32003 32297
msp 1159 s 426 79.3 -1 923 gi|8 12409 12707 232 gi|22 32003 32279
msp 1737 s 512 80.3 1 896 gi|7 22791 23089 232 gi|22 32003 32279
msp 1161 s 270 77.4 -1 923 gi|8 12659 12711 232 gi|22 32248 32300
