index 24
frag gi|1 38520 38632
img_no 13
msp 740 s 351 79.5 -1 24 gi|1 38520 38631 572 gi|42 14915 15041
msp 742 s 363 89.1 1 24 gi|1 38524 38624 63 gi|12 14359 14455
msp 744 s 317 79.0 1 24 gi|1 38543 38623 66 gi|12 15744 15830
msp 746 s 279 86.2 -1 24 gi|1 38559 38623 108 gi|15 8502 8567
msp 750 s 332 87.0 -1 24 gi|1 38561 38629 66 gi|12 15652 15724
msp 752 s 297 76.6 1 24 gi|1 38561 38624 66 gi|12 15705 15770
msp 748 s 282 79.4 1 24 gi|1 38561 38623 572 gi|42 14969 15033
msp 754 s 290 76.3 1 24 gi|1 38566 38624 572 gi|42 14915 14973
msp 756 s 300 75.8 -1 24 gi|1 38567 38632 63 gi|12 14396 14462
msp 758 s 282 92.0 1 24 gi|1 38568 38617 108 gi|15 8494 8545
msp 760 s 290 79.2 1 24 gi|1 38572 38624 66 gi|12 15657 15709
msp 762 s 254 80.8 -1 24 gi|1 38572 38623 55 gi|12 766 818
msp 764 s 260 82.2 1 24 gi|1 38580 38624 55 gi|12 772 816
