index 248
frag gi|23 21244 21421
img_no 36
msp 3045 s 323 90.3 1 158 gi|19 641 743 248 gi|23 21244 21365
msp 3550 s 265 86.4 1 248 gi|23 21262 21408 312 gi|27 39496 39636
msp 3552 s 313 80.0 -1 248 gi|23 21263 21357 693 gi|49 36474 36590
msp 3554 s 335 85.7 -1 248 gi|23 21267 21357 446 gi|36 9586 9680
msp 3556 s 274 81.1 -1 248 gi|23 21268 21357 596 gi|43 39827 39920
msp 1061 s 343 79.8 1 918 gi|8 8229 8347 248 gi|23 21276 21398
msp 3558 s 331 91.0 -1 248 gi|23 21283 21371 691 gi|49 31663 31747
msp 3560 s 266 80.3 -1 248 gi|23 21284 21359 276 gi|25 21011 21084
msp 3562 s 273 86.1 -1 248 gi|23 21288 21359 738 gi|51 19331 19407
msp 3564 s 253 77.9 1 248 gi|23 21291 21358 750 gi|52 29281 29345
msp 3445 s 278 88.7 1 234 gi|22 34656 34726 248 gi|23 21291 21357
msp 3566 s 306 84.6 1 248 gi|23 21292 21421 723 gi|50 20055 20176
msp 3568 s 351 86.1 1 248 gi|23 21297 21368 586 gi|43 15879 15947
msp 2229 s 253 84.2 1 72 gi|12 32057 32113 248 gi|23 21298 21358
msp 3570 s 310 94.9 1 248 gi|23 21299 21357 681 gi|49 5760 5820
msp 629 s 267 87.5 1 19 gi|1 27193 27272 248 gi|23 21300 21384
msp 2347 s 269 83.9 -1 54 gi|11 33427 33482 248 gi|23 21300 21358
msp 3572 s 412 96.6 -1 248 gi|23 21300 21358 583 gi|43 11795 11851
msp 3574 s 252 88.1 1 248 gi|23 21301 21359 568 gi|42 7959 8015
msp 921 s 277 88.7 -1 341 gi|3 14444 14496 248 gi|23 21302 21358
msp 401 s 275 88.9 -1 184 gi|2 21060 21113 248 gi|23 21304 21360
msp 1919 s 274 84.5 1 37 gi|10 22903 22999 248 gi|23 21305 21410
msp 3580 s 255 91.7 -1 248 gi|23 21305 21388 650 gi|46 39385 39468
msp 3578 s 319 92.7 -1 248 gi|23 21305 21359 854 gi|59 13103 13153
msp 3576 s 259 90.7 1 248 gi|23 21305 21358 776 gi|54 32223 32273
msp 3584 s 276 93.0 1 248 gi|23 21306 21362 650 gi|46 39348 39403
msp 3586 s 296 89.1 1 248 gi|23 21306 21360 732 gi|50 39632 39682
msp 1619 s 283 90.0 1 872 gi|6 24933 24982 248 gi|23 21306 21359
msp 1391 s 316 95.8 -1 703 gi|5 13341 13388 248 gi|23 21306 21357
msp 179 s 264 89.6 -1 523 gi|4 15276 15323 248 gi|23 21306 21357
msp 3582 s 297 92.3 -1 248 gi|23 21306 21357 777 gi|54 34626 34673
msp 2025 s 301 89.4 -1 39 gi|10 30542 30588 248 gi|23 21307 21357
msp 3588 s 258 89.8 -1 248 gi|23 21307 21355 776 gi|54 32202 32247
msp 3037 s 259 83.3 1 155 gi|18 36036 36119 248 gi|23 21308 21407
msp 1941 s 258 83.9 -1 37 gi|10 22936 23022 248 gi|23 21308 21397
msp 3590 s 309 92.5 -1 248 gi|23 21308 21387 312 gi|27 39584 39655
