index 252
frag gi|23 27986 28218
img_no 46
msp 3596 s 383 77.7 -1 252 gi|23 27986 28173 776 gi|54 32200 32402
msp 3043 s 252 88.0 -1 155 gi|18 36094 36210 252 gi|23 28044 28174
msp 1907 s 273 86.7 1 37 gi|10 22861 22965 252 gi|23 28085 28179
msp 1059 s 365 83.5 1 918 gi|8 8220 8310 252 gi|23 28088 28177
msp 3598 s 350 86.8 1 252 gi|23 28106 28173 586 gi|43 15873 15937
msp 3600 s 306 81.7 1 252 gi|23 28112 28204 300 gi|27 10158 10256
msp 897 s 330 86.2 -1 341 gi|3 14438 14502 252 gi|23 28113 28178
msp 703 s 267 87.5 -1 19 gi|1 27266 27321 252 gi|23 28113 28171
msp 3269 s 310 84.6 1 216 gi|21 33100 33164 252 gi|23 28114 28177
msp 831 s 262 85.0 -1 339 gi|3 11275 11334 252 gi|23 28114 28174
msp 2233 s 394 85.9 1 72 gi|12 32058 32128 252 gi|23 28117 28187
msp 435 s 291 92.6 -1 184 gi|2 21064 21117 252 gi|23 28118 28172
msp 3457 s 322 88.5 1 234 gi|22 34675 34726 252 gi|23 28119 28172
msp 3602 s 270 90.7 -1 252 gi|23 28119 28172 738 gi|51 19333 19393
msp 3604 s 383 92.6 -1 252 gi|23 28120 28173 777 gi|54 34625 34677
msp 3606 s 369 94.4 1 252 gi|23 28120 28173 723 gi|50 20062 20115
msp 3161 s 299 81.3 1 199 gi|21 1629 1719 252 gi|23 28121 28218
msp 639 s 272 89.7 1 19 gi|1 27196 27253 252 gi|23 28121 28178
msp 2879 s 274 89.7 -1 140 gi|18 3753 3810 252 gi|23 28121 28177
msp 3610 s 370 90.7 1 252 gi|23 28121 28174 681 gi|49 5770 5822
msp 3608 s 294 94.2 1 252 gi|23 28121 28172 312 gi|27 39540 39592
msp 3620 s 348 85.2 -1 252 gi|23 28122 28182 569 gi|42 9560 9619
msp 3616 s 399 96.6 -1 252 gi|23 28122 28180 446 gi|36 9573 9635
msp 3612 s 367 92.3 -1 252 gi|23 28122 28173 312 gi|27 39609 39659
msp 67 s 338 92.2 -1 520 gi|4 2504 2554 252 gi|23 28122 28173
msp 1593 s 351 92.0 1 872 gi|6 24931 24980 252 gi|23 28122 28172
msp 3614 s 355 96.1 -1 252 gi|23 28122 28172 691 gi|49 31676 31726
msp 3618 s 261 88.2 -1 252 gi|23 28122 28172 650 gi|46 39414 39468
msp 3622 s 373 96.1 1 252 gi|23 28123 28173 650 gi|46 39347 39399
msp 177 s 279 95.9 -1 523 gi|4 15276 15324 252 gi|23 28123 28172
msp 3075 s 319 91.8 1 158 gi|19 689 737 252 gi|23 28123 28172
msp 3624 s 311 94.0 1 252 gi|23 28123 28172 568 gi|42 7963 8013
msp 3626 s 363 91.9 -1 252 gi|23 28124 28185 854 gi|59 13092 13152
msp 1359 s 409 98.0 -1 703 gi|5 13338 13388 252 gi|23 28124 28175
msp 3321 s 314 97.9 -1 216 gi|21 33188 33234 252 gi|23 28124 28173
msp 3630 s 320 90.0 -1 252 gi|23 28124 28173 586 gi|43 15828 15876
msp 3632 s 290 88.0 1 252 gi|23 28124 28173 732 gi|50 39632 39680
msp 3628 s 389 100.0 -1 252 gi|23 28124 28170 583 gi|43 11799 11844
msp 2707 s 312 87.7 1 121 gi|17 3043 3099 252 gi|23 28125 28182
msp 3025 s 303 89.8 1 155 gi|18 36035 36083 252 gi|23 28125 28174
msp 3634 s 367 89.8 1 252 gi|23 28125 28173 804 gi|56 31989 32037
msp 1951 s 287 88.9 -1 37 gi|10 22969 23022 252 gi|23 28126 28179
msp 3636 s 346 91.5 1 252 gi|23 28126 28172 776 gi|54 32226 32272
msp 2031 s 275 100.0 -1 39 gi|10 30545 30587 252 gi|23 28126 28170
msp 2353 s 254 88.6 -1 54 gi|11 33431 33474 252 gi|23 28126 28170
msp 3638 s 260 95.5 -1 252 gi|23 28129 28172 693 gi|49 36476 36520
