index 275
frag gi|25 20324 20518
img_no 12
msp 3776 s 507 79.3 -1 275 gi|25 20324 20468 397 gi|33 22198 22351
msp 3778 s 610 85.6 1 275 gi|25 20326 20478 326 gi|28 34009 34169
msp 3780 s 506 81.2 -1 275 gi|25 20327 20518 560 gi|41 16421 16611
msp 1759 s 551 83.4 1 899 gi|7 23429 23591 275 gi|25 20327 20492
msp 3784 s 408 76.2 -1 275 gi|25 20327 20477 826 gi|57 38482 38640
msp 3782 s 317 84.7 -1 275 gi|25 20327 20470 555 gi|40 37345 37497
msp 2575 s 281 84.0 1 85 gi|13 13703 13846 275 gi|25 20328 20461
msp 3786 s 253 75.6 1 275 gi|25 20352 20474 460 gi|37 3377 3502
msp 3788 s 420 84.8 -1 275 gi|25 20372 20503 810 gi|57 2326 2454
msp 3790 s 423 85.1 1 275 gi|25 20377 20470 546 gi|40 18907 18996
msp 3717 s 379 82.3 -1 267 gi|24 23586 23670 275 gi|25 20382 20470
msp 3792 s 368 75.7 -1 275 gi|25 20387 20489 680 gi|49 3870 3970
