index 283
frag gi|26 508 1053
img_no 13
msp 3814 s 425 78.3 1 283 gi|26 508 1024 542 gi|40 7143 7692
msp 805 s 2004 81.3 1 336 gi|3 7367 7879 283 gi|26 527 1031
msp 777 s 484 75.4 1 333 gi|3 5633 6153 283 gi|26 544 1053
msp 1123 s 344 82.0 1 919 gi|8 9504 9703 283 gi|26 749 929
msp 1187 s 344 82.0 1 929 gi|8 20634 20833 283 gi|26 749 929
msp 2639 s 344 82.0 1 95 gi|14 11164 11363 283 gi|26 749 929
msp 3245 s 344 82.0 -1 211 gi|21 21451 21650 283 gi|26 749 929
msp 3816 s 339 80.1 -1 283 gi|26 749 929 828 gi|58 26 225
msp 463 s 344 82.0 1 187 gi|2 32531 32730 283 gi|26 749 929
msp 737 s 344 82.0 1 23 gi|1 37811 38010 283 gi|26 749 929
msp 3813 s 262 81.0 1 282 gi|25 32241 32440 283 gi|26 841 1024
msp 3818 s 270 94.1 -1 283 gi|26 998 1031 756 gi|53 12555 12588
msp 3820 s 255 93.5 1 283 gi|26 1001 1031 757 gi|53 12590 12620
