index 300
frag gi|27 10129 10256
img_no 15
msp 3876 s 336 86.4 1 300 gi|27 10129 10231 586 gi|43 15853 15942
msp 3878 s 252 83.3 -1 300 gi|27 10130 10225 446 gi|36 9584 9670
msp 3601 s 306 81.7 1 252 gi|23 28112 28204 300 gi|27 10158 10256
msp 3447 s 260 83.6 1 234 gi|22 34660 34726 300 gi|27 10160 10223
msp 3880 s 315 93.2 -1 300 gi|27 10165 10223 691 gi|49 31676 31735
msp 3061 s 275 86.8 1 158 gi|19 685 737 300 gi|27 10169 10223
msp 3882 s 269 92.6 -1 300 gi|27 10170 10223 637 gi|45 39720 39771
msp 3884 s 301 91.2 -1 300 gi|27 10172 10228 777 gi|54 34620 34675
msp 3886 s 255 93.0 1 300 gi|27 10173 10229 650 gi|46 39347 39404
msp 685 s 264 86.5 -1 19 gi|1 27262 27313 300 gi|27 10173 10226
msp 1609 s 257 89.8 1 872 gi|6 24932 24980 300 gi|27 10173 10223
msp 851 s 276 90.2 -1 339 gi|3 11277 11327 300 gi|27 10173 10223
msp 1339 s 258 87.7 -1 703 gi|5 13324 13388 300 gi|27 10174 10248
msp 3888 s 290 91.8 -1 300 gi|27 10174 10234 586 gi|43 15818 15876
msp 3890 s 270 90.2 1 300 gi|27 10174 10224 732 gi|50 39632 39680
