index 32
frag gi|10 15256 16063
img_no 18
msp 1858 s 622 79.2 1 32 gi|10 15256 15956 235 gi|22 36655 37351
msp 515 s 1057 81.7 -1 3 gi|1 4029 4750 32 gi|10 15314 15997
msp 1860 s 1111 75.2 1 32 gi|10 15314 15937 658 gi|47 19404 20057
msp 1862 s 461 73.4 1 32 gi|10 15318 15968 154 gi|18 32938 33640
msp 1864 s 341 71.3 1 32 gi|10 15335 15609 448 gi|36 11774 12040
msp 1866 s 290 75.8 1 32 gi|10 15336 15933 588 gi|43 22039 22651
msp 1868 s 288 77.8 -1 32 gi|10 15361 15978 728 gi|50 28760 29363
msp 1870 s 407 82.3 -1 32 gi|10 15387 15612 788 gi|55 29279 29507
msp 1471 s 405 77.6 -1 715 gi|5 34232 34441 32 gi|10 15400 15609
msp 1015 s 286 77.5 -1 910 gi|8 131 343 32 gi|10 15408 15620
msp 1872 s 269 77.8 -1 32 gi|10 15425 16063 692 gi|49 35576 36216
msp 1874 s 274 72.4 1 32 gi|10 15451 15986 453 gi|36 32042 32569
msp 1876 s 272 78.4 -1 32 gi|10 15478 15616 547 gi|40 22416 22551
msp 1878 s 420 81.4 -1 32 gi|10 15669 15926 628 gi|45 23359 23610
msp 1880 s 320 79.4 -1 32 gi|10 15696 15972 752 gi|52 36465 36743
msp 1882 s 348 75.4 -1 32 gi|10 15725 15915 227 gi|22 17525 17721
msp 1884 s 324 76.7 -1 32 gi|10 15751 15926 577 gi|42 27094 27274
msp 1886 s 258 73.0 -1 32 gi|10 15880 16005 369 gi|30 16221 16356
