index 333
frag gi|3 4943 6155
img_no 9
msp 768 s 5410 81.7 1 333 gi|3 4943 6138 542 gi|40 6511 7699
msp 770 s 665 80.0 1 333 gi|3 4943 5152 284 gi|26 5646 5857
msp 772 s 281 78.3 1 333 gi|3 4951 5047 861 gi|59 25689 25779
msp 455 s 261 77.8 1 187 gi|2 31939 32784 333 gi|3 5239 6090
msp 729 s 261 77.8 1 23 gi|1 37219 38064 333 gi|3 5239 6090
msp 774 s 2656 80.2 1 333 gi|3 5437 6155 285 gi|26 5849 6563
msp 776 s 484 75.4 1 333 gi|3 5633 6153 283 gi|26 544 1053
msp 778 s 476 76.5 -1 333 gi|3 5795 6037 828 gi|58 11 253
msp 780 s 852 79.2 1 333 gi|3 5932 6138 282 gi|25 32240 32447
