index 336
frag gi|3 7229 7893
img_no 9
msp 792 s 537 77.0 1 336 gi|3 7229 7879 542 gi|40 7028 7698
msp 794 s 335 75.1 1 336 gi|3 7272 7893 285 gi|26 5940 6557
msp 459 s 297 75.9 1 187 gi|2 32267 32730 336 gi|3 7319 7776
msp 733 s 297 75.9 1 23 gi|1 37547 38010 336 gi|3 7319 7776
msp 796 s 264 75.5 -1 336 gi|3 7319 7776 211 gi|21 21451 21914
msp 798 s 264 75.5 1 336 gi|3 7319 7776 919 gi|8 9240 9703
msp 800 s 264 75.5 1 336 gi|3 7319 7776 929 gi|8 20370 20833
msp 802 s 264 75.5 1 336 gi|3 7319 7776 95 gi|14 10900 11363
msp 804 s 2004 81.3 1 336 gi|3 7367 7879 283 gi|26 527 1031
