index 339
frag gi|3 11256 11422
img_no 24
msp 679 s 310 86.1 1 19 gi|1 27242 27320 339 gi|3 11256 11334
msp 810 s 260 88.9 -1 339 gi|3 11256 11327 650 gi|46 39347 39419
msp 812 s 288 85.5 1 339 gi|3 11259 11327 569 gi|42 9547 9618
msp 814 s 302 86.6 -1 339 gi|3 11259 11325 155 gi|18 36035 36103
msp 816 s 253 86.6 1 339 gi|3 11259 11325 650 gi|46 39391 39465
msp 818 s 276 83.3 1 339 gi|3 11267 11326 586 gi|43 15819 15876
msp 820 s 282 87.5 -1 339 gi|3 11272 11327 167 gi|19 31821 31876
msp 822 s 251 81.3 1 339 gi|3 11273 11422 520 gi|4 2502 2640
msp 824 s 265 87.1 -1 339 gi|3 11274 11335 72 gi|12 32051 32115
msp 826 s 262 89.3 -1 339 gi|3 11274 11329 750 gi|52 29291 29347
msp 830 s 262 85.0 -1 339 gi|3 11275 11334 252 gi|23 28114 28174
msp 832 s 277 85.2 -1 339 gi|3 11275 11328 918 gi|8 8256 8307
msp 828 s 274 90.2 -1 339 gi|3 11275 11325 121 gi|17 3043 3091
msp 834 s 263 81.4 -1 339 gi|3 11276 11334 216 gi|21 33103 33159
msp 838 s 306 92.5 1 339 gi|3 11276 11328 691 gi|49 31675 31725
msp 836 s 271 86.5 -1 339 gi|3 11276 11327 872 gi|6 24932 24981
msp 844 s 264 83.9 -1 339 gi|3 11277 11332 723 gi|50 20060 20114
msp 846 s 272 86.8 -1 339 gi|3 11277 11329 586 gi|43 15886 15936
msp 848 s 291 92.2 -1 339 gi|3 11277 11327 158 gi|19 689 737
msp 850 s 276 90.2 -1 339 gi|3 11277 11327 300 gi|27 10173 10223
msp 842 s 313 94.0 -1 339 gi|3 11277 11326 732 gi|50 39632 39679
msp 840 s 287 93.8 1 339 gi|3 11277 11324 37 gi|10 22977 23022
msp 852 s 290 96.2 1 339 gi|3 11279 11331 518 gi|4 1514 1565
msp 854 s 255 86.3 1 339 gi|3 11279 11329 625 gi|45 16387 16437
