index 34
frag gi|10 17643 17853
img_no 10
msp 1673 s 451 75.5 1 891 gi|7 9183 9345 34 gi|10 17643 17808
msp 1143 s 465 82.7 1 921 gi|8 11644 11782 34 gi|10 17648 17788
msp 1888 s 476 83.8 1 34 gi|10 17664 17793 50 gi|11 20009 20157
msp 1890 s 755 80.4 1 34 gi|10 17665 17853 92 gi|13 34778 34962
msp 1505 s 955 87.5 -1 867 gi|6 12081 12224 34 gi|10 17665 17812
msp 1892 s 628 84.4 -1 34 gi|10 17665 17792 50 gi|11 20009 20136
msp 1894 s 452 90.3 -1 34 gi|10 17666 17810 92 gi|13 34759 34904
msp 1137 s 616 83.9 -1 921 gi|8 11642 11765 34 gi|10 17666 17789
msp 1139 s 251 82.4 1 921 gi|8 11642 11766 34 gi|10 17667 17810
msp 1675 s 834 88.9 -1 891 gi|7 9191 9325 34 gi|10 17668 17804
