index 341
frag gi|3 14398 14629
img_no 44
msp 870 s 276 80.8 1 341 gi|3 14398 14501 854 gi|59 13067 13161
msp 872 s 347 81.9 1 341 gi|3 14402 14495 583 gi|43 11762 11847
msp 874 s 286 94.8 1 341 gi|3 14417 14493 129 gi|17 20900 20970
msp 876 s 278 85.9 -1 341 gi|3 14418 14495 586 gi|43 15885 15959
msp 878 s 383 86.7 -1 341 gi|3 14425 14499 72 gi|12 32057 32129
msp 880 s 342 90.3 1 341 gi|3 14425 14496 140 gi|18 3739 3812
msp 884 s 293 83.1 1 341 gi|3 14427 14491 793 gi|56 1941 2005
msp 882 s 397 84.4 1 341 gi|3 14427 14490 37 gi|10 22959 23022
msp 886 s 313 91.8 1 341 gi|3 14431 14491 720 gi|50 7313 7372
msp 888 s 375 81.1 -1 341 gi|3 14432 14537 216 gi|21 33047 33171
msp 890 s 332 81.7 -1 341 gi|3 14433 14492 872 gi|6 24933 24993
msp 892 s 330 90.9 -1 341 gi|3 14436 14501 568 gi|42 7953 8024
msp 894 s 362 90.7 1 341 gi|3 14437 14490 569 gi|42 9563 9615
msp 898 s 323 77.5 -1 341 gi|3 14438 14610 918 gi|8 8123 8313
msp 896 s 330 86.2 -1 341 gi|3 14438 14502 252 gi|23 28113 28178
msp 900 s 284 94.0 1 341 gi|3 14442 14491 155 gi|18 36093 36150
msp 904 s 354 74.1 1 341 gi|3 14443 14585 703 gi|5 13339 13490
msp 912 s 287 77.6 -1 341 gi|3 14443 14509 167 gi|19 31805 31873
msp 906 s 351 89.4 -1 341 gi|3 14443 14508 750 gi|52 29283 29346
msp 910 s 288 85.0 -1 341 gi|3 14443 14502 681 gi|49 5754 5822
msp 914 s 280 87.0 1 341 gi|3 14443 14496 939 gi|9 15695 15744
msp 902 s 394 95.8 -1 341 gi|3 14443 14490 121 gi|17 3044 3091
msp 908 s 295 87.5 -1 341 gi|3 14443 14490 155 gi|18 36036 36083
msp 924 s 254 76.9 1 341 gi|3 14444 14629 691 gi|49 31675 31858
msp 609 s 293 84.1 -1 19 gi|1 27136 27248 341 gi|3 14444 14548
msp 928 s 270 82.0 1 341 gi|3 14444 14543 738 gi|51 19332 19449
msp 922 s 318 91.8 -1 341 gi|3 14444 14504 776 gi|54 32216 32273
msp 920 s 277 88.7 -1 341 gi|3 14444 14496 248 gi|23 21302 21358
msp 926 s 286 86.8 -1 341 gi|3 14444 14496 312 gi|27 39539 39593
msp 918 s 331 90.0 -1 341 gi|3 14444 14493 223 gi|22 3193 3243
msp 916 s 305 85.7 -1 341 gi|3 14444 14492 199 gi|21 1632 1680
msp 934 s 364 90.1 -1 341 gi|3 14445 14525 723 gi|50 20037 20114
msp 938 s 282 82.9 -1 341 gi|3 14445 14514 234 gi|22 34654 34726
msp 944 s 271 80.0 -1 341 gi|3 14445 14504 650 gi|46 39336 39398
msp 942 s 284 84.8 1 341 gi|3 14445 14503 777 gi|54 34626 34682
msp 930 s 384 95.9 1 341 gi|3 14445 14493 520 gi|4 2505 2554
msp 932 s 293 89.8 1 341 gi|3 14445 14493 216 gi|21 33189 33235
msp 936 s 337 87.8 1 341 gi|3 14445 14493 586 gi|43 15829 15877
msp 948 s 292 87.5 -1 341 gi|3 14445 14492 158 gi|19 690 737
msp 940 s 270 87.0 -1 341 gi|3 14445 14490 804 gi|56 31990 32036
msp 946 s 293 87.0 1 341 gi|3 14445 14490 446 gi|36 9586 9631
msp 952 s 280 81.2 1 341 gi|3 14447 14531 518 gi|4 1514 1601
msp 954 s 315 86.0 -1 341 gi|3 14447 14496 579 gi|42 37468 37518
msp 950 s 258 93.5 -1 341 gi|3 14447 14492 39 gi|10 30462 30506
