index 365
frag gi|30 5718 8607
img_no 11
msp 3249 s 1209 76.7 1 212 gi|21 22134 24514 365 gi|30 5718 8175
msp 4413 s 1074 77.9 1 328 gi|29 11627 14056 365 gi|30 5718 8175
msp 207 s 263 84.8 1 527 gi|4 19765 19843 365 gi|30 5759 5835
msp 2517 s 290 75.3 -1 106 gi|15 4017 4093 365 gi|30 5761 5836
msp 1477 s 252 86.3 1 716 gi|5 36061 36133 365 gi|30 5761 5835
msp 3217 s 261 74.1 1 209 gi|21 20312 20369 365 gi|30 5771 5828
msp 4116 s 1456 77.7 -1 365 gi|30 6006 8175 864 gi|59 37726 39810
msp 4118 s 23605 99.9 1 365 gi|30 6009 8607 422 gi|34 30813 33413
msp 4120 s 23593 100.0 -1 365 gi|30 6010 8599 829 gi|58 290 2879
msp 2619 s 1313 77.0 1 117 gi|16 29052 31085 365 gi|30 6070 8175
msp 2287 s 324 86.9 1 46 gi|11 250 310 365 gi|30 8535 8599
