index 37
frag gi|10 22759 23066
img_no 51
msp 1902 s 288 79.5 1 37 gi|10 22759 23022 216 gi|21 32951 33232
msp 1353 s 276 85.0 -1 703 gi|5 13337 13483 37 gi|10 22789 22961
msp 1904 s 351 81.9 1 37 gi|10 22797 23022 650 gi|46 39244 39464
msp 1906 s 273 86.7 1 37 gi|10 22861 22965 252 gi|23 28085 28179
msp 1908 s 250 82.6 -1 37 gi|10 22868 23022 854 gi|59 13056 13190
msp 1910 s 356 84.4 1 37 gi|10 22882 23022 312 gi|27 39511 39655
msp 667 s 391 82.9 -1 19 gi|1 27201 27317 37 gi|10 22896 23022
msp 1912 s 280 87.5 -1 37 gi|10 22897 22960 738 gi|51 19330 19392
msp 1916 s 429 83.6 -1 37 gi|10 22901 23022 216 gi|21 33113 33237
msp 1914 s 277 86.4 -1 37 gi|10 22901 22959 776 gi|54 32199 32251
msp 1918 s 274 84.5 1 37 gi|10 22903 22999 248 gi|23 21305 21410
msp 1920 s 426 82.3 -1 37 gi|10 22904 23022 312 gi|27 39545 39657
msp 1922 s 260 94.0 -1 37 gi|10 22904 22986 569 gi|42 9545 9617
msp 1924 s 420 83.0 -1 37 gi|10 22905 23022 155 gi|18 36036 36150
msp 1926 s 460 89.7 1 37 gi|10 22906 23022 155 gi|18 36036 36149
msp 1928 s 446 87.2 -1 37 gi|10 22906 23022 650 gi|46 39350 39464
msp 1930 s 374 87.2 1 37 gi|10 22906 23022 121 gi|17 3044 3155
msp 669 s 371 90.9 1 19 gi|1 27201 27310 37 gi|10 22906 23022
msp 1932 s 257 86.8 -1 37 gi|10 22906 23019 691 gi|49 31616 31721
msp 1631 s 267 89.6 1 872 gi|6 24935 24982 37 gi|10 22906 22959
msp 1934 s 251 90.6 -1 37 gi|10 22906 22958 583 gi|43 11795 11842
msp 1938 s 438 85.7 -1 37 gi|10 22927 23066 121 gi|17 3005 3143
msp 1936 s 257 81.5 -1 37 gi|10 22927 23007 647 gi|46 32521 32606
msp 1940 s 258 83.9 -1 37 gi|10 22936 23022 248 gi|23 21308 21397
msp 1942 s 316 88.9 1 37 gi|10 22942 23022 720 gi|50 7302 7371
msp 1944 s 398 90.7 1 37 gi|10 22948 23022 569 gi|42 9545 9615
msp 1107 s 363 83.6 -1 918 gi|8 8260 8332 37 gi|10 22950 23022
msp 1946 s 262 82.1 -1 37 gi|10 22956 23022 681 gi|49 5775 5836
msp 883 s 397 84.4 1 341 gi|3 14427 14490 37 gi|10 22959 23022
msp 1948 s 254 85.5 -1 37 gi|10 22961 23022 568 gi|42 7966 8031
msp 145 s 277 78.8 1 523 gi|4 15259 15338 37 gi|10 22962 23042
msp 485 s 280 80.7 -1 1 gi|1 1670 1726 37 gi|10 22964 23023
msp 1950 s 287 88.9 -1 37 gi|10 22969 23022 252 gi|23 28126 28179
msp 1952 s 330 92.5 -1 37 gi|10 22970 23022 223 gi|22 3196 3250
msp 1954 s 300 88.7 1 37 gi|10 22970 23022 586 gi|43 15820 15874
msp 1956 s 285 86.5 -1 37 gi|10 22971 23022 723 gi|50 20068 20120
msp 1958 s 252 92.0 1 37 gi|10 22973 23022 738 gi|51 19329 19382
msp 1361 s 271 83.7 1 703 gi|5 13338 13386 37 gi|10 22974 23022
msp 1960 s 265 83.7 -1 37 gi|10 22974 23022 199 gi|21 1634 1682
msp 1962 s 259 89.8 1 37 gi|10 22974 23022 691 gi|49 31673 31721
msp 1964 s 292 93.8 -1 37 gi|10 22975 23038 732 gi|50 39625 39681
msp 1629 s 316 85.4 -1 872 gi|6 24935 24982 37 gi|10 22975 23022
msp 1966 s 255 85.1 1 37 gi|10 22976 23022 777 gi|54 34625 34671
msp 1968 s 273 89.4 -1 37 gi|10 22976 23022 804 gi|56 31990 32037
msp 1970 s 281 87.2 1 37 gi|10 22976 23022 446 gi|36 9585 9631
msp 59 s 375 95.7 1 520 gi|4 2504 2550 37 gi|10 22976 23022
msp 1972 s 269 91.3 -1 37 gi|10 22977 23022 776 gi|54 32226 32272
msp 1974 s 284 93.5 -1 37 gi|10 22977 23022 750 gi|52 29296 29344
msp 1976 s 290 87.0 -1 37 gi|10 22977 23022 72 gi|12 32067 32112
msp 1978 s 266 89.1 -1 37 gi|10 22977 23022 167 gi|19 31824 31871
msp 841 s 287 93.8 1 339 gi|3 11277 11324 37 gi|10 22977 23022
