index 375
frag gi|31 6056 6323
img_no 9
msp 4062 s 1024 77.7 -1 375 gi|31 6056 6306 381 gi|32 16856 17097
msp 4064 s 643 82.0 1 375 gi|31 6105 6310 381 gi|32 16840 17046
msp 1709 s 818 76.0 -1 893 gi|7 14266 14473 375 gi|31 6110 6316
msp 1795 s 491 78.3 1 900 gi|7 24976 25178 375 gi|31 6112 6314
msp 1799 s 614 75.8 -1 900 gi|7 24978 25175 375 gi|31 6115 6312
msp 1715 s 495 82.3 1 893 gi|7 14271 14468 375 gi|31 6115 6310
msp 4066 s 681 82.0 -1 375 gi|31 6118 6323 444 gi|36 6453 6656
msp 2329 s 409 81.6 -1 52 gi|11 26966 27052 375 gi|31 6118 6207
msp 4068 s 908 79.6 1 375 gi|31 6124 6319 444 gi|36 6472 6667
