index 378
frag gi|31 18864 19161
img_no 10
msp 2323 s 368 83.7 -1 52 gi|11 26892 27087 378 gi|31 18864 19066
msp 2315 s 482 78.2 1 52 gi|11 26863 27050 378 gi|31 18882 19084
msp 4070 s 822 79.1 1 378 gi|31 18890 19090 444 gi|36 6460 6661
msp 1713 s 432 84.1 1 893 gi|7 14269 14544 378 gi|31 18891 19161
msp 4072 s 475 77.9 -1 378 gi|31 18891 19107 444 gi|36 6446 6662
msp 1793 s 745 82.7 -1 900 gi|7 24976 25177 378 gi|31 18891 19092
msp 1801 s 392 81.9 1 900 gi|7 24978 25176 378 gi|31 18892 19090
msp 4074 s 654 82.9 1 378 gi|31 18894 19092 381 gi|32 16851 17049
msp 1703 s 654 78.5 -1 893 gi|7 14227 14463 378 gi|31 18898 19125
msp 4076 s 909 80.5 -1 378 gi|31 18898 19087 381 gi|32 16853 17042
