index 381
frag gi|32 16828 17097
img_no 12
msp 1789 s 668 80.2 1 900 gi|7 24959 25170 381 gi|32 16828 17042
msp 4065 s 643 82.0 1 375 gi|31 6105 6310 381 gi|32 16840 17046
msp 1717 s 568 78.7 -1 893 gi|7 14272 14473 381 gi|32 16846 17046
msp 1791 s 438 76.6 -1 900 gi|7 24974 25174 381 gi|32 16851 17051
msp 4075 s 654 82.9 1 378 gi|31 18894 19092 381 gi|32 16851 17049
msp 4077 s 909 80.5 -1 378 gi|31 18898 19087 381 gi|32 16853 17042
msp 4042 s 686 80.1 1 381 gi|32 16855 17045 444 gi|36 6466 6657
msp 2333 s 266 87.3 -1 52 gi|11 26997 27051 381 gi|32 16855 16909
msp 4063 s 1024 77.7 -1 375 gi|31 6056 6306 381 gi|32 16856 17097
msp 1719 s 1014 85.6 1 893 gi|7 14276 14497 381 gi|32 16856 17085
msp 4044 s 881 79.8 -1 381 gi|32 16856 17058 444 gi|36 6456 6654
msp 2331 s 349 87.0 1 52 gi|11 26997 27050 381 gi|32 16989 17042
