index 4
frag gi|1 4742 4911
img_no 19
msp 528 s 380 79.5 1 4 gi|1 4742 4897 66 gi|12 15619 15769
msp 538 s 467 82.9 -1 4 gi|1 4789 4911 55 gi|12 748 870
msp 540 s 440 82.6 -1 4 gi|1 4789 4903 66 gi|12 15654 15763
msp 536 s 475 82.5 -1 4 gi|1 4789 4902 66 gi|12 15714 15824
msp 534 s 366 78.2 1 4 gi|1 4789 4898 572 gi|42 14930 15034
msp 542 s 316 77.3 1 4 gi|1 4789 4898 66 gi|12 15727 15831
msp 546 s 282 80.9 1 4 gi|1 4789 4898 55 gi|12 773 877
msp 530 s 499 87.2 -1 4 gi|1 4789 4897 572 gi|42 14924 15027
msp 532 s 431 80.7 -1 4 gi|1 4789 4897 572 gi|42 14985 15088
msp 548 s 278 81.7 -1 4 gi|1 4789 4870 63 gi|12 14372 14448
msp 544 s 291 82.7 -1 4 gi|1 4789 4869 66 gi|12 15627 15702
msp 550 s 342 78.9 1 4 gi|1 4790 4898 572 gi|42 14992 15095
msp 552 s 352 79.8 -1 4 gi|1 4804 4897 572 gi|42 15046 15133
msp 554 s 355 82.2 1 4 gi|1 4808 4908 63 gi|12 14372 14469
msp 558 s 308 78.7 -1 4 gi|1 4809 4897 55 gi|12 828 909
msp 556 s 338 84.1 1 4 gi|1 4809 4896 66 gi|12 15627 15707
msp 560 s 344 83.9 1 4 gi|1 4810 4902 55 gi|12 734 820
msp 562 s 262 75.9 1 4 gi|1 4843 4896 572 gi|42 14918 14971
msp 564 s 297 83.3 -1 4 gi|1 4850 4897 66 gi|12 15782 15829
