index 422
frag gi|34 30714 33413
img_no 7
msp 4194 s 1395 77.5 -1 422 gi|34 30714 32979 864 gi|59 37726 39902
msp 4417 s 1354 76.7 1 328 gi|29 11878 14056 422 gi|34 30717 32979
msp 2615 s 1374 76.9 1 117 gi|16 28992 31085 422 gi|34 30798 32979
msp 4119 s 23605 99.9 1 365 gi|30 6009 8607 422 gi|34 30813 33413
msp 4196 s 23593 100.0 -1 422 gi|34 30814 33403 829 gi|58 290 2879
msp 3257 s 1313 77.0 1 212 gi|21 22481 24514 422 gi|34 30874 32979
msp 2285 s 324 86.9 1 46 gi|11 250 310 422 gi|34 33339 33403
