index 446
frag gi|36 9538 11263
img_no 55
msp 4268 s 303 86.3 1 446 gi|36 9538 9632 586 gi|43 15777 15875
msp 2869 s 294 89.1 1 140 gi|18 3718 3809 446 gi|36 9552 9635
msp 4270 s 276 83.8 1 446 gi|36 9553 9632 506 gi|39 15092 15170
msp 681 s 284 84.4 1 19 gi|1 27251 27314 446 gi|36 9567 9635
msp 4272 s 316 83.6 -1 446 gi|36 9568 9634 650 gi|46 39347 39416
msp 4274 s 388 94.2 1 446 gi|36 9569 9637 583 gi|43 11778 11849
msp 2807 s 251 92.2 1 129 gi|17 20906 20969 446 gi|36 9569 9633
msp 4276 s 294 82.3 -1 446 gi|36 9570 9631 732 gi|50 39634 39694
msp 3473 s 294 86.4 -1 234 gi|22 34679 34744 446 gi|36 9571 9634
msp 3617 s 399 96.6 -1 252 gi|23 28122 28180 446 gi|36 9573 9635
msp 3311 s 331 94.9 1 216 gi|21 33181 33239 446 gi|36 9575 9639
msp 4278 s 282 87.7 1 446 gi|36 9575 9631 693 gi|49 36466 36521
msp 3905 s 360 79.2 -1 312 gi|27 39360 39600 446 gi|36 9578 9810
msp 3949 s 396 89.4 1 312 gi|27 39605 39670 446 gi|36 9581 9643
msp 4280 s 406 92.5 1 446 gi|36 9582 9634 777 gi|54 34622 34674
msp 4282 s 339 88.5 -1 446 gi|36 9582 9633 776 gi|54 32224 32276
msp 39 s 353 88.7 1 520 gi|4 2502 2554 446 gi|36 9583 9635
msp 3879 s 252 83.3 -1 300 gi|27 10130 10225 446 gi|36 9584 9670
msp 4284 s 271 82.5 1 446 gi|36 9584 9640 596 gi|43 39825 39884
msp 4288 s 345 81.5 -1 446 gi|36 9585 9649 681 gi|49 5756 5821
msp 4290 s 359 90.3 -1 446 gi|36 9585 9646 723 gi|50 20057 20115
msp 1073 s 311 83.9 -1 918 gi|8 8251 8306 446 gi|36 9585 9641
msp 4286 s 380 89.5 -1 446 gi|36 9585 9641 586 gi|43 15881 15937
msp 4292 s 317 87.8 -1 446 gi|36 9585 9633 804 gi|56 31988 32037
msp 1379 s 360 93.8 1 703 gi|5 13340 13387 446 gi|36 9585 9632
msp 1971 s 281 87.2 1 37 gi|10 22976 23022 446 gi|36 9585 9631
msp 3555 s 335 85.7 -1 248 gi|23 21267 21357 446 gi|36 9586 9680
msp 3147 s 311 81.3 -1 199 gi|21 1605 1679 446 gi|36 9586 9658
msp 4302 s 271 88.7 1 446 gi|36 9586 9647 650 gi|46 39414 39479
msp 1589 s 363 90.2 -1 872 gi|6 24930 24980 446 gi|36 9586 9636
msp 4300 s 327 90.2 1 446 gi|36 9586 9636 854 gi|59 13105 13154
msp 2247 s 325 86.0 -1 72 gi|12 32063 32112 446 gi|36 9586 9635
msp 4294 s 318 86.0 1 446 gi|36 9586 9635 569 gi|42 9570 9619
msp 4296 s 300 89.8 -1 446 gi|36 9586 9634 568 gi|42 7963 8013
msp 649 s 262 92.0 -1 19 gi|1 27198 27247 446 gi|36 9586 9634
msp 2739 s 304 87.2 -1 121 gi|17 3043 3089 446 gi|36 9586 9632
msp 3009 s 309 91.5 -1 155 gi|18 36035 36081 446 gi|36 9586 9632
msp 4298 s 326 91.5 1 446 gi|36 9586 9632 691 gi|49 31676 31722
msp 173 s 270 95.7 1 523 gi|4 15276 15321 446 gi|36 9586 9631
msp 283 s 250 91.5 -1 534 gi|4 32854 32900 446 gi|36 9586 9631
msp 3091 s 304 91.3 -1 158 gi|19 692 737 446 gi|36 9586 9631
msp 431 s 270 95.7 1 184 gi|2 21064 21109 446 gi|36 9586 9631
msp 947 s 293 87.0 1 341 gi|3 14445 14490 446 gi|36 9586 9631
msp 2037 s 281 88.9 1 39 gi|10 30545 30616 446 gi|36 9588 9662
msp 3847 s 1075 75.6 1 290 gi|26 27323 28912 446 gi|36 9673 11263
msp 3855 s 800 70.6 1 291 gi|26 29154 29888 446 gi|36 9686 10408
msp 1005 s 406 76.0 -1 910 gi|8 51 425 446 gi|36 9711 10076
msp 783 s 310 67.5 1 334 gi|3 6240 6365 446 gi|36 9717 9842
msp 3359 s 1639 75.6 1 194 gi|20 19290 20064 446 gi|36 9731 10502
msp 3371 s 266 77.5 1 196 gi|20 21456 22129 446 gi|36 9732 10396
msp 1549 s 335 79.6 -1 871 gi|6 24068 24626 446 gi|36 9738 10302
msp 789 s 275 74.7 1 335 gi|3 6485 6777 446 gi|36 10049 10342
msp 4304 s 252 81.5 1 446 gi|36 10250 10352 588 gi|43 22594 22691
msp 1323 s 252 86.0 1 702 gi|5 8550 8592 446 gi|36 10260 10302
msp 3363 s 269 75.9 1 195 gi|20 20427 21015 446 gi|36 10649 11251
