index 447
frag gi|36 11531 11705
img_no 20
msp 4399 s 411 81.6 -1 434 gi|35 29623 29758 447 gi|36 11531 11664
msp 3751 s 301 85.3 -1 270 gi|24 35142 35209 447 gi|36 11531 11597
msp 3895 s 322 91.8 1 302 gi|27 13811 13859 447 gi|36 11535 11583
msp 4365 s 302 98.1 1 426 gi|35 19920 19971 447 gi|36 11535 11580
msp 319 s 261 95.9 -1 173 gi|2 3029 3077 447 gi|36 11535 11577
msp 3767 s 296 78.0 -1 272 gi|25 5920 6051 447 gi|36 11562 11687
msp 4306 s 420 82.7 -1 447 gi|36 11602 11705 810 gi|57 2355 2461
msp 2583 s 304 77.8 1 85 gi|13 13759 13848 447 gi|36 11605 11704
msp 4031 s 355 78.8 1 326 gi|28 34057 34155 447 gi|36 11606 11700
msp 4308 s 351 78.7 -1 447 gi|36 11612 11705 555 gi|40 37348 37443
msp 4310 s 357 80.8 -1 447 gi|36 11612 11705 560 gi|41 16463 16557
msp 3733 s 375 82.1 -1 267 gi|24 23589 23672 447 gi|36 11620 11705
msp 3683 s 340 81.5 -1 260 gi|24 5615 5695 447 gi|36 11621 11704
msp 4312 s 276 82.9 -1 447 gi|36 11622 11697 673 gi|48 35434 35504
msp 4159 s 391 77.8 -1 397 gi|33 22199 22279 447 gi|36 11624 11705
msp 1781 s 325 74.7 1 899 gi|7 23495 23573 447 gi|36 11624 11703
msp 4314 s 280 81.5 -1 447 gi|36 11628 11692 792 gi|56 1693 1757
msp 4316 s 371 90.6 -1 447 gi|36 11641 11704 680 gi|49 3892 3956
msp 4318 s 378 82.8 1 447 gi|36 11642 11705 546 gi|40 18929 18993
msp 3989 s 318 85.0 1 315 gi|28 14269 14328 447 gi|36 11642 11703
