index 448
frag gi|36 11735 12674
img_no 9
msp 3853 s 320 73.6 1 291 gi|26 29141 29485 448 gi|36 11735 12072
msp 3849 s 267 76.2 1 290 gi|26 27350 27988 448 gi|36 11747 12388
msp 3367 s 399 75.9 1 196 gi|20 21419 21630 448 gi|36 11747 11956
msp 1865 s 341 71.3 1 32 gi|10 15335 15609 448 gi|36 11774 12040
msp 2983 s 300 77.6 1 153 gi|18 32984 33233 448 gi|36 11801 12040
msp 4320 s 328 81.1 1 448 gi|36 11823 12123 658 gi|47 19479 19782
msp 3857 s 293 73.9 1 291 gi|26 29411 29873 448 gi|36 12094 12562
msp 3851 s 289 75.2 1 290 gi|26 27704 28155 448 gi|36 12203 12674
msp 3361 s 476 76.1 1 194 gi|20 19668 19993 448 gi|36 12272 12600
