index 466
frag gi|37 17877 18061
img_no 10
msp 1423 s 339 79.7 1 705 gi|5 15000 15058 466 gi|37 17877 17935
msp 3411 s 323 80.4 -1 226 gi|22 17077 17132 466 gi|37 17880 17935
msp 4087 s 259 77.1 1 354 gi|30 1875 2053 466 gi|37 17883 18061
msp 3545 s 251 75.5 1 247 gi|23 19121 19218 466 gi|37 17919 18021
msp 3533 s 275 86.2 1 241 gi|23 13435 13514 466 gi|37 17944 18022
msp 4093 s 250 79.5 1 355 gi|30 2107 2184 466 gi|37 17947 18023
msp 3233 s 267 82.1 1 209 gi|21 20423 20489 466 gi|37 17949 18015
msp 4228 s 590 98.4 1 466 gi|37 17957 18020 688 gi|49 24513 24576
msp 4230 s 254 74.1 1 466 gi|37 17957 18010 646 gi|46 31171 31224
msp 4232 s 254 74.1 -1 466 gi|37 17957 18010 731 gi|50 37024 37077
