index 472
frag gi|37 34190 34678
img_no 7
msp 2371 s 271 76.3 1 938 gi|9 14336 14618 472 gi|37 34190 34480
msp 3097 s 358 79.6 -1 159 gi|19 5218 5638 472 gi|37 34236 34614
msp 4248 s 448 82.5 -1 472 gi|37 34245 34678 670 gi|48 27939 28366
msp 2373 s 271 80.0 1 938 gi|9 14352 14706 472 gi|37 34281 34614
msp 4250 s 323 78.4 -1 472 gi|37 34317 34520 670 gi|48 28190 28381
msp 2369 s 267 80.3 1 937 gi|9 14030 14156 472 gi|37 34364 34469
msp 3099 s 328 76.4 -1 159 gi|19 5357 5631 472 gi|37 34378 34622
