index 489
frag gi|38 23853 24192
img_no 23
msp 2937 s 313 75.9 -1 148 gi|18 21939 22245 489 gi|38 23853 24147
msp 2187 s 304 75.5 -1 71 gi|12 28020 28296 489 gi|38 23881 24145
msp 1251 s 282 77.9 1 701 gi|5 6999 7129 489 gi|38 24018 24146
msp 2427 s 359 81.9 -1 944 gi|9 22351 22488 489 gi|38 24031 24154
msp 2751 s 264 77.2 -1 121 gi|17 3044 3166 489 gi|38 24032 24146
msp 2111 s 408 86.2 -1 62 gi|12 11691 11799 489 gi|38 24034 24146
msp 2761 s 341 84.9 1 121 gi|17 3046 3164 489 gi|38 24044 24156
msp 2203 s 345 79.0 1 71 gi|12 28021 28120 489 gi|38 24045 24146
msp 4474 s 387 78.9 -1 489 gi|38 24046 24192 669 gi|48 21693 21841
msp 4476 s 314 78.6 1 489 gi|38 24046 24148 669 gi|48 21743 21846
msp 2407 s 297 77.7 1 942 gi|9 19656 19758 489 gi|38 24046 24147
msp 491 s 275 80.0 -1 1 gi|1 1670 1769 489 gi|38 24046 24147
msp 1275 s 332 80.6 -1 701 gi|5 7024 7126 489 gi|38 24046 24146
msp 2463 s 306 77.4 1 944 gi|9 22362 22467 489 gi|38 24046 24146
msp 2957 s 312 72.7 1 148 gi|18 21943 22041 489 gi|38 24046 24146
msp 4470 s 339 82.2 -1 489 gi|38 24046 24146 516 gi|39 33913 34017
msp 4472 s 271 82.2 1 489 gi|38 24046 24146 516 gi|39 33916 34020
msp 4480 s 301 77.2 1 489 gi|38 24046 24146 879 gi|60 5091 5198
msp 4482 s 287 77.2 -1 489 gi|38 24046 24146 879 gi|60 5088 5195
msp 4478 s 252 81.8 1 489 gi|38 24046 24089 694 gi|49 37737 37780
msp 1231 s 262 86.0 1 933 gi|8 28252 28294 489 gi|38 24046 24088
msp 4484 s 306 83.2 1 489 gi|38 24054 24148 647 gi|46 32520 32620
msp 4486 s 252 85.3 -1 489 gi|38 24072 24146 549 gi|40 24381 24451
