index 518
frag gi|4 1452 1601
img_no 11
msp 0 s 255 80.7 1 518 gi|4 1452 1560 703 gi|5 13289 13388
msp 2 s 298 88.1 1 518 gi|4 1494 1560 586 gi|43 15815 15876
msp 4 s 262 95.0 1 518 gi|4 1500 1559 738 gi|51 19325 19383
msp 6 s 261 90.0 -1 518 gi|4 1501 1560 918 gi|8 8258 8317
msp 8 s 266 84.1 1 518 gi|4 1509 1571 777 gi|54 34624 34684
msp 953 s 280 81.2 1 341 gi|3 14447 14531 518 gi|4 1514 1601
msp 853 s 290 96.2 1 339 gi|3 11279 11331 518 gi|4 1514 1565
msp 12 s 250 87.8 -1 518 gi|4 1514 1562 872 gi|6 24931 24978
msp 14 s 281 89.6 -1 518 gi|4 1514 1561 167 gi|19 31821 31869
msp 10 s 274 93.6 -1 518 gi|4 1514 1560 750 gi|52 29294 29342
msp 16 s 258 88.9 -1 518 gi|4 1514 1558 223 gi|22 3196 3240
