index 52
frag gi|11 26581 27087
img_no 19
msp 2308 s 345 78.5 1 52 gi|11 26581 27054 444 gi|36 6156 6658
msp 2310 s 410 74.3 -1 52 gi|11 26643 27051 56 gi|12 5246 5678
msp 1687 s 521 73.6 1 892 gi|7 13870 14244 52 gi|11 26696 27065
msp 2312 s 443 79.1 1 52 gi|11 26850 26959 56 gi|12 5220 5332
msp 2314 s 482 78.2 1 52 gi|11 26863 27050 378 gi|31 18882 19084
msp 1697 s 528 74.6 -1 892 gi|7 14047 14243 52 gi|11 26869 27059
msp 2316 s 584 81.4 1 52 gi|11 26869 27008 206 gi|21 13749 13895
msp 2318 s 587 82.1 1 52 gi|11 26872 27005 835 gi|58 18462 18598
msp 2320 s 382 75.4 -1 52 gi|11 26874 27060 835 gi|58 18461 18650
msp 2322 s 368 83.7 -1 52 gi|11 26892 27087 378 gi|31 18864 19066
msp 2324 s 463 73.1 -1 52 gi|11 26905 27064 206 gi|21 13747 13906
msp 1803 s 270 79.0 -1 900 gi|7 24982 25105 52 gi|11 26940 27052
msp 2326 s 321 77.6 -1 52 gi|11 26953 27086 444 gi|36 6432 6565
msp 2328 s 409 81.6 -1 52 gi|11 26966 27052 375 gi|31 6118 6207
msp 1807 s 312 82.2 1 900 gi|7 25094 25200 52 gi|11 26974 27079
msp 1705 s 383 82.7 -1 893 gi|7 14255 14329 52 gi|11 26997 27074
msp 1721 s 297 84.8 1 893 gi|7 14409 14467 52 gi|11 26997 27053
msp 2332 s 266 87.3 -1 52 gi|11 26997 27051 381 gi|32 16855 16909
msp 2330 s 349 87.0 1 52 gi|11 26997 27050 381 gi|32 16989 17042
