index 527
frag gi|4 19562 19943
img_no 14
msp 188 s 255 71.6 1 527 gi|4 19562 19716 427 gi|35 21075 21228
msp 190 s 253 78.7 1 527 gi|4 19571 19725 716 gi|5 35970 36136
msp 192 s 442 76.9 -1 527 gi|4 19606 19839 126 gi|17 12250 12476
msp 194 s 363 80.5 -1 527 gi|4 19612 19724 226 gi|22 17070 17201
msp 196 s 385 78.5 -1 527 gi|4 19649 19839 125 gi|17 12134 12323
msp 198 s 372 76.7 1 527 gi|4 19699 19844 209 gi|21 20352 20492
msp 200 s 366 78.0 -1 527 gi|4 19712 19943 666 gi|48 8773 9009
msp 202 s 292 82.8 -1 527 gi|4 19724 19839 126 gi|17 12366 12474
msp 204 s 265 77.9 -1 527 gi|4 19751 19845 226 gi|22 17070 17159
msp 206 s 263 84.8 1 527 gi|4 19765 19843 365 gi|30 5759 5835
msp 208 s 762 93.9 1 527 gi|4 19770 19884 716 gi|5 36060 36170
msp 210 s 345 78.8 -1 527 gi|4 19774 19943 683 gi|49 15240 15429
msp 212 s 299 80.3 -1 527 gi|4 19779 19854 106 gi|15 4007 4083
msp 214 s 312 82.1 1 527 gi|4 19782 19837 651 gi|47 1913 1968
