index 531
frag gi|4 23844 24036
img_no 8
msp 230 s 466 85.0 -1 531 gi|4 23844 23970 426 gi|35 19860 19983
msp 232 s 425 85.7 1 531 gi|4 23857 23968 426 gi|35 19861 19971
msp 234 s 251 88.5 1 531 gi|4 23908 23968 302 gi|27 13804 13856
msp 321 s 294 85.2 -1 173 gi|2 3029 3082 531 gi|4 23913 23965
msp 238 s 347 86.1 -1 531 gi|4 23919 24019 623 gi|45 13561 13654
msp 236 s 264 81.5 -1 531 gi|4 23918 24036 606 gi|44 22414 22530
msp 240 s 306 86.4 -1 531 gi|4 23922 24031 793 gi|56 1905 2000
msp 242 s 293 84.8 1 531 gi|4 23941 24019 624 gi|45 13629 13705
