index 549
frag gi|40 24357 24477
img_no 12
msp 4598 s 284 84.8 1 549 gi|40 24357 24455 678 gi|49 2129 2219
msp 4555 s 261 85.9 1 516 gi|39 33907 33991 549 gi|40 24374 24451
msp 1261 s 305 84.5 1 701 gi|5 7017 7126 549 gi|40 24375 24477
msp 4600 s 298 87.3 -1 549 gi|40 24376 24454 647 gi|46 32535 32623
msp 4602 s 284 87.5 -1 549 gi|40 24380 24451 669 gi|48 21769 21845
msp 2085 s 303 88.1 -1 58 gi|12 8616 8674 549 gi|40 24380 24440
msp 4011 s 260 88.9 -1 324 gi|28 33277 33330 549 gi|40 24380 24437
msp 2411 s 283 87.3 -1 942 gi|9 19679 19757 549 gi|40 24381 24454
msp 4487 s 252 85.3 -1 489 gi|38 24072 24146 549 gi|40 24381 24451
msp 4604 s 318 89.1 -1 549 gi|40 24381 24444 655 gi|47 16798 16858
msp 4355 s 265 90.6 1 424 gi|35 11404 11467 549 gi|40 24381 24441
msp 2199 s 324 90.1 1 71 gi|12 28020 28090 549 gi|40 24382 24450
