index 55
frag gi|12 730 916
img_no 14
msp 2056 s 447 73.3 1 55 gi|12 730 849 572 gi|42 15009 15128
msp 561 s 344 83.9 1 4 gi|1 4810 4902 55 gi|12 734 820
msp 2058 s 675 75.6 -1 55 gi|12 737 916 572 gi|42 14944 15123
msp 2060 s 606 77.1 -1 55 gi|12 737 876 572 gi|42 14924 15062
msp 2062 s 362 79.1 -1 55 gi|12 737 827 572 gi|42 14910 15001
msp 2064 s 689 74.4 1 55 gi|12 738 905 572 gi|42 14957 15123
msp 539 s 467 82.9 -1 4 gi|1 4789 4911 55 gi|12 748 870
msp 2066 s 615 79.6 1 55 gi|12 766 907 572 gi|42 14924 15064
msp 763 s 254 80.8 -1 24 gi|1 38572 38623 55 gi|12 766 818
msp 765 s 260 82.2 1 24 gi|1 38580 38624 55 gi|12 772 816
msp 547 s 282 80.9 1 4 gi|1 4789 4898 55 gi|12 773 877
msp 2068 s 323 72.9 -1 55 gi|12 798 915 572 gi|42 15008 15124
msp 2070 s 463 85.2 1 55 gi|12 827 907 572 gi|42 14923 15003
msp 559 s 308 78.7 -1 4 gi|1 4809 4897 55 gi|12 828 909
