index 557
frag gi|41 1896 2958
img_no 13
msp 3403 s 292 90.2 1 224 gi|22 6475 6525 557 gi|41 1896 1948
msp 1845 s 253 86.8 -1 28 gi|10 1915 1967 557 gi|41 1901 1948
msp 4628 s 251 85.6 -1 557 gi|41 1907 1996 780 gi|55 8139 8217
msp 2499 s 311 96.0 -1 104 gi|15 417 466 557 gi|41 1908 1956
msp 4630 s 269 89.4 1 557 gi|41 1909 1955 852 gi|59 10037 10083
msp 297 s 265 89.5 1 537 gi|4 37162 37199 557 gi|41 1911 1948
msp 4632 s 573 75.3 -1 557 gi|41 1913 2958 649 gi|46 34617 35762
msp 4634 s 252 96.7 -1 557 gi|41 1917 1946 569 gi|42 9595 9624
msp 1583 s 260 90.3 1 872 gi|6 24928 24999 557 gi|41 1919 1978
msp 4636 s 260 96.8 1 557 gi|41 1919 1949 764 gi|53 35093 35123
msp 3991 s 267 97.3 1 317 gi|28 20038 20074 557 gi|41 1920 1953
msp 4638 s 254 100.0 1 557 gi|41 1922 1949 648 gi|46 34476 34503
msp 4640 s 254 87.5 1 557 gi|41 1924 1963 573 gi|42 16134 16175
