index 569
frag gi|42 9457 9645
img_no 43
msp 3275 s 422 86.2 -1 216 gi|21 33107 33323 569 gi|42 9457 9621
msp 3929 s 325 83.4 -1 312 gi|27 39541 39691 569 gi|42 9497 9619
msp 4692 s 310 88.8 1 569 gi|42 9514 9620 650 gi|46 39326 39469
msp 4694 s 266 96.9 -1 569 gi|42 9528 9559 583 gi|43 11818 11849
msp 619 s 333 93.6 -1 19 gi|1 27187 27311 569 gi|42 9534 9633
msp 4696 s 252 90.6 -1 569 gi|42 9534 9618 650 gi|46 39347 39465
msp 677 s 317 89.7 1 19 gi|1 27238 27315 569 gi|42 9545 9620
msp 3941 s 276 81.8 1 312 gi|27 39583 39659 569 gi|42 9545 9619
msp 1923 s 260 94.0 -1 37 gi|10 22904 22986 569 gi|42 9545 9617
msp 2719 s 391 88.5 -1 121 gi|17 3043 3120 569 gi|42 9545 9616
msp 3013 s 305 84.5 -1 155 gi|18 36035 36105 569 gi|42 9545 9616
msp 1945 s 398 90.7 1 37 gi|10 22948 23022 569 gi|42 9545 9615
msp 813 s 288 85.5 1 339 gi|3 11259 11327 569 gi|42 9547 9618
msp 3301 s 352 85.9 1 216 gi|21 33166 33264 569 gi|42 9550 9639
msp 1097 s 300 79.7 -1 918 gi|8 8259 8317 569 gi|42 9556 9616
msp 3621 s 348 85.2 -1 252 gi|23 28122 28182 569 gi|42 9560 9619
msp 4700 s 295 85.9 -1 569 gi|42 9561 9631 586 gi|43 15876 15946
msp 4698 s 339 89.9 1 569 gi|42 9561 9629 691 gi|49 31666 31736
msp 2243 s 347 85.2 -1 72 gi|12 32063 32123 569 gi|42 9561 9619
msp 2815 s 257 86.2 1 129 gi|17 20912 20969 569 gi|42 9561 9617
msp 4702 s 265 93.1 1 569 gi|42 9563 9620 738 gi|51 19327 19388
msp 895 s 362 90.7 1 341 gi|3 14437 14490 569 gi|42 9563 9615
msp 3157 s 335 86.4 -1 199 gi|21 1627 1685 569 gi|42 9564 9620
msp 2877 s 324 87.9 1 140 gi|18 3753 3818 569 gi|42 9565 9629
msp 3395 s 325 87.0 -1 223 gi|22 3194 3247 569 gi|42 9565 9617
msp 1581 s 390 86.0 -1 872 gi|6 24928 24984 569 gi|42 9566 9622
msp 4706 s 290 88.3 -1 569 gi|42 9569 9628 750 gi|52 29286 29345
msp 4704 s 267 80.0 1 569 gi|42 9569 9623 583 gi|43 11795 11850
msp 3125 s 250 82.7 -1 167 gi|19 31821 31872 569 gi|42 9569 9618
msp 4708 s 281 87.8 -1 569 gi|42 9569 9617 776 gi|54 32224 32273
msp 3047 s 297 90.0 -1 158 gi|19 668 737 569 gi|42 9570 9645
msp 2375 s 255 87.7 1 939 gi|9 15697 15753 569 gi|42 9570 9639
msp 4714 s 263 75.4 -1 569 gi|42 9570 9630 681 gi|49 5760 5820
msp 3451 s 326 86.9 -1 234 gi|22 34666 34726 569 gi|42 9570 9629
msp 77 s 399 92.3 1 520 gi|4 2505 2556 569 gi|42 9570 9621
msp 4295 s 318 86.0 1 446 gi|36 9586 9635 569 gi|42 9570 9619
msp 4710 s 283 85.7 -1 569 gi|42 9570 9618 723 gi|50 20065 20114
msp 4720 s 258 81.6 1 569 gi|42 9570 9618 777 gi|54 34626 34674
msp 4718 s 311 91.7 -1 569 gi|42 9570 9617 804 gi|56 31988 32036
msp 1389 s 254 83.0 1 703 gi|5 13341 13387 569 gi|42 9570 9616
msp 4716 s 334 91.5 1 569 gi|42 9570 9616 586 gi|43 15829 15875
msp 4712 s 260 93.5 1 569 gi|42 9570 9615 720 gi|50 7328 7371
msp 4635 s 252 96.7 -1 557 gi|41 1917 1946 569 gi|42 9595 9624
