index 571
frag gi|42 13037 13355
img_no 9
msp 3207 s 274 81.1 -1 209 gi|21 20266 20567 571 gi|42 13037 13318
msp 4724 s 399 84.6 1 571 gi|42 13037 13179 666 gi|48 8795 8951
msp 4726 s 271 82.7 -1 571 gi|42 13037 13134 719 gi|50 6052 6139
msp 4728 s 264 75.4 1 571 gi|42 13111 13179 724 gi|50 20871 20938
msp 4517 s 321 73.8 1 502 gi|39 9991 10120 571 gi|42 13207 13339
msp 4730 s 367 79.9 1 571 gi|42 13208 13346 666 gi|48 8877 9012
msp 3225 s 250 83.3 -1 209 gi|21 20413 20490 571 gi|42 13210 13287
msp 4371 s 254 81.8 -1 427 gi|35 21156 21232 571 gi|42 13210 13287
msp 4732 s 262 77.5 1 571 gi|42 13214 13355 724 gi|50 20871 21011
