index 579
frag gi|42 37279 37533
img_no 14
msp 4748 s 297 77.1 -1 579 gi|42 37279 37518 583 gi|43 11799 12037
msp 3145 s 276 77.0 1 199 gi|21 1604 1677 579 gi|42 37444 37518
msp 4750 s 262 82.7 -1 579 gi|42 37444 37518 854 gi|59 13107 13181
msp 3267 s 292 85.2 1 216 gi|21 33096 33156 579 gi|42 37458 37518
msp 4752 s 256 91.8 1 579 gi|42 37458 37518 650 gi|46 39339 39396
msp 2235 s 274 82.7 1 72 gi|12 32059 32110 579 gi|42 37465 37518
msp 4754 s 281 84.9 1 579 gi|42 37466 37518 750 gi|52 29286 29342
msp 955 s 315 86.0 -1 341 gi|3 14447 14496 579 gi|42 37468 37518
msp 3471 s 255 88.5 1 234 gi|22 34678 34729 579 gi|42 37470 37523
msp 3307 s 260 88.7 -1 216 gi|21 33174 33235 579 gi|42 37471 37533
msp 4756 s 324 89.6 -1 579 gi|42 37471 37518 586 gi|43 15831 15877
msp 1617 s 258 82.6 1 872 gi|6 24933 24978 579 gi|42 37472 37518
msp 2721 s 319 86.8 1 121 gi|17 3043 3095 579 gi|42 37473 37526
msp 47 s 265 87.8 -1 520 gi|4 2503 2551 579 gi|42 37473 37520
