index 58
frag gi|12 8608 8685
img_no 9
msp 481 s 285 84.0 -1 1 gi|1 1669 1743 58 gi|12 8608 8675
msp 2084 s 303 88.1 -1 58 gi|12 8616 8674 549 gi|40 24380 24440
msp 1201 s 273 80.0 -1 933 gi|8 28237 28301 58 gi|12 8622 8685
msp 2086 s 317 84.9 -1 58 gi|12 8623 8675 424 gi|35 11402 11454
msp 1029 s 323 84.3 1 911 gi|8 460 510 58 gi|12 8623 8673
msp 2088 s 287 86.0 1 58 gi|12 8625 8674 669 gi|48 21796 21845
msp 2090 s 325 89.4 1 58 gi|12 8628 8674 647 gi|46 32573 32619
msp 2447 s 252 85.4 -1 944 gi|9 22358 22405 58 gi|12 8629 8674
msp 1273 s 253 86.0 -1 701 gi|5 7023 7065 58 gi|12 8630 8674
