index 588
frag gi|43 21926 23369
img_no 10
msp 2967 s 1572 77.8 1 153 gi|18 31970 33286 588 gi|43 21926 23229
msp 2977 s 475 75.1 1 154 gi|18 32923 34242 588 gi|43 22005 23345
msp 1867 s 290 75.8 1 32 gi|10 15336 15933 588 gi|43 22039 22651
msp 4902 s 282 77.6 1 588 gi|43 22043 22493 774 gi|54 28803 29241
msp 1019 s 264 82.0 -1 910 gi|8 139 393 588 gi|43 22070 22318
msp 4904 s 256 76.5 -1 588 gi|43 22448 22694 628 gi|45 23309 23561
msp 4906 s 313 73.1 -1 588 gi|43 22570 22766 825 gi|57 35356 35555
msp 4743 s 277 80.6 -1 577 gi|42 27070 27167 588 gi|43 22571 22668
msp 4305 s 252 81.5 1 446 gi|36 10250 10352 588 gi|43 22594 22691
msp 2969 s 706 77.9 1 153 gi|18 32085 32568 588 gi|43 22867 23369
