index 609
frag gi|44 26707 27426
img_no 8
msp 4814 s 455 82.5 1 609 gi|44 26707 26872 846 gi|58 37171 37336
msp 4816 s 254 81.5 1 609 gi|44 26710 26817 633 gi|45 32177 32296
msp 4511 s 325 81.2 -1 499 gi|39 6000 6175 609 gi|44 26717 26873
msp 339 s 504 77.3 1 180 gi|2 16532 17015 609 gi|44 26737 27228
msp 2477 s 340 80.8 1 949 gi|9 37832 37904 609 gi|44 26766 26838
msp 4193 s 357 77.6 -1 408 gi|33 35408 35791 609 gi|44 26823 27219
msp 4547 s 480 77.3 -1 514 gi|39 31214 31747 609 gi|44 26895 27426
msp 4818 s 473 79.2 1 609 gi|44 26901 27386 843 gi|58 32663 33145
