index 63
frag gi|12 14356 14475
img_no 10
msp 2118 s 251 77.2 -1 63 gi|12 14356 14456 572 gi|42 15044 15143
msp 743 s 363 89.1 1 24 gi|1 38524 38624 63 gi|12 14359 14455
msp 555 s 355 82.2 1 4 gi|1 4808 4908 63 gi|12 14372 14469
msp 2124 s 335 78.1 -1 63 gi|12 14372 14467 572 gi|42 14971 15067
msp 2120 s 482 81.3 -1 63 gi|12 14372 14462 572 gi|42 14916 15006
msp 2122 s 390 80.0 1 63 gi|12 14372 14456 572 gi|42 14951 15035
msp 549 s 278 81.7 -1 4 gi|1 4789 4870 63 gi|12 14372 14448
msp 2126 s 305 81.2 1 63 gi|12 14377 14456 572 gi|42 15017 15096
msp 757 s 300 75.8 -1 24 gi|1 38567 38632 63 gi|12 14396 14462
msp 2128 s 336 82.3 1 63 gi|12 14397 14475 572 gi|42 14915 14992
