index 631
frag gi|45 28134 28248
img_no 8
msp 2833 s 297 87.2 -1 129 gi|17 20923 21016 631 gi|45 28134 28215
msp 3913 s 301 80.6 1 312 gi|27 39526 39597 631 gi|45 28152 28223
msp 2335 s 309 90.0 -1 54 gi|11 33409 33488 631 gi|45 28159 28234
msp 2899 s 307 87.0 -1 140 gi|18 3760 3813 631 gi|45 28163 28215
msp 4669 s 264 87.7 1 568 gi|42 7958 8014 631 gi|45 28164 28219
msp 4770 s 300 83.8 -1 631 gi|45 28169 28248 804 gi|56 31941 32012
msp 3389 s 264 87.5 -1 223 gi|22 3172 3219 631 gi|45 28169 28214
msp 2027 s 276 91.5 -1 39 gi|10 30542 30588 631 gi|45 28170 28218
