index 646
frag gi|46 31027 31531
img_no 13
msp 5030 s 1376 85.5 -1 646 gi|46 31027 31336 731 gi|50 36905 37224
msp 5032 s 487 79.3 -1 646 gi|46 31033 31216 731 gi|50 36914 37094
msp 5034 s 305 74.9 1 646 gi|46 31050 31224 817 gi|57 13448 13664
msp 5036 s 263 75.6 1 646 gi|46 31157 31246 688 gi|49 24499 24583
msp 5038 s 1056 83.2 -1 646 gi|46 31159 31455 731 gi|50 36886 37210
msp 4231 s 254 74.1 1 466 gi|37 17957 18010 646 gi|46 31171 31224
msp 5040 s 260 78.1 1 646 gi|46 31172 31235 817 gi|57 13449 13513
msp 4085 s 259 84.5 1 353 gi|30 1402 1549 646 gi|46 31270 31405
msp 859 s 313 80.0 1 340 gi|3 14239 14348 646 gi|46 31360 31460
msp 4111 s 268 74.1 1 362 gi|30 5220 5300 646 gi|46 31362 31445
msp 4373 s 256 80.4 1 427 gi|35 21159 21321 646 gi|46 31367 31531
msp 4135 s 382 80.5 -1 389 gi|33 2384 2460 646 gi|46 31368 31446
msp 5042 s 307 78.7 1 646 gi|46 31369 31443 651 gi|47 1898 1977
