index 647
frag gi|46 32450 32697
img_no 34
msp 5044 s 519 82.2 -1 647 gi|46 32450 32556 791 gi|55 35495 35598
msp 5046 s 300 82.5 -1 647 gi|46 32499 32618 678 gi|49 2148 2256
msp 2681 s 325 80.7 -1 121 gi|17 2956 3147 647 gi|46 32517 32697
msp 1259 s 537 83.3 -1 701 gi|5 7014 7121 647 gi|46 32517 32628
msp 511 s 253 84.3 1 1 gi|1 1679 1780 647 gi|46 32517 32628
msp 2959 s 291 79.6 1 148 gi|18 21948 22045 647 gi|46 32517 32624
msp 2445 s 383 91.2 -1 944 gi|9 22358 22459 647 gi|46 32517 32619
msp 4559 s 437 82.2 -1 516 gi|39 33912 34012 647 gi|46 32517 32619
msp 5052 s 255 86.4 1 647 gi|46 32517 32619 879 gi|60 5096 5199
msp 2465 s 350 86.1 1 944 gi|9 22367 22467 647 gi|46 32517 32618
msp 2943 s 301 79.8 -1 148 gi|18 21940 22033 647 gi|46 32517 32618
msp 4565 s 269 89.0 1 516 gi|39 33921 34020 647 gi|46 32517 32618
msp 5048 s 371 85.3 -1 647 gi|46 32517 32618 669 gi|48 21740 21836
msp 5050 s 326 84.3 -1 647 gi|46 32517 32618 879 gi|60 5088 5190
msp 4397 s 272 92.5 1 433 gi|35 28739 28778 647 gi|46 32517 32556
msp 4485 s 306 83.2 1 489 gi|38 24054 24148 647 gi|46 32520 32620
msp 2109 s 346 91.2 -1 62 gi|12 11691 11781 647 gi|46 32520 32618
msp 2185 s 448 81.1 -1 71 gi|12 28020 28109 647 gi|46 32520 32617
msp 5054 s 514 88.5 1 647 gi|46 32521 32633 669 gi|48 21752 21856
msp 2767 s 272 87.6 1 121 gi|17 3059 3155 647 gi|46 32521 32618
msp 3939 s 274 83.3 1 312 gi|27 39560 39655 647 gi|46 32521 32618
msp 1937 s 257 81.5 -1 37 gi|10 22927 23007 647 gi|46 32521 32606
msp 2409 s 358 85.9 1 942 gi|9 19666 19757 647 gi|46 32522 32618
msp 1299 s 390 86.6 1 701 gi|5 7036 7147 647 gi|46 32523 32638
msp 4601 s 298 87.3 -1 549 gi|40 24376 24454 647 gi|46 32535 32623
msp 495 s 288 81.2 -1 1 gi|1 1671 1739 647 gi|46 32543 32618
msp 4353 s 307 84.4 -1 424 gi|35 11404 11467 647 gi|46 32548 32618
msp 1651 s 292 92.9 -1 889 gi|7 7123 7178 647 gi|46 32572 32628
msp 1215 s 309 92.0 -1 933 gi|8 28248 28297 647 gi|46 32572 32619
msp 2091 s 325 89.4 1 58 gi|12 8628 8674 647 gi|46 32573 32619
msp 1035 s 346 91.3 1 911 gi|8 465 510 647 gi|46 32573 32618
msp 2527 s 263 80.4 1 79 gi|13 3705 3750 647 gi|46 32573 32618
msp 2159 s 312 93.8 -1 67 gi|12 19722 19769 647 gi|46 32574 32619
msp 5056 s 256 94.1 1 647 gi|46 32574 32607 790 gi|55 35496 35529
