index 648
frag gi|46 34461 34535
img_no 9
msp 5058 s 263 89.1 1 648 gi|46 34461 34506 654 gi|47 12956 13006
msp 2925 s 276 90.6 -1 147 gi|18 14393 14445 648 gi|46 34465 34515
msp 5060 s 312 88.6 -1 648 gi|46 34465 34508 846 gi|58 37170 37213
msp 2507 s 258 100.0 -1 104 gi|15 421 453 648 gi|46 34476 34506
msp 3405 s 256 93.5 1 224 gi|22 6499 6529 648 gi|46 34476 34506
msp 4639 s 254 100.0 1 557 gi|41 1922 1949 648 gi|46 34476 34503
msp 3501 s 254 91.8 -1 236 gi|23 7463 7511 648 gi|46 34477 34535
msp 2293 s 255 100.0 1 48 gi|11 8858 8888 648 gi|46 34477 34506
msp 5062 s 252 96.5 -1 648 gi|46 34478 34506 733 gi|51 34 62
