index 654
frag gi|47 12864 13010
img_no 8
msp 5002 s 263 78.3 -1 654 gi|47 12864 13006 846 gi|58 37172 37303
msp 2921 s 286 81.8 1 147 gi|18 14373 14438 654 gi|47 12942 13009
msp 5004 s 261 83.9 1 654 gi|47 12945 13006 846 gi|58 37139 37204
msp 3997 s 255 83.3 1 318 gi|28 21334 21393 654 gi|47 12954 13010
msp 5059 s 263 89.1 1 648 gi|46 34461 34506 654 gi|47 12956 13006
msp 5023 s 265 82.7 -1 644 gi|46 28707 28758 654 gi|47 12957 13008
msp 2933 s 255 84.2 -1 147 gi|18 14403 14440 654 gi|47 12969 13006
msp 1841 s 274 94.3 -1 28 gi|10 1912 1946 654 gi|47 12971 13005
