index 66
frag gi|12 15608 15836
img_no 21
msp 2136 s 656 82.1 -1 66 gi|12 15608 15775 572 gi|42 14918 15074
msp 2138 s 409 81.7 -1 66 gi|12 15608 15716 572 gi|42 14916 15013
msp 529 s 380 79.5 1 4 gi|1 4742 4897 66 gi|12 15619 15769
msp 2142 s 814 77.5 -1 66 gi|12 15627 15830 572 gi|42 14924 15127
msp 2140 s 843 80.3 1 66 gi|12 15627 15799 572 gi|42 14952 15124
msp 2144 s 528 80.2 1 66 gi|12 15627 15737 572 gi|42 15013 15123
msp 557 s 338 84.1 1 4 gi|1 4809 4896 66 gi|12 15627 15707
msp 545 s 291 82.7 -1 4 gi|1 4789 4869 66 gi|12 15627 15702
msp 2146 s 283 88.2 1 66 gi|12 15627 15677 572 gi|42 15074 15124
msp 751 s 332 87.0 -1 24 gi|1 38561 38629 66 gi|12 15652 15724
msp 541 s 440 82.6 -1 4 gi|1 4789 4903 66 gi|12 15654 15763
msp 761 s 290 79.2 1 24 gi|1 38572 38624 66 gi|12 15657 15709
msp 2148 s 1024 83.0 1 66 gi|12 15659 15834 572 gi|42 14923 15098
msp 2150 s 439 69.2 -1 66 gi|12 15687 15832 572 gi|42 14983 15128
msp 753 s 297 76.6 1 24 gi|1 38561 38624 66 gi|12 15705 15770
msp 2152 s 691 82.8 1 66 gi|12 15713 15834 572 gi|42 14916 15037
msp 537 s 475 82.5 -1 4 gi|1 4789 4902 66 gi|12 15714 15824
msp 543 s 316 77.3 1 4 gi|1 4789 4898 66 gi|12 15727 15831
msp 745 s 317 79.0 1 24 gi|1 38543 38623 66 gi|12 15744 15830
msp 2154 s 277 68.2 -1 66 gi|12 15749 15836 572 gi|42 15040 15127
msp 565 s 297 83.3 -1 4 gi|1 4850 4897 66 gi|12 15782 15829
