index 666
frag gi|48 8773 9015
img_no 12
msp 201 s 366 78.0 -1 527 gi|4 19712 19943 666 gi|48 8773 9009
msp 4978 s 265 74.7 1 666 gi|48 8773 8851 683 gi|49 15240 15323
msp 3223 s 264 78.1 -1 209 gi|21 20353 20567 666 gi|48 8795 9015
msp 4725 s 399 84.6 1 571 gi|42 13037 13179 666 gi|48 8795 8951
msp 4377 s 288 75.9 -1 427 gi|35 21178 21322 666 gi|48 8795 8935
msp 2511 s 252 72.5 1 106 gi|15 3972 4080 666 gi|48 8832 8940
msp 3549 s 310 85.1 -1 247 gi|23 19154 19220 666 gi|48 8871 8938
msp 4105 s 305 84.8 -1 361 gi|30 4098 4176 666 gi|48 8875 8951
msp 4731 s 367 79.9 1 571 gi|42 13208 13346 666 gi|48 8877 9012
msp 4519 s 409 84.8 1 502 gi|39 9992 10116 666 gi|48 8877 8994
msp 3409 s 288 82.4 1 226 gi|22 17072 17145 666 gi|48 8877 8951
msp 1419 s 345 84.6 -1 705 gi|5 14996 15060 666 gi|48 8881 8945
