index 669
frag gi|48 21638 21867
img_no 42
msp 4389 s 266 78.4 1 433 gi|35 28615 28790 669 gi|48 21638 21803
msp 3295 s 274 88.2 -1 216 gi|21 33123 33325 669 gi|48 21660 21837
msp 4475 s 387 78.9 -1 489 gi|38 24046 24192 669 gi|48 21693 21841
msp 2995 s 296 79.0 -1 155 gi|18 36029 36171 669 gi|48 21716 21851
msp 3921 s 442 84.8 1 312 gi|27 39538 39655 669 gi|48 21732 21844
msp 4982 s 372 82.0 -1 669 gi|48 21734 21844 678 gi|49 2148 2251
msp 2181 s 300 73.4 1 71 gi|12 28013 28121 669 gi|48 21735 21845
msp 4984 s 488 88.3 1 669 gi|48 21735 21845 879 gi|60 5083 5199
msp 1989 s 258 83.0 1 39 gi|10 30459 30587 669 gi|48 21735 21844
msp 4549 s 524 82.8 -1 516 gi|39 33891 34024 669 gi|48 21736 21867
msp 4986 s 585 83.9 -1 669 gi|48 21736 21859 879 gi|60 5070 5202
msp 2099 s 345 82.9 -1 62 gi|12 11673 11795 669 gi|48 21736 21858
msp 2689 s 489 87.6 -1 121 gi|17 3032 3160 669 gi|48 21736 21856
msp 2699 s 304 85.3 1 121 gi|17 3040 3155 669 gi|48 21736 21844
msp 4781 s 265 82.6 1 637 gi|45 39645 39765 669 gi|48 21737 21844
msp 2951 s 426 85.6 -1 148 gi|18 21940 22043 669 gi|48 21738 21844
msp 655 s 409 88.7 1 19 gi|1 27199 27304 669 gi|48 21738 21843
msp 2441 s 447 86.5 -1 944 gi|9 22358 22468 669 gi|48 21739 21845
msp 2107 s 287 80.4 1 62 gi|12 11690 11791 669 gi|48 21739 21844
msp 2949 s 458 78.8 1 148 gi|18 21940 22052 669 gi|48 21740 21854
msp 1263 s 557 83.0 -1 701 gi|5 7018 7129 669 gi|48 21740 21850
msp 2449 s 623 92.0 1 944 gi|9 22359 22470 669 gi|48 21740 21848
msp 1279 s 490 87.8 1 701 gi|5 7024 7130 669 gi|48 21740 21845
msp 2403 s 350 85.7 1 942 gi|9 19653 19757 669 gi|48 21740 21844
msp 4563 s 464 91.7 1 516 gi|39 33913 34020 669 gi|48 21740 21844
msp 493 s 372 77.5 -1 1 gi|1 1671 1772 669 gi|48 21740 21844
msp 4988 s 359 85.7 1 669 gi|48 21740 21844 678 gi|49 2148 2247
msp 2195 s 364 75.2 -1 71 gi|12 28020 28120 669 gi|48 21740 21843
msp 5049 s 371 85.3 -1 647 gi|46 32517 32618 669 gi|48 21740 21836
msp 1217 s 381 87.3 1 933 gi|8 28249 28303 669 gi|48 21740 21794
msp 121 s 279 90.7 1 523 gi|4 15154 15196 669 gi|48 21740 21780
msp 4477 s 314 78.6 1 489 gi|38 24046 24148 669 gi|48 21743 21846
msp 5055 s 514 88.5 1 647 gi|46 32521 32633 669 gi|48 21752 21856
msp 4603 s 284 87.5 -1 549 gi|40 24380 24451 669 gi|48 21769 21845
msp 2093 s 262 83.1 -1 59 gi|12 8755 8831 669 gi|48 21788 21859
msp 4395 s 286 94.6 -1 433 gi|35 28731 28786 669 gi|48 21794 21844
msp 2089 s 287 86.0 1 58 gi|12 8625 8674 669 gi|48 21796 21845
msp 1031 s 326 89.8 1 911 gi|8 462 510 669 gi|48 21796 21844
msp 1209 s 333 94.1 -1 933 gi|8 28248 28298 669 gi|48 21797 21845
msp 1653 s 272 83.6 -1 889 gi|7 7123 7177 669 gi|48 21799 21850
msp 2163 s 312 93.8 -1 67 gi|12 19722 19769 669 gi|48 21800 21845
msp 4990 s 255 81.2 -1 669 gi|48 21805 21852 732 gi|50 39629 39676
