index 67
frag gi|12 19434 19796
img_no 13
msp 1243 s 266 78.1 1 701 gi|5 6748 7090 67 gi|12 19434 19796
msp 2156 s 281 78.3 -1 67 gi|12 19682 19773 516 gi|39 33970 34058
msp 473 s 298 90.0 1 1 gi|1 1645 1734 67 gi|12 19685 19780
msp 1199 s 308 85.5 1 933 gi|8 28234 28295 67 gi|12 19702 19769
msp 2419 s 347 83.8 1 944 gi|9 22339 22412 67 gi|12 19705 19777
msp 1027 s 297 86.2 -1 911 gi|8 458 522 67 gi|12 19711 19781
msp 1305 s 279 79.0 -1 701 gi|5 7084 7140 67 gi|12 19711 19768
msp 2158 s 312 93.8 -1 67 gi|12 19722 19769 647 gi|46 32574 32619
msp 2160 s 253 83.3 -1 67 gi|12 19722 19769 879 gi|60 5151 5199
msp 2162 s 312 93.8 -1 67 gi|12 19722 19769 669 gi|48 21800 21845
msp 2166 s 307 85.7 1 67 gi|12 19723 19771 433 gi|35 28731 28779
msp 2164 s 293 85.1 1 67 gi|12 19723 19769 148 gi|18 21940 21986
msp 2168 s 293 100.0 -1 67 gi|12 19734 19773 790 gi|55 35492 35529
