index 680
frag gi|49 3856 3978
img_no 18
msp 4219 s 274 71.4 -1 460 gi|37 3434 3531 680 gi|49 3856 3955
msp 3793 s 368 75.7 -1 275 gi|25 20387 20489 680 gi|49 3870 3970
msp 3715 s 455 90.6 1 267 gi|24 23582 23666 680 gi|49 3880 3964
msp 4037 s 439 84.2 -1 326 gi|28 34088 34169 680 gi|49 3880 3964
msp 4583 s 581 90.5 -1 546 gi|40 18913 19007 680 gi|49 3882 3971
msp 4649 s 411 82.5 1 560 gi|41 16460 16539 680 gi|49 3887 3970
msp 3673 s 379 85.1 1 260 gi|24 5611 5677 680 gi|49 3888 3957
msp 3977 s 453 85.2 -1 315 gi|28 14252 14332 680 gi|49 3889 3972
msp 4151 s 406 90.3 1 397 gi|33 22198 22269 680 gi|49 3889 3970
msp 4619 s 361 83.3 1 555 gi|40 37347 37412 680 gi|49 3889 3955
msp 4918 s 381 89.9 1 680 gi|49 3892 3970 810 gi|57 2356 2429
msp 4317 s 371 90.6 -1 447 gi|36 11641 11704 680 gi|49 3892 3956
msp 1777 s 413 81.0 -1 899 gi|7 23490 23573 680 gi|49 3893 3978
msp 4920 s 365 82.0 1 680 gi|49 3893 3970 826 gi|57 38494 38568
msp 4803 s 285 83.1 1 605 gi|44 22266 22330 680 gi|49 3896 3965
msp 1533 s 257 82.1 1 870 gi|6 21359 21414 680 gi|49 3896 3955
msp 2591 s 297 87.5 -1 85 gi|13 13783 13846 680 gi|49 3897 3965
msp 4922 s 416 91.9 1 680 gi|49 3898 3971 792 gi|56 1689 1760
