index 681
frag gi|49 5746 5865
img_no 36
msp 4924 s 302 82.9 1 681 gi|49 5746 5821 723 gi|50 20027 20115
msp 3041 s 266 85.5 -1 155 gi|18 36094 36176 681 gi|49 5747 5822
msp 2223 s 257 79.3 1 72 gi|12 32033 32114 681 gi|49 5751 5822
msp 4887 s 300 79.8 1 586 gi|43 15873 15976 681 gi|49 5752 5852
msp 911 s 288 85.0 -1 341 gi|3 14443 14502 681 gi|49 5754 5822
msp 4289 s 345 81.5 -1 446 gi|36 9585 9649 681 gi|49 5756 5821
msp 4926 s 283 80.5 -1 681 gi|49 5758 5834 793 gi|56 1940 2029
msp 3449 s 335 83.6 1 234 gi|22 34663 34729 681 gi|49 5758 5823
msp 3571 s 310 94.9 1 248 gi|23 21299 21357 681 gi|49 5760 5820
msp 4715 s 263 75.4 -1 569 gi|42 9570 9630 681 gi|49 5760 5820
msp 1075 s 328 87.5 1 918 gi|8 8252 8307 681 gi|49 5765 5822
msp 3297 s 306 86.2 -1 216 gi|21 33146 33239 681 gi|49 5766 5865
msp 175 s 252 92.3 -1 523 gi|4 15276 15327 681 gi|49 5767 5820
msp 65 s 291 81.1 -1 520 gi|4 2504 2556 681 gi|49 5769 5821
msp 3925 s 250 89.2 1 312 gi|27 39540 39604 681 gi|49 5770 5831
msp 3611 s 370 90.7 1 252 gi|23 28121 28174 681 gi|49 5770 5822
msp 4855 s 362 93.8 -1 583 gi|43 11799 11846 681 gi|49 5770 5818
msp 4909 s 256 87.7 -1 596 gi|43 39814 39878 681 gi|49 5771 5834
msp 4928 s 316 88.0 -1 681 gi|49 5771 5820 854 gi|59 13105 13153
msp 2339 s 253 85.0 -1 54 gi|11 33416 33475 681 gi|49 5774 5840
msp 3085 s 283 83.0 1 158 gi|19 691 743 681 gi|49 5774 5826
msp 4930 s 302 84.0 1 681 gi|49 5774 5823 732 gi|50 39633 39682
msp 4934 s 260 83.3 -1 681 gi|49 5774 5821 776 gi|54 32200 32247
msp 4932 s 277 85.1 1 681 gi|49 5774 5820 776 gi|54 32225 32272
msp 2039 s 281 95.5 -1 39 gi|10 30545 30588 681 gi|49 5774 5818
msp 1947 s 262 82.1 -1 37 gi|10 22956 23022 681 gi|49 5775 5836
msp 1635 s 291 81.0 1 872 gi|6 24935 24997 681 gi|49 5775 5835
msp 3175 s 255 83.6 1 199 gi|21 1634 1700 681 gi|49 5775 5834
msp 3031 s 310 86.8 1 155 gi|18 36036 36088 681 gi|49 5775 5830
msp 2747 s 279 87.8 1 121 gi|17 3044 3092 681 gi|49 5775 5823
msp 1365 s 373 93.8 -1 703 gi|5 13339 13386 681 gi|49 5775 5822
msp 3957 s 353 93.6 -1 312 gi|27 39609 39655 681 gi|49 5775 5821
msp 4936 s 281 83.0 1 681 gi|49 5775 5821 804 gi|56 31990 32037
msp 4938 s 334 87.2 -1 681 gi|49 5775 5821 777 gi|54 34625 34671
msp 5081 s 281 92.0 1 650 gi|46 39350 39399 681 gi|49 5775 5821
msp 4687 s 253 89.6 1 568 gi|42 7966 8013 681 gi|49 5775 5820
