index 692
frag gi|49 35576 36254
img_no 11
msp 1873 s 269 77.8 -1 32 gi|10 15425 16063 692 gi|49 35576 36216
msp 4767 s 255 76.6 1 628 gi|45 23227 23577 692 gi|49 35601 35930
msp 2907 s 261 74.9 -1 143 gi|18 7403 7808 692 gi|49 35609 35997
msp 1309 s 345 75.1 -1 702 gi|5 8390 8686 692 gi|49 35630 35935
msp 4962 s 277 74.1 -1 692 gi|49 35637 35926 774 gi|54 29190 29467
msp 4327 s 317 74.8 -1 453 gi|36 32201 32569 692 gi|49 35661 36025
msp 4964 s 265 77.5 1 692 gi|49 35669 35757 825 gi|57 35429 35517
msp 3875 s 330 74.3 1 299 gi|27 303 559 692 gi|49 35672 35928
msp 791 s 305 83.1 -1 335 gi|3 6708 6772 692 gi|49 35698 35760
msp 523 s 290 78.0 1 3 gi|1 4105 4350 692 gi|49 35726 35936
msp 4966 s 273 81.3 1 692 gi|49 36148 36254 788 gi|55 29398 29501
