index 693
frag gi|49 36410 36616
img_no 21
msp 2529 s 268 82.1 -1 80 gi|13 4534 4645 693 gi|49 36410 36526
msp 4968 s 252 79.8 -1 693 gi|49 36412 36525 813 gi|57 6364 6463
msp 2535 s 369 92.1 1 80 gi|13 4583 4658 693 gi|49 36449 36525
msp 4970 s 259 87.7 1 693 gi|49 36460 36524 881 gi|60 10504 10565
msp 4279 s 282 87.7 1 446 gi|36 9575 9631 693 gi|49 36466 36521
msp 4972 s 255 83.3 1 693 gi|49 36468 36521 777 gi|54 34618 34671
msp 4974 s 379 96.0 1 693 gi|49 36470 36519 793 gi|56 1955 2003
msp 3843 s 316 91.7 1 288 gi|26 21298 21357 693 gi|49 36471 36529
msp 2017 s 333 90.2 1 39 gi|10 30539 30589 693 gi|49 36471 36523
msp 275 s 332 86.5 -1 534 gi|4 32852 32903 693 gi|49 36471 36523
msp 4811 s 415 100.0 1 606 gi|44 22479 22533 693 gi|49 36471 36523
msp 4453 s 340 93.4 1 482 gi|38 7564 7624 693 gi|49 36473 36532
msp 2485 s 323 89.5 1 950 gi|9 38629 38752 693 gi|49 36471 36616
msp 423 s 322 88.5 1 184 gi|2 21063 21114 693 gi|49 36473 36526
msp 163 s 313 89.1 1 523 gi|4 15275 15320 693 gi|49 36473 36519
msp 4787 s 280 87.0 1 637 gi|45 39719 39764 693 gi|49 36473 36519
msp 3553 s 313 80.0 -1 248 gi|23 21263 21357 693 gi|49 36474 36590
msp 4847 s 297 90.9 1 583 gi|43 11796 11839 693 gi|49 36474 36520
msp 1399 s 303 93.5 1 703 gi|5 13341 13386 693 gi|49 36476 36521
msp 3639 s 260 95.5 -1 252 gi|23 28129 28172 693 gi|49 36476 36520
msp 2267 s 267 82.1 -1 75 gi|12 32958 33069 693 gi|49 36478 36608
