index 694
frag gi|49 37719 37809
img_no 10
msp 2205 s 250 77.7 -1 71 gi|12 28052 28145 694 gi|49 37719 37809
msp 2117 s 279 89.1 -1 62 gi|12 11747 11801 694 gi|49 37726 37779
msp 2431 s 284 80.8 1 944 gi|9 22353 22404 694 gi|49 37728 37779
msp 4557 s 250 80.3 1 516 gi|39 33910 33985 694 gi|49 37731 37809
msp 1303 s 261 79.6 -1 701 gi|5 7084 7132 694 gi|49 37731 37779
msp 2941 s 255 83.0 1 148 gi|18 21939 21985 694 gi|49 37733 37779
msp 1223 s 322 88.7 1 933 gi|8 28249 28310 694 gi|49 37734 37804
msp 4393 s 313 87.7 1 433 gi|35 28731 28787 694 gi|49 37734 37788
msp 4567 s 320 93.3 -1 516 gi|39 33976 34020 694 gi|49 37734 37778
msp 4479 s 252 81.8 1 489 gi|38 24046 24089 694 gi|49 37737 37780
