index 702
frag gi|5 8390 8686
img_no 10
msp 1308 s 345 75.1 -1 702 gi|5 8390 8686 692 gi|49 35630 35935
msp 1310 s 351 80.1 -1 702 gi|5 8392 8677 628 gi|45 23285 23580
msp 1312 s 272 80.3 1 702 gi|5 8400 8592 194 gi|20 19678 19864
msp 1314 s 296 86.5 1 702 gi|5 8519 8637 789 gi|55 32956 33068
msp 1316 s 290 75.9 1 702 gi|5 8527 8642 789 gi|55 31989 32110
msp 101 s 283 80.3 1 522 gi|4 11020 11085 702 gi|5 8544 8605
msp 1318 s 253 72.8 -1 702 gi|5 8546 8637 73 gi|12 32212 32303
msp 1320 s 258 78.3 1 702 gi|5 8549 8617 290 gi|26 27917 27984
msp 1322 s 252 86.0 1 702 gi|5 8550 8592 446 gi|36 10260 10302
msp 1324 s 274 81.8 -1 702 gi|5 8565 8630 162 gi|19 16247 16318
