index 728
frag gi|50 28692 29578
img_no 13
msp 4737 s 338 77.2 1 577 gi|42 26973 27213 728 gi|50 28692 28934
msp 3375 s 278 79.3 -1 196 gi|20 21746 22142 728 gi|50 28705 29101
msp 5110 s 416 67.8 1 728 gi|50 28735 29351 752 gi|52 36434 37062
msp 5112 s 262 78.3 -1 728 gi|50 28735 28872 789 gi|55 32000 32131
msp 5114 s 831 78.5 -1 728 gi|50 28739 29578 774 gi|54 28593 29450
msp 2973 s 368 80.4 -1 153 gi|18 32519 32789 728 gi|50 28745 29000
msp 517 s 264 67.8 1 3 gi|1 4041 4730 728 gi|50 28755 29395
msp 2903 s 346 75.5 -1 143 gi|18 7384 7747 728 gi|50 28756 29098
msp 4331 s 362 71.6 -1 453 gi|36 32295 32565 728 gi|50 28758 29011
msp 1869 s 288 77.8 -1 32 gi|10 15361 15978 728 gi|50 28760 29363
msp 3417 s 326 77.1 1 227 gi|22 17465 17761 728 gi|50 28763 29041
msp 4769 s 274 81.1 1 628 gi|45 23325 23588 728 gi|50 28778 29020
msp 3493 s 334 75.5 -1 235 gi|22 37026 37335 728 gi|50 28799 29093
