index 738
frag gi|51 19274 19449
img_no 21
msp 5128 s 281 88.4 -1 738 gi|51 19274 19394 750 gi|52 29282 29406
msp 1625 s 313 89.9 -1 872 gi|6 24934 25012 738 gi|51 19300 19383
msp 3393 s 334 85.9 -1 223 gi|22 3193 3263 738 gi|51 19308 19385
msp 4951 s 322 90.2 1 691 gi|49 31657 31738 738 gi|51 19317 19397
msp 5067 s 371 87.0 -1 650 gi|46 39322 39413 738 gi|51 19321 19418
msp 5 s 262 95.0 1 518 gi|4 1500 1559 738 gi|51 19325 19383
msp 4703 s 265 93.1 1 569 gi|42 9563 9620 738 gi|51 19327 19388
msp 1959 s 252 92.0 1 37 gi|10 22973 23022 738 gi|51 19329 19382
msp 1913 s 280 87.5 -1 37 gi|10 22897 22960 738 gi|51 19330 19392
msp 3153 s 276 87.7 -1 199 gi|21 1626 1682 738 gi|51 19330 19389
msp 3563 s 273 86.1 -1 248 gi|23 21288 21359 738 gi|51 19331 19407
msp 631 s 252 84.2 -1 19 gi|1 27193 27249 738 gi|51 19331 19390
msp 929 s 270 82.0 1 341 gi|3 14444 14543 738 gi|51 19332 19449
msp 2343 s 284 85.7 1 54 gi|11 33427 33482 738 gi|51 19332 19390
msp 4845 s 273 94.2 1 583 gi|43 11795 11846 738 gi|51 19332 19386
msp 2743 s 250 93.8 -1 121 gi|17 3043 3090 738 gi|51 19332 19383
msp 3131 s 301 90.0 -1 167 gi|19 31823 31872 738 gi|51 19332 19383
msp 3603 s 270 90.7 -1 252 gi|23 28119 28172 738 gi|51 19333 19393
msp 3965 s 259 95.8 1 312 gi|27 39610 39657 738 gi|51 19333 19384
msp 1409 s 263 95.7 1 703 gi|5 13341 13387 738 gi|51 19333 19383
msp 4813 s 268 87.0 1 606 gi|44 22484 22529 738 gi|51 19333 19379
