index 777
frag gi|54 34591 34814
img_no 35
msp 1603 s 420 87.1 -1 872 gi|6 24932 25016 777 gi|54 34591 34674
msp 5158 s 300 80.3 -1 777 gi|54 34612 34672 804 gi|56 31989 32054
msp 5073 s 385 89.2 -1 650 gi|46 39345 39409 777 gi|54 34614 34676
msp 1345 s 387 91.7 1 703 gi|5 13329 13388 777 gi|54 34615 34673
msp 3475 s 300 84.5 -1 234 gi|22 34679 34736 777 gi|54 34617 34674
msp 4973 s 255 83.3 1 693 gi|49 36468 36521 777 gi|54 34618 34671
msp 3885 s 301 91.2 -1 300 gi|27 10172 10228 777 gi|54 34620 34675
msp 4871 s 347 85.2 1 586 gi|43 15823 15876 777 gi|54 34620 34673
msp 3931 s 312 89.1 -1 312 gi|27 39542 39596 777 gi|54 34622 34674
msp 4281 s 406 92.5 1 446 gi|36 9582 9634 777 gi|54 34622 34674
msp 4833 s 379 85.5 1 583 gi|43 11793 11930 777 gi|54 34623 34761
msp 41 s 317 88.0 1 520 gi|4 2502 2551 777 gi|54 34623 34672
msp 9 s 266 84.1 1 518 gi|4 1509 1571 777 gi|54 34624 34684
msp 3317 s 302 92.0 1 216 gi|21 33187 33236 777 gi|54 34624 34675
msp 3955 s 331 86.3 1 312 gi|27 39608 39658 777 gi|54 34624 34674
msp 5103 s 337 89.1 -1 723 gi|50 20061 20115 777 gi|54 34625 34678
msp 3605 s 383 92.6 -1 252 gi|23 28120 28173 777 gi|54 34625 34677
msp 4891 s 311 88.0 -1 586 gi|43 15888 15937 777 gi|54 34625 34674
msp 1095 s 333 89.8 -1 918 gi|8 8258 8306 777 gi|54 34625 34673
msp 1967 s 255 85.1 1 37 gi|10 22976 23022 777 gi|54 34625 34671
msp 4939 s 334 87.2 -1 681 gi|49 5775 5821 777 gi|54 34625 34671
msp 2207 s 322 85.6 -1 72 gi|12 31933 32112 777 gi|54 34626 34814
msp 943 s 284 84.8 1 341 gi|3 14445 14503 777 gi|54 34626 34682
msp 3271 s 263 82.1 -1 216 gi|21 33103 33158 777 gi|54 34626 34678
msp 3069 s 296 84.3 -1 158 gi|19 687 737 777 gi|54 34626 34676
msp 5160 s 344 86.0 1 777 gi|54 34626 34675 854 gi|59 13105 13154
msp 4679 s 269 94.1 -1 568 gi|42 7963 8013 777 gi|54 34626 34674
msp 4721 s 258 81.6 1 569 gi|42 9570 9618 777 gi|54 34626 34674
msp 647 s 270 92.0 -1 19 gi|1 27198 27247 777 gi|54 34626 34674
msp 3583 s 297 92.3 -1 248 gi|23 21306 21357 777 gi|54 34626 34673
msp 2731 s 281 91.5 -1 121 gi|17 3043 3089 777 gi|54 34626 34672
msp 3023 s 303 89.4 -1 155 gi|18 36035 36081 777 gi|54 34626 34672
msp 4961 s 312 89.4 1 691 gi|49 31676 31722 777 gi|54 34626 34672
msp 701 s 257 83.3 1 19 gi|1 27266 27313 777 gi|54 34627 34674
msp 2033 s 266 88.4 1 39 gi|10 30545 30587 777 gi|54 34628 34671
