index 792
frag gi|56 1530 1776
img_no 21
msp 4645 s 365 77.7 1 560 gi|41 16320 16525 792 gi|56 1530 1745
msp 5095 s 251 83.3 1 749 gi|52 28717 28758 792 gi|56 1600 1641
msp 4995 s 282 81.6 1 672 gi|48 32552 32649 792 gi|56 1673 1762
msp 3677 s 363 85.1 1 260 gi|24 5613 5679 792 gi|56 1683 1750
msp 5140 s 313 85.7 1 792 gi|56 1688 1771 826 gi|57 38498 38571
msp 3973 s 313 80.8 -1 315 gi|28 14246 14323 792 gi|56 1689 1767
msp 4923 s 416 91.9 1 680 gi|49 3898 3971 792 gi|56 1689 1760
msp 4039 s 434 91.8 -1 326 gi|28 34092 34152 792 gi|56 1689 1748
msp 4221 s 303 75.0 -1 460 gi|37 3434 3489 792 gi|56 1689 1744
msp 4315 s 280 81.5 -1 447 gi|36 11628 11692 792 gi|56 1693 1757
msp 5142 s 351 87.5 1 792 gi|56 1694 1749 810 gi|57 2371 2427
msp 357 s 270 85.1 -1 180 gi|2 16605 16691 792 gi|56 1697 1776
msp 4581 s 359 84.7 -1 546 gi|40 18905 18976 792 gi|56 1697 1767
msp 4627 s 306 85.4 1 555 gi|40 37365 37412 792 gi|56 1697 1744
msp 3511 s 428 82.3 -1 240 gi|23 11434 11501 792 gi|56 1698 1765
msp 4169 s 347 88.7 1 397 gi|33 22215 22267 792 gi|56 1698 1749
msp 1787 s 351 90.4 -1 899 gi|7 23508 23559 792 gi|56 1698 1748
msp 3743 s 393 95.7 1 267 gi|24 23605 23651 792 gi|56 1698 1744
msp 3769 s 283 76.7 1 272 gi|25 5920 5992 792 gi|56 1699 1775
msp 4247 s 303 78.1 1 471 gi|37 34010 34073 792 gi|56 1699 1763
msp 4997 s 251 78.3 1 673 gi|48 35442 35487 792 gi|56 1699 1744
