index 793
frag gi|56 1902 2029
img_no 21
msp 5144 s 253 80.8 1 793 gi|56 1902 2005 881 gi|60 10468 10563
msp 241 s 306 86.4 -1 531 gi|4 23922 24031 793 gi|56 1905 2000
msp 131 s 358 84.2 1 523 gi|4 15222 15322 793 gi|56 1910 2005
msp 4807 s 443 89.2 1 606 gi|44 22437 22529 793 gi|56 1917 2003
msp 115 s 368 80.4 -1 523 gi|4 15149 15245 793 gi|56 1918 2009
msp 3837 s 288 86.8 1 288 gi|26 21268 21350 793 gi|56 1925 2005
msp 989 s 328 82.7 -1 348 gi|3 29661 29735 793 gi|56 1928 2004
msp 269 s 352 83.5 -1 534 gi|4 32851 32935 793 gi|56 1930 2007
msp 4927 s 283 80.5 -1 681 gi|49 5758 5834 793 gi|56 1940 2029
msp 5146 s 281 81.8 -1 793 gi|56 1940 2005 813 gi|57 6367 6432
msp 885 s 293 83.1 1 341 gi|3 14427 14491 793 gi|56 1941 2005
msp 4915 s 283 94.0 -1 677 gi|49 1481 1547 793 gi|56 1945 2003
msp 2007 s 273 84.5 1 39 gi|10 30531 30588 793 gi|56 1948 2005
msp 2539 s 276 91.2 1 80 gi|13 4599 4655 793 gi|56 1950 2005
msp 4785 s 271 87.0 1 637 gi|45 39712 39765 793 gi|56 1950 2004
msp 397 s 293 84.6 1 184 gi|2 21059 21110 793 gi|56 1954 2005
msp 2269 s 252 89.6 -1 75 gi|12 33028 33075 793 gi|56 1955 2004
msp 4975 s 379 96.0 1 693 gi|49 36470 36519 793 gi|56 1955 2003
msp 2487 s 294 92.6 1 950 gi|9 38629 38682 793 gi|56 1956 2008
msp 3489 s 271 88.6 -1 234 gi|22 34685 34728 793 gi|56 1957 2002
msp 1405 s 267 86.0 1 703 gi|5 13341 13383 793 gi|56 1959 2002
