index 80
frag gi|13 4501 4913
img_no 22
msp 1663 s 301 83.8 1 890 gi|7 7913 8029 80 gi|13 4501 4626
msp 625 s 345 80.0 1 19 gi|1 27192 27306 80 gi|13 4523 4653
msp 149 s 250 84.2 -1 523 gi|4 15274 15330 80 gi|13 4530 4587
msp 2493 s 294 87.7 -1 950 gi|9 38631 38687 80 gi|13 4530 4586
msp 2528 s 268 82.1 -1 80 gi|13 4534 4645 693 gi|49 36410 36526
msp 2530 s 281 84.3 1 80 gi|13 4536 4586 661 gi|47 34877 34928
msp 119 s 390 83.7 1 524 gi|4 15153 15605 80 gi|13 4538 4913
msp 1995 s 276 83.5 1 39 gi|10 30463 30589 80 gi|13 4538 4656
msp 2532 s 275 87.2 1 80 gi|13 4540 4586 677 gi|49 1481 1530
msp 2534 s 369 92.1 1 80 gi|13 4583 4658 693 gi|49 36449 36525
msp 2536 s 275 79.1 1 80 gi|13 4598 4664 637 gi|45 39711 39777
msp 2538 s 276 91.2 1 80 gi|13 4599 4655 793 gi|56 1950 2005
msp 2544 s 271 85.7 -1 80 gi|13 4605 4660 661 gi|47 34874 34929
msp 2542 s 395 94.3 1 80 gi|13 4605 4657 288 gi|26 21299 21352
msp 2540 s 369 96.2 1 80 gi|13 4605 4656 606 gi|44 22480 22533
msp 273 s 297 88.2 -1 534 gi|4 32852 32902 80 gi|13 4605 4656
msp 2546 s 263 83.0 1 80 gi|13 4605 4651 426 gi|35 19861 19907
msp 413 s 321 81.5 1 184 gi|2 21063 21165 80 gi|13 4606 4713
msp 2548 s 352 92.5 1 80 gi|13 4606 4658 482 gi|38 7564 7616
msp 2491 s 381 94.1 1 950 gi|9 38631 38681 80 gi|13 4606 4657
msp 2550 s 354 88.0 1 80 gi|13 4608 4657 881 gi|60 10516 10565
msp 2552 s 272 78.5 -1 80 gi|13 4691 4853 230 gi|22 27523 27693
