index 813
frag gi|57 6313 6469
img_no 12
msp 415 s 314 80.7 -1 184 gi|2 21063 21171 813 gi|57 6313 6414
msp 4969 s 252 79.8 -1 693 gi|49 36412 36525 813 gi|57 6364 6463
msp 5136 s 290 89.7 -1 813 gi|57 6365 6432 881 gi|60 10498 10565
msp 271 s 332 84.2 1 534 gi|4 32852 32908 813 gi|57 6366 6421
msp 1195 s 281 84.9 1 932 gi|8 27367 27419 813 gi|57 6366 6418
msp 4359 s 323 83.6 -1 426 gi|35 19802 19911 813 gi|57 6367 6466
msp 141 s 320 81.2 -1 523 gi|4 15254 15322 813 gi|57 6367 6432
msp 3801 s 280 80.9 1 277 gi|25 23611 23678 813 gi|57 6367 6432
msp 5147 s 281 81.8 -1 793 gi|56 1940 2005 813 gi|57 6367 6432
msp 1667 s 270 82.2 1 890 gi|7 7948 8048 813 gi|57 6368 6469
msp 991 s 293 79.0 1 348 gi|3 29661 29722 813 gi|57 6368 6429
msp 4783 s 250 83.9 -1 637 gi|45 39710 39765 813 gi|57 6368 6421
