index 828
frag gi|58 1 354
img_no 11
msp 1121 s 2561 96.4 -1 919 gi|8 9393 9728 828 gi|58 1 325
msp 1185 s 2561 96.4 -1 929 gi|8 20523 20858 828 gi|58 1 325
msp 2637 s 2561 96.4 -1 95 gi|14 11053 11388 828 gi|58 1 325
msp 3243 s 2561 96.4 1 211 gi|21 21426 21761 828 gi|58 1 325
msp 461 s 2561 96.4 -1 187 gi|2 32420 32755 828 gi|58 1 325
msp 735 s 2561 96.4 -1 23 gi|1 37700 38035 828 gi|58 1 325
msp 779 s 476 76.5 -1 333 gi|3 5795 6037 828 gi|58 11 253
msp 3817 s 339 80.1 -1 283 gi|26 749 929 828 gi|58 26 225
msp 4577 s 397 73.2 -1 542 gi|40 7325 7578 828 gi|58 31 281
msp 3827 s 284 73.7 -1 285 gi|26 6214 6426 828 gi|58 31 244
msp 2283 s 324 86.9 -1 46 gi|11 250 310 828 gi|58 290 354
