index 830
frag gi|58 2880 3945
img_no 9
msp 2631 s 8940 99.4 -1 95 gi|14 10070 11106 830 gi|58 2880 3915
msp 449 s 8898 99.3 -1 187 gi|2 31438 32473 830 gi|58 2880 3913
msp 1115 s 8923 98.7 -1 919 gi|8 8417 9446 830 gi|58 2880 3909
msp 1177 s 8910 99.6 -1 929 gi|8 19549 20576 830 gi|58 2880 3907
msp 725 s 8910 99.9 -1 23 gi|1 36752 37753 830 gi|58 2880 3881
msp 3247 s 6439 100.0 1 211 gi|21 21708 22433 830 gi|58 2880 3605
msp 3259 s 2478 98.7 1 213 gi|21 24877 25193 830 gi|58 3600 3916
msp 995 s 290 83.3 1 349 gi|3 38606 38665 830 gi|58 3882 3945
msp 3469 s 252 82.3 1 234 gi|22 34677 34727 830 gi|58 3884 3936
