index 835
frag gi|58 18451 18655
img_no 8
msp 1693 s 714 80.3 1 892 gi|7 14038 14240 835 gi|58 18451 18655
msp 2075 s 671 78.3 1 56 gi|12 5237 5430 835 gi|58 18460 18652
msp 3195 s 560 82.0 1 206 gi|21 13750 13905 835 gi|58 18460 18614
msp 2321 s 382 75.4 -1 52 gi|11 26874 27060 835 gi|58 18461 18650
msp 2077 s 488 77.8 -1 56 gi|12 5248 5432 835 gi|58 18462 18645
msp 2319 s 587 82.1 1 52 gi|11 26872 27005 835 gi|58 18462 18598
msp 1699 s 562 72.0 -1 892 gi|7 14058 14239 835 gi|58 18464 18642
msp 3197 s 536 75.0 -1 206 gi|21 13751 13906 835 gi|58 18501 18655
