index 846
frag gi|58 37094 37354
img_no 15
msp 5091 s 254 86.7 -1 764 gi|53 35097 35194 846 gi|58 37094 37201
msp 2863 s 268 86.9 -1 138 gi|17 36824 36922 846 gi|58 37113 37205
msp 2919 s 286 82.7 1 147 gi|18 14354 14463 846 gi|58 37116 37230
msp 2927 s 267 84.4 -1 147 gi|18 14393 14469 846 gi|58 37129 37218
msp 5005 s 261 83.9 1 654 gi|47 12945 13006 846 gi|58 37139 37204
msp 5021 s 280 85.5 1 644 gi|46 28706 28767 846 gi|58 37169 37239
msp 5061 s 312 88.6 -1 648 gi|46 34465 34508 846 gi|58 37170 37213
msp 5003 s 263 78.3 -1 654 gi|47 12864 13006 846 gi|58 37172 37303
msp 4815 s 455 82.5 1 609 gi|44 26707 26872 846 gi|58 37171 37336
msp 2505 s 263 97.1 1 104 gi|15 421 455 846 gi|58 37172 37204
msp 5139 s 302 78.2 -1 826 gi|57 38506 38647 846 gi|58 37202 37351
msp 2479 s 294 83.1 1 949 gi|9 37838 37920 846 gi|58 37233 37312
msp 347 s 599 81.7 1 180 gi|2 16576 16695 846 gi|58 37235 37354
msp 4201 s 424 78.1 1 460 gi|37 3375 3479 846 gi|58 37244 37349
msp 3763 s 447 79.6 -1 272 gi|25 5920 6022 846 gi|58 37246 37349
