index 872
frag gi|6 24813 25024
img_no 48
msp 1552 s 258 84.5 -1 872 gi|6 24813 24980 216 gi|21 33189 33337
msp 1554 s 420 87.4 1 872 gi|6 24855 24981 72 gi|12 32006 32113
msp 1556 s 278 79.6 1 872 gi|6 24879 24981 167 gi|19 31748 31872
msp 1558 s 251 75.3 1 872 gi|6 24894 24978 39 gi|10 30427 30506
msp 1560 s 297 79.6 1 872 gi|6 24903 25010 804 gi|56 31959 32057
msp 1562 s 274 80.2 -1 872 gi|6 24904 24984 776 gi|54 32197 32274
msp 1564 s 288 87.7 1 872 gi|6 24904 24984 223 gi|22 3167 3246
msp 1566 s 420 84.1 -1 872 gi|6 24905 25011 586 gi|43 15800 15911
msp 1568 s 251 79.2 1 872 gi|6 24905 24981 776 gi|54 32200 32273
msp 81 s 364 83.6 -1 520 gi|4 2505 2571 872 gi|6 24916 24980
msp 1572 s 266 84.1 -1 872 gi|6 24921 24983 720 gi|50 7325 7381
msp 1570 s 337 88.5 1 872 gi|6 24921 24981 155 gi|18 36025 36082
msp 1576 s 334 88.9 1 872 gi|6 24926 24988 650 gi|46 39339 39409
msp 1574 s 347 86.2 -1 872 gi|6 24926 24983 854 gi|59 13102 13158
msp 1578 s 412 87.6 1 872 gi|6 24928 25024 918 gi|8 8253 8335
msp 1582 s 260 90.3 1 872 gi|6 24928 24999 557 gi|41 1919 1978
msp 1580 s 390 86.0 -1 872 gi|6 24928 24984 569 gi|42 9566 9622
msp 1584 s 339 83.3 1 872 gi|6 24928 24981 216 gi|21 33105 33159
msp 1586 s 334 78.5 -1 872 gi|6 24929 24993 312 gi|27 39597 39661
msp 1588 s 363 90.2 -1 872 gi|6 24930 24980 446 gi|36 9586 9636
msp 1594 s 267 77.5 -1 872 gi|6 24931 25001 140 gi|18 3738 3809
msp 1590 s 322 84.6 1 872 gi|6 24931 24982 586 gi|43 15887 15938
msp 1600 s 326 88.5 -1 872 gi|6 24931 24982 691 gi|49 31674 31726
msp 1596 s 276 88.2 -1 872 gi|6 24931 24981 650 gi|46 39413 39468
msp 1598 s 297 88.2 1 872 gi|6 24931 24981 312 gi|27 39541 39593
msp 1592 s 351 92.0 1 872 gi|6 24931 24980 252 gi|23 28122 28172
msp 13 s 250 87.8 -1 518 gi|4 1514 1562 872 gi|6 24931 24978
msp 1602 s 420 87.1 -1 872 gi|6 24932 25016 777 gi|54 34591 34674
msp 1604 s 306 84.2 1 872 gi|6 24932 24988 568 gi|42 7963 8021
msp 651 s 269 98.1 1 19 gi|1 27198 27249 872 gi|6 24932 24982
msp 837 s 271 86.5 -1 339 gi|3 11276 11327 872 gi|6 24932 24981
msp 1606 s 253 81.6 1 872 gi|6 24932 24980 158 gi|19 689 737
msp 1608 s 257 89.8 1 872 gi|6 24932 24980 300 gi|27 10173 10223
msp 1610 s 309 87.8 1 872 gi|6 24932 24980 723 gi|50 20065 20114
msp 1612 s 309 89.8 1 872 gi|6 24932 24980 234 gi|22 34679 34726
msp 1620 s 270 78.8 1 872 gi|6 24933 24998 199 gi|21 1632 1694
msp 891 s 332 81.7 -1 341 gi|3 14433 14492 872 gi|6 24933 24993
msp 1351 s 333 88.7 -1 703 gi|5 13336 13388 872 gi|6 24933 24987
msp 1618 s 283 90.0 1 872 gi|6 24933 24982 248 gi|23 21306 21359
msp 1614 s 293 87.8 1 872 gi|6 24933 24981 750 gi|52 29294 29345
msp 1616 s 258 82.6 1 872 gi|6 24933 24978 579 gi|42 37472 37518
msp 1624 s 313 89.9 -1 872 gi|6 24934 25012 738 gi|51 19300 19383
msp 1626 s 253 84.0 -1 872 gi|6 24934 24983 506 gi|39 15119 15170
msp 1622 s 333 87.5 1 872 gi|6 24934 24981 121 gi|17 3043 3090
msp 1634 s 291 81.0 1 872 gi|6 24935 24997 681 gi|49 5775 5835
msp 1628 s 316 85.4 -1 872 gi|6 24935 24982 37 gi|10 22975 23022
msp 1630 s 267 89.6 1 872 gi|6 24935 24982 37 gi|10 22906 22959
msp 1632 s 252 89.4 -1 872 gi|6 24935 24981 54 gi|11 33427 33474
