index 879
frag gi|60 5003 5220
img_no 28
msp 2417 s 335 80.4 1 944 gi|9 22279 22467 879 gi|60 5003 5198
msp 4553 s 404 80.2 -1 516 gi|39 33907 34083 879 gi|60 5038 5206
msp 5083 s 296 80.7 -1 650 gi|46 39356 39490 879 gi|60 5064 5197
msp 4987 s 585 83.9 -1 669 gi|48 21736 21859 879 gi|60 5070 5202
msp 2177 s 376 80.5 1 71 gi|12 28005 28122 879 gi|60 5075 5200
msp 2693 s 391 80.0 1 121 gi|17 3037 3176 879 gi|60 5079 5220
msp 2105 s 348 81.1 1 62 gi|12 11686 11796 879 gi|60 5081 5203
msp 1271 s 317 82.8 -1 701 gi|5 7023 7138 879 gi|60 5083 5199
msp 4985 s 488 88.3 1 669 gi|48 21735 21845 879 gi|60 5083 5199
msp 4917 s 390 81.0 1 678 gi|49 2143 2247 879 gi|60 5083 5198
msp 4551 s 357 87.8 1 516 gi|39 33906 34020 879 gi|60 5084 5198
msp 2193 s 254 76.9 -1 71 gi|12 28020 28123 879 gi|60 5084 5197
msp 479 s 279 78.3 1 1 gi|1 1668 1773 879 gi|60 5085 5199
msp 2945 s 459 81.7 -1 148 gi|18 21940 22043 879 gi|60 5086 5198
msp 1289 s 397 83.0 1 701 gi|5 7024 7135 879 gi|60 5088 5203
msp 2399 s 321 81.3 -1 942 gi|9 19651 19757 879 gi|60 5088 5200
msp 2443 s 545 88.2 -1 944 gi|9 22358 22467 879 gi|60 5088 5199
msp 2749 s 292 88.4 -1 121 gi|17 3044 3155 879 gi|60 5088 5198
msp 2947 s 292 84.3 1 148 gi|18 21940 22041 879 gi|60 5088 5198
msp 4483 s 287 77.2 -1 489 gi|38 24046 24146 879 gi|60 5088 5195
msp 5051 s 326 84.3 -1 647 gi|46 32517 32618 879 gi|60 5088 5190
msp 1025 s 256 85.7 -1 911 gi|8 441 510 879 gi|60 5088 5157
msp 1219 s 262 89.6 1 933 gi|8 28249 28296 879 gi|60 5088 5136
msp 1657 s 282 85.7 1 889 gi|7 7129 7177 879 gi|60 5088 5136
msp 4481 s 301 77.2 1 489 gi|38 24046 24146 879 gi|60 5091 5198
msp 5053 s 255 86.4 1 647 gi|46 32517 32619 879 gi|60 5096 5199
msp 1213 s 361 92.5 -1 933 gi|8 28248 28300 879 gi|60 5145 5199
msp 2161 s 253 83.3 -1 67 gi|12 19722 19769 879 gi|60 5151 5199
