index 891
frag gi|7 9182 9408
img_no 10
msp 1670 s 629 84.2 1 891 gi|7 9182 9345 921 gi|8 11611 11783
msp 1672 s 451 75.5 1 891 gi|7 9183 9345 34 gi|10 17643 17808
msp 1676 s 683 81.6 -1 891 gi|7 9191 9369 92 gi|13 34731 34918
msp 1674 s 834 88.9 -1 891 gi|7 9191 9325 34 gi|10 17668 17804
msp 1678 s 512 81.0 -1 891 gi|7 9200 9346 50 gi|11 20011 20157
msp 1680 s 744 86.7 1 891 gi|7 9203 9352 50 gi|11 20011 20160
msp 1511 s 866 88.7 1 867 gi|6 12099 12222 891 gi|7 9203 9326
msp 1682 s 493 81.9 -1 891 gi|7 9205 9408 921 gi|8 11574 11782
msp 1684 s 505 85.2 1 891 gi|7 9205 9346 92 gi|13 34762 34904
msp 1513 s 316 82.3 -1 867 gi|6 12099 12228 891 gi|7 9217 9346
