index 892
frag gi|7 13870 14249
img_no 8
msp 1686 s 521 73.6 1 892 gi|7 13870 14244 52 gi|11 26696 27065
msp 1688 s 988 77.4 1 892 gi|7 13932 14249 56 gi|12 5104 5448
msp 1690 s 909 84.0 1 892 gi|7 14032 14194 206 gi|21 13733 13900
msp 1692 s 714 80.3 1 892 gi|7 14038 14240 835 gi|58 18451 18655
msp 1694 s 577 77.3 -1 892 gi|7 14046 14230 56 gi|12 5248 5433
msp 1696 s 528 74.6 -1 892 gi|7 14047 14243 52 gi|11 26869 27059
msp 1698 s 562 72.0 -1 892 gi|7 14058 14239 835 gi|58 18464 18642
msp 1700 s 596 76.1 -1 892 gi|7 14085 14243 206 gi|21 13748 13906
