index 893
frag gi|7 14227 14544
img_no 10
msp 1702 s 654 78.5 -1 893 gi|7 14227 14463 378 gi|31 18898 19125
msp 1704 s 383 82.7 -1 893 gi|7 14255 14329 52 gi|11 26997 27074
msp 1706 s 699 80.3 -1 893 gi|7 14265 14498 444 gi|36 6426 6666
msp 1708 s 818 76.0 -1 893 gi|7 14266 14473 375 gi|31 6110 6316
msp 1712 s 432 84.1 1 893 gi|7 14269 14544 378 gi|31 18891 19161
msp 1710 s 483 78.4 1 893 gi|7 14269 14467 444 gi|36 6461 6659
msp 1714 s 495 82.3 1 893 gi|7 14271 14468 375 gi|31 6115 6310
msp 1716 s 568 78.7 -1 893 gi|7 14272 14473 381 gi|32 16846 17046
msp 1718 s 1014 85.6 1 893 gi|7 14276 14497 381 gi|32 16856 17085
msp 1720 s 297 84.8 1 893 gi|7 14409 14467 52 gi|11 26997 27053
