index 899
frag gi|7 23328 23591
img_no 22
msp 1746 s 534 80.5 -1 899 gi|7 23328 23578 810 gi|57 2351 2596
msp 1748 s 773 82.9 -1 899 gi|7 23397 23583 397 gi|33 22189 22368
msp 1750 s 719 83.1 1 899 gi|7 23416 23569 326 gi|28 33995 34155
msp 1752 s 778 87.1 -1 899 gi|7 23427 23573 560 gi|41 16465 16613
msp 1754 s 564 82.3 -1 899 gi|7 23427 23573 555 gi|40 37350 37499
msp 1756 s 814 85.2 -1 899 gi|7 23428 23582 826 gi|57 38486 38641
msp 1758 s 551 83.4 1 899 gi|7 23429 23591 275 gi|25 20327 20492
msp 1764 s 263 77.7 1 899 gi|7 23430 23577 460 gi|37 3354 3498
msp 1762 s 291 79.2 1 899 gi|7 23430 23573 746 gi|52 22589 22729
msp 1760 s 392 83.7 1 899 gi|7 23430 23570 85 gi|13 13703 13845
msp 1766 s 712 85.1 -1 899 gi|7 23440 23573 267 gi|24 23591 23730
msp 1768 s 286 76.5 -1 899 gi|7 23451 23569 605 gi|44 22269 22383
msp 351 s 311 83.3 1 180 gi|2 16577 16690 899 gi|7 23459 23559
msp 1770 s 258 81.7 -1 899 gi|7 23462 23543 673 gi|48 35457 35545
msp 1772 s 296 79.3 -1 899 gi|7 23467 23558 272 gi|25 5920 6024
msp 1774 s 273 87.0 -1 899 gi|7 23477 23545 553 gi|40 32185 32249
msp 1776 s 413 81.0 -1 899 gi|7 23490 23573 680 gi|49 3893 3978
msp 1778 s 364 82.7 -1 899 gi|7 23493 23573 260 gi|24 5616 5694
msp 1780 s 325 74.7 1 899 gi|7 23495 23573 447 gi|36 11624 11703
msp 1784 s 410 82.5 1 899 gi|7 23498 23577 546 gi|40 18914 18996
msp 1782 s 346 80.3 1 899 gi|7 23498 23573 315 gi|28 14254 14328
msp 1786 s 351 90.4 -1 899 gi|7 23508 23559 792 gi|56 1698 1748
