index 900
frag gi|7 24959 25200
img_no 10
msp 1788 s 668 80.2 1 900 gi|7 24959 25170 381 gi|32 16828 17042
msp 1790 s 438 76.6 -1 900 gi|7 24974 25174 381 gi|32 16851 17051
msp 1794 s 491 78.3 1 900 gi|7 24976 25178 375 gi|31 6112 6314
msp 1792 s 745 82.7 -1 900 gi|7 24976 25177 378 gi|31 18891 19092
msp 1796 s 663 76.0 -1 900 gi|7 24978 25181 444 gi|36 6456 6661
msp 1800 s 392 81.9 1 900 gi|7 24978 25176 378 gi|31 18892 19090
msp 1798 s 614 75.8 -1 900 gi|7 24978 25175 375 gi|31 6115 6312
msp 1802 s 270 79.0 -1 900 gi|7 24982 25105 52 gi|11 26940 27052
msp 1804 s 429 79.7 1 900 gi|7 24988 25179 444 gi|36 6472 6664
msp 1806 s 312 82.2 1 900 gi|7 25094 25200 52 gi|11 26974 27079
