index 910
frag gi|8 51 434
img_no 9
msp 1004 s 406 76.0 -1 910 gi|8 51 425 446 gi|36 9711 10076
msp 1006 s 321 70.5 -1 910 gi|8 66 414 291 gi|26 29187 29541
msp 1008 s 296 73.2 -1 910 gi|8 96 420 290 gi|26 27371 27689
msp 1010 s 293 70.5 -1 910 gi|8 110 434 194 gi|20 19261 19579
msp 1012 s 321 77.7 -1 910 gi|8 130 344 658 gi|47 19500 19715
msp 1014 s 286 77.5 -1 910 gi|8 131 343 32 gi|10 15408 15620
msp 1016 s 301 77.8 1 910 gi|8 135 350 490 gi|38 24655 24870
msp 1018 s 264 82.0 -1 910 gi|8 139 393 588 gi|43 22070 22318
msp 1020 s 331 77.8 -1 910 gi|8 142 353 153 gi|18 33019 33233
