index 919
frag gi|8 8408 9844
img_no 11
msp 445 s 12554 99.6 1 187 gi|2 31435 32870 919 gi|8 8408 9843
msp 1110 s 12561 99.6 1 919 gi|8 8415 9843 95 gi|14 10076 11503
msp 1114 s 8923 98.7 -1 919 gi|8 8417 9446 830 gi|58 2880 3909
msp 1112 s 2544 97.7 -1 919 gi|8 8417 8726 213 gi|21 24877 25183
msp 721 s 12560 100.0 1 23 gi|1 36752 38151 919 gi|8 8445 9844
msp 1116 s 10055 100.0 -1 919 gi|8 8721 9843 211 gi|21 21311 22433
msp 1118 s 325 76.9 1 919 gi|8 8936 9737 542 gi|40 6824 7617
msp 799 s 264 75.5 1 336 gi|3 7319 7776 919 gi|8 9240 9703
msp 1120 s 2561 96.4 -1 919 gi|8 9393 9728 828 gi|58 1 325
msp 1122 s 344 82.0 1 919 gi|8 9504 9703 283 gi|26 749 929
msp 1124 s 1051 100.0 -1 919 gi|8 9729 9843 617 gi|44 39886 40000
