index 929
frag gi|8 19543 20974
img_no 11
msp 447 s 12523 99.0 1 187 gi|2 31437 32870 929 gi|8 19543 20973
msp 1174 s 12579 99.2 1 929 gi|8 19548 20973 95 gi|14 10078 11503
msp 1176 s 8910 99.6 -1 929 gi|8 19549 20576 830 gi|58 2880 3907
msp 715 s 12568 100.0 1 23 gi|1 36751 38151 929 gi|8 19574 20974
msp 1178 s 2527 100.0 -1 929 gi|8 19574 19856 213 gi|21 24877 25159
msp 1180 s 10055 100.0 -1 929 gi|8 19851 20973 211 gi|21 21311 22433
msp 1182 s 325 76.9 1 929 gi|8 20066 20867 542 gi|40 6824 7617
msp 801 s 264 75.5 1 336 gi|3 7319 7776 929 gi|8 20370 20833
msp 1184 s 2561 96.4 -1 929 gi|8 20523 20858 828 gi|58 1 325
msp 1186 s 344 82.0 1 929 gi|8 20634 20833 283 gi|26 749 929
msp 1188 s 1051 100.0 -1 929 gi|8 20859 20973 617 gi|44 39886 40000
