index 942
frag gi|9 19618 19796
img_no 13
msp 1283 s 401 82.3 -1 701 gi|5 7024 7176 942 gi|9 19618 19757
msp 2394 s 355 80.7 -1 942 gi|9 19630 19784 62 gi|12 11653 11815
msp 2396 s 321 77.6 -1 942 gi|9 19645 19796 678 gi|49 2109 2255
msp 1205 s 297 86.3 1 933 gi|8 28244 28294 942 gi|9 19647 19698
msp 641 s 267 76.0 1 19 gi|1 27197 27321 942 gi|9 19649 19773
msp 2398 s 321 81.3 -1 942 gi|9 19651 19757 879 gi|60 5088 5200
msp 2400 s 280 75.7 1 942 gi|9 19652 19754 148 gi|18 21939 22038
msp 1285 s 325 82.9 1 701 gi|5 7024 7134 942 gi|9 19653 19762
msp 2402 s 350 85.7 1 942 gi|9 19653 19757 669 gi|48 21740 21844
msp 2404 s 309 79.8 -1 942 gi|9 19653 19756 121 gi|17 3048 3155
msp 2406 s 297 77.7 1 942 gi|9 19656 19758 489 gi|38 24046 24147
msp 2408 s 358 85.9 1 942 gi|9 19666 19757 647 gi|46 32522 32618
msp 2410 s 283 87.3 -1 942 gi|9 19679 19757 549 gi|40 24381 24454
