index 95
frag gi|14 10036 11536
img_no 13
msp 2628 s 2618 96.6 -1 95 gi|14 10036 10386 213 gi|21 24877 25228
msp 2630 s 8940 99.4 -1 95 gi|14 10070 11106 830 gi|58 2880 3915
msp 451 s 12575 99.4 1 187 gi|2 31440 32870 95 gi|14 10073 11503
msp 1111 s 12561 99.6 1 919 gi|8 8415 9843 95 gi|14 10076 11503
msp 1175 s 12579 99.2 1 929 gi|8 19548 20973 95 gi|14 10078 11503
msp 717 s 12562 99.9 1 23 gi|1 36751 38168 95 gi|14 10104 11515
msp 2632 s 10077 100.0 -1 95 gi|14 10381 11506 211 gi|21 21308 22433
msp 2634 s 325 76.9 1 95 gi|14 10596 11397 542 gi|40 6824 7617
msp 803 s 264 75.5 1 336 gi|3 7319 7776 95 gi|14 10900 11363
msp 2636 s 2561 96.4 -1 95 gi|14 11053 11388 828 gi|58 1 325
msp 2638 s 344 82.0 1 95 gi|14 11164 11363 283 gi|26 749 929
msp 2640 s 1051 100.0 -1 95 gi|14 11389 11503 617 gi|44 39886 40000
msp 713 s 254 79.7 -1 22 gi|1 36719 36782 95 gi|14 11473 11536
