#  fam    ele   dir  sequence    start     end
     1      1  1       gi|1      267     1238 
     1    299  1      gi|31    33434    34403 
     2      2  1       gi|1     2816     2925 
     2     26  1      gi|10    36778    36884 
     3      4  1       gi|1     5034     5258 
     3    141 -1      gi|20    14851    15532 
     4      5  1       gi|1     5451     5777 
     5      6  1       gi|1    14042    14128 
     5    184 -1      gi|23    18935    19021 
     6      7  1       gi|1    14308    14854 
     6    291  1      gi|31    20863    20962 
     6    502 -1      gi|44    37464    37931 
     6    529 -1      gi|46    29351    29416 
     7      8  1       gi|1    15155    15388 
     7     78 -1      gi|15     4837     5070 
     8      9  1       gi|1    15554    15785 
     8     77 -1      gi|15     4431     4674 
     9     10  1       gi|1    17181    17414 
     9     99  1      gi|16    34682    34889 
    10     11  1       gi|1    24065    24313 
    10    576 -1       gi|5    21950    22181 
    10    577 -1       gi|5    22998    23238 
    10    579 -1       gi|5    25496    25766 
    10    580 -1       gi|5    26469    26699 
    10    582 -1       gi|5    28449    28703 
    11     13  1       gi|1    26574    26806 
    12     14  1       gi|1    34593    34685 
    12     91 -1      gi|15    32663    32747 
    13     15  1       gi|1    35939    36656 
    13     35  1      gi|11    19988    20694 
    14     16  1       gi|1    38607    39070 
    14    556 -1      gi|48     9537    10000 
    14    643 -1       gi|9    30349    30421 
    15     17  1      gi|10      184      312 
    15    481 -1      gi|42    34533    34645 
    16     18  1      gi|10     6522     6629 
    16     89  1      gi|15    30119    30222 
    17     19  1      gi|10    15650    16499 
    17    104 -1      gi|17    13637    14445 
    18     20  1      gi|10    16690    17136 
    18    103 -1      gi|17    13109    13534 
    19     21  1      gi|10    18785    19111 
    19    388  1      gi|38     9484     9813 
    20     22  1      gi|10    19874    19950 
    20    374 -1      gi|36    16397    16474 
    21     23  1      gi|10    23942    24168 
    21    639 -1       gi|9    22031    22258 
    22     24  1      gi|10    27377    27681 
    22    608  1       gi|6    36966    37270 
    23     25  1      gi|10    32663    33924 
    23    375 -1      gi|36    18611    19865 
    24     27  1      gi|10    37211    37283 
    24    166  1      gi|22    11296    11736 
    24    412 -1      gi|39    16478    17291 
    24    466 -1      gi|42     1666     2497 
    25     28  1      gi|11     6355     6507 
    25    446 -1      gi|40    11385    11868 
    25     79  1      gi|15     6418     6744 
    25    294  1      gi|31    26290    26559 
    26     29  1      gi|11     6790     6934 
    26    195  1      gi|24     5814     6968 
    26    289 -1      gi|31    18877    19020 
    26    563  1      gi|48    21056    22181 
    26    585 -1       gi|5    37867    37967 
    26    105  1      gi|17    16821    16879 
    26    584 -1       gi|5    36880    37527 
    27     30  1      gi|11     9494    10182 
    27    224  1      gi|26    31866    32002 
    27    527  1      gi|46    25804    26589 
    27    365  1      gi|35    36888    37072 
    27    366  1      gi|35    37433    37612 
    28     31  1      gi|11    10677    11061 
    28    403  1      gi|38    38697    39061 
    28    367  1      gi|35    38036    38330 
    28    528  1      gi|46    27230    27453 
    28    225  1      gi|26    32441    32723 
    28    555  1      gi|48     8199     8562 
    28    114  1      gi|17    39785    40122 
    29     32  1      gi|11    12788    12863 
    29     76 -1      gi|15      805      916 
    29    266  1       gi|3    16360    16463 
    30     33  1      gi|11    15780    15910 
    30    269 -1       gi|3    28698    28811 
    31     34  1      gi|11    19375    19445 
    31    597 -1       gi|6    16298    16365 
    32     36  1      gi|11    24162    24223 
    32    397  1      gi|38    27837    27901 
    33     37  1      gi|11    28486    29448 
    33     90 -1      gi|15    31074    32025 
    33    372  1      gi|36    13879    14235 
    33    373  1      gi|36    14579    14773 
    34     38  1      gi|11    30679    30836 
    34    619  1       gi|8     1290     1453 
    35     39  1      gi|11    34877    35733 
    35    201 -1      gi|25      556     1439 
    36     40  1      gi|12    12612    12840 
    36    435  1       gi|4    31202    31451 
    37     41  1      gi|12    19770    19863 
    37     57 -1      gi|13    12274    12358 
    38     42  1      gi|12    24397    24610 
    38    277 -1      gi|30    39172    39391 
    39     43  1      gi|12    25143    25188 
    39    606  1       gi|6    33151    33194 
    40     44  1      gi|12    25887    26274 
    40     61  1      gi|13    22266    22659 
    41     45  1      gi|12    28027    28428 
    41    301 -1      gi|31    39707    40112 
    42     46  1      gi|12    30936    31005 
    42    385 -1      gi|38     4208     4272 
    43     47  1      gi|12    31623    31712 
    43    123  1      gi|18    29974    30096 
    43    394 -1      gi|38    25606    25689 
    44     48  1      gi|12    32851    33013 
    44    162  1      gi|21    32170    32333 
    45     49  1      gi|12    33074    34808 
    45    311  1      gi|32    16879    18579 
    45    458  1      gi|41    19064    19154 
    46     50  1      gi|12    37905    40245 
    46    295 -1      gi|31    26467    29946 
    46     80 -1      gi|15     6770    10234 
    47     51  1      gi|13        1     1652 
    47    209  1      gi|25    22485    22519 
    47    447 -1      gi|40    12937    14913 
    47    317 -1      gi|32    31647    33581 
    47    272 -1      gi|30     6388     6483 
    47    381  1      gi|36    39991    40144 
    48     52  1      gi|13     3845     4069 
    48    164 -1      gi|21    36180    36416 
    49     54  1      gi|13    10033    10321 
    49     74  1      gi|14    36710    37004 
    50     55  1      gi|13    11525    11723 
    50    263  1       gi|3    14023    14200 
    51     56  1      gi|13    11648    12051 
    51    600  1       gi|6    26114    26717 
    51    160  1      gi|21    19953    20546 
    52     58  1      gi|13    12509    13352 
    52    352  1      gi|34    35942    36777 
    53     59  1      gi|13    18409    18617 
    53    196 -1      gi|24    18646    18821 
    54     60  1      gi|13    20485    20569 
    54    554  1      gi|48     7958     8041 
    55     62  1      gi|13    28146    28381 
    55    268  1       gi|3    27782    28014 
    56     64  1      gi|13    36941    37638 
    56    434  1       gi|4    30151    30845 
    57     65  1      gi|14     4441     4847 
    57    667  1      gi|27      174    12403 
    57     84  1      gi|15    18662    19055 
    57    414 -1      gi|39    22634    24566 
    57    531  1      gi|46    30440    30504 
    57    572  1       gi|5    13791    14456 
    57    573  1       gi|5    14657    14808 
    57    671  1      gi|28    15835    28081 
    58     66  1      gi|14     9669    10121 
    58    387 -1      gi|38     5915     6367 
    59     67  1      gi|14    12149    12442 
    59    264  1       gi|3    14133    14429 
    60     68  1      gi|14    16077    16189 
    60    145 -1      gi|20    22116    22461 
    60    122  1      gi|18    25989    26261 
    61     69  1      gi|14    16636    16913 
    61    493 -1      gi|44     8501     8768 
    62     70  1      gi|14    17615    17953 
    62    199 -1      gi|24    27205    27540 
    63     71  1      gi|14    23622    23891 
    63    256 -1      gi|29    38065    38357 
    64     72  1      gi|14    28709    28903 
    64    280  1      gi|31     4242     4392 
    64    396 -1      gi|38    27559    27748 
    64     73  1      gi|14    29642    29777 
    65     75  1      gi|14    37119    37461 
    65    647  1       gi|1     3157     3878 
    65    142 -1      gi|20    15986    16705 
    65    648 -1      gi|34    10244    10942 
    66     81  1      gi|15    10174    12596 
    66    296  1      gi|31    29953    32083 
    67     82  1      gi|15    13749    14265 
    67    354 -1      gi|34    38630    39136 
    68     83  1      gi|15    14213    14369 
    68    378  1      gi|36    24138    24297 
    69     85  1      gi|15    20006    20292 
    69    211 -1      gi|25    29602    29898 
    70     86  1      gi|15    21249    21451 
    70    426 -1       gi|4    15611    15820 
    71     87  1      gi|15    24944    25015 
    71    612  1       gi|7    23607    23686 
    72     88  1      gi|15    25268    25716 
    72    194  1      gi|24        5      366 
    72    251  1      gi|29    23848    24301 
    73     92  1      gi|16     3801     4940 
    73    673 -1      gi|28    30742    40245 
    73    624  1       gi|8    10481    10593 
    73    679 -1      gi|27    15081    24567 
    74     93  1      gi|16     7243     7506 
    74    641  1       gi|9    27190    27458 
    75     94  1      gi|16    18957    19027 
    75    121  1      gi|18    20267    20339 
    76     95  1      gi|16    22119    24747 
    76    261 -1       gi|3     5973     8641 
    76    307 -1      gi|32    10221    12803 
    76    390 -1      gi|38    17979    20643 
    76    668 -1      gi|27    12410    15063 
    76    672 -1      gi|28    28085    30741 
    76    675 -1      gi|34    27167    29838 
    76    674 -1      gi|32     8874     8989 
    76    678  1      gi|39    27669    27962 
    76    218 -1      gi|26     3437     3658 
    76    217 -1      gi|26     2003     2851 
    77     96  1      gi|16    25653    25766 
    77    419  1      gi|39    35434    35555 
    78     97  1      gi|16    29440    29586 
    78    353 -1      gi|34    38330    38476 
    79     98  1      gi|16    33266    34096 
    79    398 -1      gi|38    30289    31115 
    80    100  1      gi|16    34942    35231 
    80    173  1      gi|22    29411    29765 
    80    234 -1      gi|28     1717     1873 
    81    101  1      gi|17       25      449 
    81    413 -1      gi|39    18732    19159 
    82    102  1      gi|17     5558     5640 
    82    629  1       gi|8    28279    29006 
    83    106  1      gi|17    17117    17399 
    83    417  1      gi|39    27936    28229 
    84    107  1      gi|17    23705    23977 
    84    323  1      gi|32    38627    38897 
    85    108  1      gi|17    24525    24566 
    85    548 -1      gi|47    32433    32474 
    86    109  1      gi|17    27736    27812 
    86    509  1      gi|45    13640    13722 
    87    110  1      gi|17    28565    29455 
    87    625  1       gi|8    14478    15433 
    88    111  1      gi|17    35681    35845 
    88    324 -1      gi|32    39266    39436 
    89    112  1      gi|17    36310    36500 
    89    449 -1      gi|40    23592    23844 
    89    188  1      gi|23    24506    24734 
    90    113  1      gi|17    38899    39531 
    90    553  1      gi|48     7286     7900 
    91    115  1      gi|18      177      913 
    91    650 -1       gi|1    24693    26299 
    91    508  1      gi|45     6680     7105 
    91    516  1      gi|45    26584    28686 
    91    400  1      gi|38    35030    35332 
    91    568  1      gi|48    34161    34766 
    92    117  1      gi|18     4871     5075 
    92    257  1      gi|29    38964    39168 
    93    118  1      gi|18     6328     6470 
    93    219 -1      gi|26     9128     9271 
    94    119  1      gi|18    11803    12237 
    94    252 -1      gi|29    27990    28429 
    95    120  1      gi|18    14961    15063 
    95    402 -1      gi|38    36980    37078 
    96    124  1      gi|18    37457    37633 
    96    200  1      gi|24    39856    40035 
    97    125  1      gi|19        1     4808 
    97    231  1      gi|27    24568    29375 
    98    127  1      gi|19    14427    31250 
    98    258  1      gi|29    40144    40212 
    98    332 -1      gi|33    24029    24122 
    98    429  1       gi|4    20561    22070 
    98    483  1      gi|43        1    16966 
    98    149  1      gi|20    32149    32589 
    99    128  1      gi|19    32271    32519 
    99    484  1      gi|43    17987    18236 
   100    129  1      gi|19    33820    40245 
   100    485  1      gi|43    19537    25962 
   101    131  1       gi|2     1995     2081 
   101    157  1      gi|21    14675    14763 
   102    132  1       gi|2    10537    10990 
   102    357 -1      gi|35    10433    10910 
   102    380 -1      gi|36    35768    36208 
   103    133  1       gi|2    34317    34478 
   103    430 -1       gi|4    23233    23373 
   104    134  1       gi|2    38699    38932 
   104    635 -1       gi|9     6097     6317 
   105    135  1      gi|20      145      365 
   105    497 -1      gi|44    26797    27017 
   106    136  1      gi|20     6964     7142 
   106    520 -1      gi|46     2080     2687 
   106    399 -1      gi|38    34057    34877 
   106    566 -1      gi|48    31842    32677 
   107    137  1      gi|20     7381     7553 
   107    283  1      gi|31    10342    10509 
   108    138  1      gi|20     7575     7749 
   108    592 -1       gi|6    10486    10664 
   109    139  1      gi|20     8276     8385 
   109    187 -1      gi|23    23915    24009 
   109    450  1      gi|40    23923    24010 
   110    140  1      gi|20    10114    10235 
   110    448 -1      gi|40    19639    19772 
   111    143  1      gi|20    16760    17555 
   111    270  1      gi|30      941     1686 
   112    144  1      gi|20    18649    19368 
   112    189 -1      gi|23    25660    26014 
   112    393  1      gi|38    24152    24915 
   112    468 -1      gi|42    15925    16103 
   112    615  1       gi|7    31973    32729 
   112    223  1      gi|26    21105    21163 
   112    473  1      gi|42    19974    20067 
   113    146  1      gi|20    27924    28444 
   113    627  1       gi|8    25587    26117 
   113    316  1      gi|32    26853    26961 
   114    147  1      gi|20    30872    31626 
   114    304  1      gi|32     8507     8850 
   114    565  1      gi|48    26678    27514 
   114    308  1      gi|32    12795    13139 
   114    148  1      gi|20    31540    31753 
   115    150  1      gi|20    34714    34779 
   115    605 -1       gi|6    32795    32864 
   116    151  1      gi|20    34901    35648 
   117    152  1      gi|20    37066    37283 
   117    221  1      gi|26    19041    19260 
   118    153  1      gi|20    38349    38547 
   118    247  1      gi|29    15056    15254 
   119    154  1      gi|21      439     1158 
   120    155  1      gi|21     2682     2923 
   120    344  1      gi|34     4249     4505 
   121    156  1      gi|21     7278     7354 
   121    652 -1      gi|13     7199     7486 
   121    543 -1      gi|47    21549    21834 
   121    653 -1      gi|18     3320     3603 
   121    654  1      gi|31     4507     4804 
   121    657  1      gi|47    33827    34112 
   121    659  1       gi|5    23731    24013 
   121    660  1       gi|9    30590    30870 
   121    665  1      gi|13    28925    29208 
   121    245  1      gi|29    12750    12818 
   121    664 -1      gi|39    36529    36575 
   122    158  1      gi|21    17861    18273 
   122    598  1       gi|6    16778    17169 
   123    159  1      gi|21    18952    19290 
   123    599  1       gi|6    17845    18194 
   124    161  1      gi|21    21214    21331 
   124    560 -1      gi|48    15676    15806 
   125    163  1      gi|21    32465    34428 
   125    492  1      gi|44     3935     5866 
   126    165  1      gi|22     7074     7258 
   126    287  1      gi|31    17507    17704 
   127    167  1      gi|22    12230    13117 
   127    242  1      gi|29      900     1795 
   128    168  1      gi|22    15389    15965 
   128    202  1      gi|25     4734     5347 
   129    169  1      gi|22    18973    19201 
   129    469 -1      gi|42    18462    18689 
   130    170  1      gi|22    20298    20750 
   130    210  1      gi|25    27675    28127 
   131    171  1      gi|22    24435    24552 
   131    544  1      gi|47    21932    22526 
   132    172  1      gi|22    24684    25815 
   132    545  1      gi|47    22675    24135 
   133    174  1      gi|22    38303    38459 
   133    463 -1      gi|41    38210    38366 
   134    175  1      gi|22    38496    39701 
   134    421 -1      gi|39    38254    38479 
   134    422  1      gi|39    38496    39699 
   134    461 -1      gi|41    37386    38009 
   134    462 -1      gi|41    38007    38235 
   135    176  1      gi|23     5304     5664 
   135    561 -1      gi|48    15898    15991 
   135    631 -1       gi|8    34933    35299 
   136    177  1      gi|23     5809     6114 
   136    645 -1       gi|9    39788    40092 
   137    178  1      gi|23     7979     9598 
   137    694 -1       gi|8    30922    32581 
   137    284  1      gi|31    11167    12909 
   137    336  1      gi|33    30953    31339 
   137    337  1      gi|33    31300    32110 
   137    339  1      gi|33    34168    35886 
   137    363  1      gi|35    31675    33395 
   137    521  1      gi|46     6617     8329 
   137    695  1      gi|33    32282    33971 
   137    517 -1      gi|45    37816    37912 
   137    433  1       gi|4    25408    26038 
   137    432  1       gi|4    25160    25536 
   138    179  1      gi|23    10043    10172 
   138    297  1      gi|31    32781    32903 
   139    181  1      gi|23    14568    15390 
   140    182  1      gi|23    16246    16813 
   141    183  1      gi|23    18162    18465 
   141    428  1       gi|4    19285    19869 
   141    346 -1      gi|34     8739     9462 
   142    185  1      gi|23    19219    19434 
   142    478  1      gi|42    27477    27792 
   143    186  1      gi|23    22846    22997 
   143    423  1       gi|4     2534     2701 
   143    442  1      gi|40     8623     8672 
   144    190  1      gi|23    26884    30353 
   144    494  1      gi|44    15785    19246 
   145    191  1      gi|23    32374    32473 
   145    453 -1      gi|41     3148     3247 
   146    192  1      gi|23    37235    37418 
   146    602  1       gi|6    27774    28075 
   146    476 -1      gi|42    23163    23453 
   147    193  1      gi|23    38431    38577 
   147    634  1       gi|9     5851     5993 
   148    197  1      gi|24    23003    23087 
   148    327  1      gi|33    13821    14263 
   148    411 -1      gi|39    13002    13249 
   148    503 -1      gi|44    39274    39670 
   148    325  1      gi|33    12728    13014 
   148    328  1      gi|33    14368    14643 
   148    482 -1      gi|42    39040    39193 
   149    198  1      gi|24    25467    25649 
   149    322 -1      gi|32    37362    37556 
   150    203  1      gi|25     6507     6629 
   150    315  1      gi|32    23795    23918 
   151    204  1      gi|25     7921     8089 
   151    588  1       gi|5    39972    40135 
   152    205  1      gi|25     8952     9281 
   152    498 -1      gi|44    27045    27373 
   153    206  1      gi|25    13119    13271 
   153    504 -1      gi|45     1863     2009 
   154    207  1      gi|25    14563    14658 
   154    638  1       gi|9    17249    17344 
   155    208  1      gi|25    20596    20746 
   155    524 -1      gi|46    14313    15879 
   156    212  1      gi|25    32059    32206 
   156    444 -1      gi|40    10565    10714 
   157    213  1      gi|25    32511    32742 
   157    443 -1      gi|40     9613    10115 
   157    214  1      gi|25    33753    34224 
   158    215  1      gi|25    34661    35265 
   158    293  1      gi|31    25552    25649 
   158    507 -1      gi|45     6539     6659 
   159    216  1      gi|25    35343    35935 
   159    530 -1      gi|46    29541    29715 
   160    220  1      gi|26     9289     9502 
   160    309  1      gi|32    13569    13785 
   161    222  1      gi|26    20592    21036 
   162    226  1      gi|26    34363    34778 
   162    255  1      gi|29    30822    33074 
   162    607  1       gi|6    34610    36851 
   162    611 -1       gi|7    13003    15250 
   163    227  1      gi|26    35175    35433 
   163    329  1      gi|33    14852    15138 
   164    228  1      gi|26    36231    36319 
   164    471  1      gi|42    19661    19753 
   165    229  1      gi|26    38399    39490 
   165    505  1      gi|45     3916     4968 
   165    506  1      gi|45     5361     6384 
   166    233  1      gi|28       65      484 
   166    330 -1      gi|33    18860    19294 
   167    235  1      gi|28     9382     9526 
   167    279  1      gi|31     3381     3510 
   168    236  1      gi|28     9746    11117 
   168    292 -1      gi|31    21609    23039 
   169    237  1      gi|28    11942    12884 
   169    310  1      gi|32    15358    16291 
   170    238  1      gi|28    14352    14580 
   170    302 -1      gi|32     6574     6804 
   171    239  1      gi|28    15503    15622 
   171    666  1      gi|27       55      173 
   171    240  1      gi|28    15609    15728 
   171    670  1      gi|28    15716    15851 
   172    243  1      gi|29     5654     6380 
   173    244  1      gi|29     9865    10006 
   173    626  1       gi|8    15881    16022 
   174    246  1      gi|29    13087    14048 
   174    364 -1      gi|35    34048    34916 
   174    440 -1      gi|40     5648     5767 
   174    594  1       gi|6    13116    14095 
   174    616 -1       gi|7    34801    35110 
   175    248  1      gi|29    16475    17254 
   175    369 -1      gi|35    39475    40245 
   176    249  1      gi|29    17757    18193 
   176    321  1      gi|32    35315    35646 
   176    368 -1      gi|35    39159    39256 
   176    436 -1      gi|40     1742     2084 
   176    437 -1      gi|40     2117     2272 
   177    250  1      gi|29    20088    22234 
   177    501 -1      gi|44    34997    37132 
   177    540 -1      gi|47    16431    17036 
   177    282  1      gi|31     9984    10106 
   178    253  1      gi|29    28413    30135 
   178    500  1      gi|44    32223    33903 
   179    254  1      gi|29    30089    30833 
   179    613  1       gi|7    25882    26618 
   180    259  1       gi|3     2093     2413 
   180    358  1      gi|35    12726    13054 
   181    260  1       gi|3     3076     3509 
   181    628 -1       gi|8    26345    26784 
   182    262  1       gi|3    11446    12213 
   182    355  1      gi|35      601     1358 
   183    265  1       gi|3    14713    14825 
   183    680  1      gi|19     4798     7478 
   183    333  1      gi|33    25716    25938 
   183    682  1      gi|27    30617    33297 
   184    267  1       gi|3    20704    20843 
   184    438  1      gi|40     2206     3902 
   184    274 -1      gi|30    34028    34136 
   185    271  1      gi|30     2829     3484 
   186    273  1      gi|30     7168     7950 
   186    567 -1      gi|48    32753    34101 
   187    275  1      gi|30    35942    36391 
   187    341 -1      gi|33    38550    39017 
   188    276  1      gi|30    37012    38691 
   188    534 -1      gi|47       14     1710 
   188    342 -1      gi|33    40078    40243 
   189    278  1      gi|31     2900     3171 
   189    340  1      gi|33    36013    37694 
   190    285  1      gi|31    13951    14092 
   190    559  1      gi|48    13220    13429 
   190    696 -1      gi|38    17635    17755 
   190    698 -1      gi|23    10323    10530 
   191    286  1      gi|31    14626    14778 
   191    318  1      gi|32    33944    34089 
   192    288  1      gi|31    18371    18634 
   193    290  1      gi|31    19137    19844 
   194    298  1      gi|31    33129    33253 
   195    300  1      gi|31    36993    38159 
   195    535 -1      gi|47     2293     3450 
   195    536 -1      gi|47     3673     4753 
   196    303  1      gi|32     8267     8484 
   196    564  1      gi|48    26433    26662 
   197    312  1      gi|32    20932    21036 
   197    510 -1      gi|45    16220    16339 
   198    313  1      gi|32    21745    21881 
   198    491  1      gi|44     2331     2449 
   198    571  1       gi|5     2614     2699 
   199    314  1      gi|32    22453    23729 
   199    618 -1       gi|7    35651    35923 
   199    651 -1      gi|13     5818     7197 
   199    655  1      gi|31     4804     6187 
   199    663  1      gi|13    29208    30591 
   199    661  1       gi|9    30871    31122 
   200    319  1      gi|32    34317    34525 
   200    557  1      gi|48    10312    10523 
   201    320  1      gi|32    34635    35276 
   201    558  1      gi|48    10781    11431 
   202    326  1      gi|33    13703    13850 
   202    408 -1      gi|39    11659    11825 
   203    334  1      gi|33    28609    28903 
   203    351  1      gi|34    34684    34981 
   203    335  1      gi|33    29717    30016 
   204    343  1      gi|34     2061     2203 
   204    537 -1      gi|47     5647     5786 
   205    345  1      gi|34     5769     5910 
   205    487  1      gi|43    34868    35019 
   206    348  1      gi|34    17517    17567 
   206    539 -1      gi|47    11820    11870 
   207    349  1      gi|34    19831    20012 
   207    513  1      gi|45    22645    22826 
   208    356  1      gi|35     4084     4213 
   208    551 -1      gi|47    39559    39692 
   209    359  1      gi|35    24015    24443 
   209    451  1      gi|40    25166    25625 
   210    360  1      gi|35    27353    27485 
   210    386 -1      gi|38     4294     4423 
   211    361  1      gi|35    27698    27918 
   211    384 -1      gi|38     4008     4237 
   212    362  1      gi|35    29748    30058 
   212    496  1      gi|44    26193    26513 
   213    370  1      gi|36     3428     3561 
   213    623  1       gi|8     9991    10118 
   214    371  1      gi|36     6316     6452 
   214    542  1      gi|47    18309    19641 
   214    460  1      gi|41    21034    22432 
   215    376  1      gi|36    19850    19996 
   215    425 -1       gi|4     8129     8276 
   216    377  1      gi|36    22702    24090 
   216    424 -1       gi|4     5204     6587 
   217    379  1      gi|36    31466    32093 
   217    552 -1      gi|48     2792     3417 
   218    382  1      gi|37        1      281 
   218    486  1      gi|43    25963    26244 
   219    383  1      gi|38      972     1183 
   219    522 -1      gi|46    10826    11034 
   220    392  1      gi|38    22409    23130 
   220    472  1      gi|42    19727    19926 
   221    401  1      gi|38    35714    36317 
   222    405  1      gi|39     1807     1967 
   222    525 -1      gi|46    20764    20924 
   223    406  1      gi|39     9590    10098 
   223    574  1       gi|5    15223    15729 
   224    409  1      gi|39    11877    12259 
   225    415  1      gi|39    25377    26930 
   225    621  1       gi|8     8129     8765 
   225    620  1       gi|8     5295     6808 
   225    622  1       gi|8     9131     9460 
   226    418  1      gi|39    33724    33849 
   226    470 -1      gi|42    19257    19385 
   227    427  1       gi|4    17707    18431 
   228    431  1       gi|4    24636    25257 
   229    439  1      gi|40     3877     5168 
   229    454 -1      gi|41     5345     6618 
   230    441  1      gi|40     6992     7085 
   230    609  1       gi|7     5118     5216 
   231    445  1      gi|40    10831    11000 
   232    452  1      gi|41      901     2267 
   232    591  1       gi|6     7099     8466 
   233    455  1      gi|41    15267    16027 
   233    595  1       gi|6    14074    14836 
   234    456  1      gi|41    16659    17207 
   234    596  1       gi|6    15471    16056 
   235    457  1      gi|41    17509    17688 
   235    488  1      gi|43    36443    36621 
   235    570  1      gi|48    36476    36556 
   236    459  1      gi|41    20882    20986 
   236    541  1      gi|47    18088    18192 
   237    464  1      gi|41    38412    39539 
   237    523 -1      gi|46    11663    12783 
   237    633  1       gi|9       22     1119 
   238    465  1      gi|42      764     1275 
   238    637 -1       gi|9    14650    15206 
   238    467  1      gi|42    12477    12893 
   239    474  1      gi|42    21528    21718 
   239    604 -1       gi|6    29556    29747 
   240    475  1      gi|42    22182    22452 
   240    603 -1       gi|6    28813    29080 
   241    477  1      gi|42    23782    24440 
   241    601 -1       gi|6    26812    27467 
   242    479  1      gi|42    29435    29657 
   242    642 -1       gi|9    29559    29757 
   243    480  1      gi|42    32099    32777 
   243    515 -1      gi|45    23474    23987 
   244    489  1      gi|44     1397     1935 
   244    518  1      gi|45    38290    38983 
   244    490  1      gi|44     1940     2269 
   245    495  1      gi|44    23170    23250 
   245    526  1      gi|46    21192    21297 
   245    538 -1      gi|47    11675    11762 
   246    499  1      gi|44    27363    27435 
   246    587 -1       gi|5    39765    39842 
   247    511  1      gi|45    16994    17600 
   247    636 -1       gi|9    10047    10656 
   248    512  1      gi|45    21847    22152 
   248    617  1       gi|7    35351    35656 
   249    514  1      gi|45    22836    23083 
   250    519  1      gi|46     1187     1943 
   251    532  1      gi|46    32514    32728 
   251    589  1       gi|6     1207     1436 
   252    533  1      gi|46    33761    33832 
   252    590  1       gi|6     2667     2732 
   253    546  1      gi|47    25368    26693 
   253    632 -1       gi|8    36846    38159 
   254    547  1      gi|47    28378    29255 
   255    549  1      gi|47    32990    33179 
   256    562  1      gi|48    20708    20805 
   257    569  1      gi|48    34868    35646 
   258    575  1       gi|5    18485    19143 
   258    689  1      gi|39    10388    11146 
   258    688 -1      gi|38    39911    40240 
   258    692 -1      gi|33    19790    20642 
   258    693  1       gi|5    38551    39410 
   258    684 -1       gi|2        6      394 
   258    685  1      gi|39    12101    12599 
   259    581  1       gi|5    27287    27876 
   260    583  1       gi|5    36479    36694 
   261    593  1       gi|6    11643    12888 
   261    700 -1      gi|32     8980    10220 
   261    701 -1      gi|38    21026    22271 
   261    703  1       gi|7     6980     8219 
   261    705  1      gi|38    26162    27407 
   262    614  1       gi|7    30216    30942 
   263    640  1       gi|9    25991    26668 
   264    646  1       gi|1     3102     3156 
   264    649 -1      gi|34    10966    10997 
   265    676  1      gi|34    29845    29881 
   265    677 -1      gi|39    27628    27668 
   266    681  1      gi|19     7481     9183 
   266    683  1      gi|27    33300    35002 
   267    686  1      gi|39    12604    12638 
   268    687  1      gi|38    39874    39909 
   268    690 -1      gi|39    11148    11307 
   268    691  1      gi|33    19652    19790 
   269    697  1      gi|38    17758    17799 
   269    699  1      gi|23    10535    10576 
   270    702  1       gi|7     6942     6974 
   270    704  1      gi|38    26115    26159 
