1 gi|1 267 1238
2 gi|1 2816 2925
3 gi|1 3102 3879
4 gi|1 5034 5258
5 gi|1 5451 5777
6 gi|1 14042 14128
7 gi|1 14308 14854
8 gi|1 15155 15388
9 gi|1 15554 15785
10 gi|1 17181 17414
11 gi|1 24059 24320
12 gi|1 24671 26299
13 gi|1 26574 26806
14 gi|1 34593 34685
15 gi|1 35939 36656
16 gi|1 38607 39070
17 gi|10 184 312
18 gi|10 6522 6629
19 gi|10 15650 16499
20 gi|10 16690 17136
21 gi|10 18785 19111
22 gi|10 19874 19950
23 gi|10 23942 24168
24 gi|10 27377 27681
25 gi|10 32663 33924
26 gi|10 36778 36884
27 gi|10 37211 37283
28 gi|11 6355 6507
29 gi|11 6790 6934
30 gi|11 9494 10182
31 gi|11 10677 11061
32 gi|11 12788 12863
33 gi|11 15780 15910
34 gi|11 19375 19445
35 gi|11 19988 20694
36 gi|11 24162 24223
37 gi|11 28486 29448
38 gi|11 30679 30836
39 gi|11 34877 35733
40 gi|12 12612 12840
41 gi|12 19770 19863
42 gi|12 24397 24610
43 gi|12 25143 25188
44 gi|12 25887 26274
45 gi|12 28027 28428
46 gi|12 30936 31005
47 gi|12 31623 31712
48 gi|12 32851 33013
49 gi|12 33074 34814
50 gi|12 37905 40245
51 gi|13 1 1652
52 gi|13 3845 4069
53 gi|13 5812 7498
54 gi|13 10033 10321
55 gi|13 11525 11723
56 gi|13 11648 12051
57 gi|13 12274 12358
58 gi|13 12509 13352
59 gi|13 18409 18617
60 gi|13 20485 20569
61 gi|13 22266 22659
62 gi|13 28146 28381
63 gi|13 28892 30597
64 gi|13 36941 37638
65 gi|14 4441 4847
66 gi|14 9669 10121
67 gi|14 12149 12442
68 gi|14 16077 16189
69 gi|14 16636 16913
70 gi|14 17615 17953
71 gi|14 23622 23891
72 gi|14 28709 28903
73 gi|14 29642 29777
74 gi|14 36710 37004
75 gi|14 37117 37461
76 gi|15 805 916
77 gi|15 4431 4674
78 gi|15 4837 5070
79 gi|15 6418 6744
80 gi|15 6770 10234
81 gi|15 10174 12596
82 gi|15 13749 14265
83 gi|15 14213 14369
84 gi|15 18662 19055
85 gi|15 20006 20292
86 gi|15 21249 21451
87 gi|15 24944 25015
88 gi|15 25268 25718
89 gi|15 30119 30222
90 gi|15 31072 32025
91 gi|15 32663 32747
92 gi|16 3801 4940
93 gi|16 7243 7506
94 gi|16 18957 19027
95 gi|16 22116 24750
96 gi|16 25653 25766
97 gi|16 29440 29586
98 gi|16 33266 34096
99 gi|16 34682 34889
100 gi|16 34942 35231
101 gi|17 25 449
102 gi|17 5558 5640
103 gi|17 13109 13534
104 gi|17 13637 14445
105 gi|17 16821 16879
106 gi|17 17117 17399
107 gi|17 23705 23977
108 gi|17 24525 24566
109 gi|17 27736 27812
110 gi|17 28565 29455
111 gi|17 35681 35845
112 gi|17 36310 36500
113 gi|17 38899 39531
114 gi|17 39785 40122
115 gi|18 177 913
116 gi|18 3320 3636
117 gi|18 4871 5075
118 gi|18 6328 6470
119 gi|18 11803 12237
120 gi|18 14961 15063
121 gi|18 20267 20339
122 gi|18 25989 26261
123 gi|18 29974 30096
124 gi|18 37457 37633
125 gi|19 1 4808
126 gi|19 4798 9183
127 gi|19 14427 31250
128 gi|19 32271 32519
129 gi|19 33820 40245
130 gi|2 2 413
131 gi|2 1995 2081
132 gi|2 10537 10990
133 gi|2 34317 34478
134 gi|2 38699 38932
135 gi|20 145 365
136 gi|20 6964 7143
137 gi|20 7376 7553
138 gi|20 7575 7749
139 gi|20 8276 8385
140 gi|20 10114 10235
141 gi|20 14851 15532
142 gi|20 15978 16705
143 gi|20 16760 17555
144 gi|20 18649 19368
145 gi|20 22116 22461
146 gi|20 27924 28444
147 gi|20 30872 31626
148 gi|20 31540 31753
149 gi|20 32149 32589
150 gi|20 34714 34779
151 gi|20 34901 35648
152 gi|20 37066 37283
153 gi|20 38349 38547
154 gi|21 439 1158
155 gi|21 2682 2923
156 gi|21 7278 7354
157 gi|21 14675 14763
158 gi|21 17861 18273
159 gi|21 18952 19290
160 gi|21 19953 20546
161 gi|21 21214 21331
162 gi|21 32170 32333
163 gi|21 32465 34428
164 gi|21 36180 36416
165 gi|22 7074 7258
166 gi|22 11296 11736
167 gi|22 12230 13117
168 gi|22 15389 15965
169 gi|22 18973 19201
170 gi|22 20298 20750
171 gi|22 24435 24552
172 gi|22 24684 25815
173 gi|22 29411 29765
174 gi|22 38303 38459
175 gi|22 38496 39707
176 gi|23 5304 5664
177 gi|23 5809 6114
178 gi|23 7979 9598
179 gi|23 10043 10172
180 gi|23 10323 10576
181 gi|23 14568 15390
182 gi|23 16246 16813
183 gi|23 18160 18465
184 gi|23 18935 19021
185 gi|23 19219 19434
186 gi|23 22846 22997
187 gi|23 23915 24009
188 gi|23 24506 24734
189 gi|23 25660 26014
190 gi|23 26884 30353
191 gi|23 32374 32473
192 gi|23 37235 37418
193 gi|23 38431 38577
194 gi|24 5 366
195 gi|24 5812 6968
196 gi|24 18646 18821
197 gi|24 23003 23087
198 gi|24 25467 25649
199 gi|24 27205 27540
200 gi|24 39856 40035
201 gi|25 556 1439
202 gi|25 4734 5347
203 gi|25 6507 6629
204 gi|25 7921 8089
205 gi|25 8952 9281
206 gi|25 13119 13271
207 gi|25 14563 14658
208 gi|25 20594 20749
209 gi|25 22485 22519
210 gi|25 27675 28127
211 gi|25 29602 29898
212 gi|25 32059 32206
213 gi|25 32511 32742
214 gi|25 33753 34224
215 gi|25 34661 35265
216 gi|25 35343 35935
217 gi|26 2003 2851
218 gi|26 3436 3658
219 gi|26 9128 9271
220 gi|26 9289 9502
221 gi|26 19041 19260
222 gi|26 20592 21036
223 gi|26 21105 21163
224 gi|26 31866 32002
225 gi|26 32438 32723
226 gi|26 34363 34778
227 gi|26 35175 35433
228 gi|26 36231 36319
229 gi|26 38399 39490
230 gi|27 55 24567
231 gi|27 24568 29375
232 gi|27 30617 35002
233 gi|28 65 484
234 gi|28 1717 1873
235 gi|28 9382 9526
236 gi|28 9746 11117
237 gi|28 11942 12884
238 gi|28 14352 14580
239 gi|28 15503 15622
240 gi|28 15609 15728
241 gi|28 15716 40245
242 gi|29 900 1795
243 gi|29 5654 6380
244 gi|29 9865 10006
245 gi|29 12750 12818
246 gi|29 13087 14048
247 gi|29 15056 15254
248 gi|29 16475 17254
249 gi|29 17757 18193
250 gi|29 20088 22234
251 gi|29 23848 24301
252 gi|29 27990 28429
253 gi|29 28413 30135
254 gi|29 30089 30833
255 gi|29 30821 33074
256 gi|29 38065 38357
257 gi|29 38964 39168
258 gi|29 40144 40212
259 gi|3 2093 2413
260 gi|3 3076 3509
261 gi|3 5967 8649
262 gi|3 11446 12213
263 gi|3 14023 14200
264 gi|3 14133 14429
265 gi|3 14713 14825
266 gi|3 16360 16463
267 gi|3 20704 20843
268 gi|3 27782 28014
269 gi|3 28698 28811
270 gi|30 941 1686
271 gi|30 2829 3484
272 gi|30 6388 6483
273 gi|30 7163 7950
274 gi|30 34028 34136
275 gi|30 35942 36391
276 gi|30 37012 38691
277 gi|30 39172 39391
278 gi|31 2900 3171
279 gi|31 3381 3510
280 gi|31 4242 4392
281 gi|31 4507 6193
282 gi|31 9984 10106
283 gi|31 10342 10509
284 gi|31 11167 12909
285 gi|31 13945 14092
286 gi|31 14626 14778
287 gi|31 17507 17704
288 gi|31 18371 18634
289 gi|31 18876 19020
290 gi|31 19137 19844
291 gi|31 20863 20962
292 gi|31 21609 23039
293 gi|31 25552 25649
294 gi|31 26290 26559
295 gi|31 26467 29946
296 gi|31 29952 32083
297 gi|31 32781 32903
298 gi|31 33129 33258
299 gi|31 33434 34403
300 gi|31 36993 38159
301 gi|31 39707 40112
302 gi|32 6574 6804
303 gi|32 8267 8484
304 gi|32 8506 8850
305 gi|32 8860 8989
306 gi|32 8967 10234
307 gi|32 10221 12809
308 gi|32 12795 13139
309 gi|32 13569 13785
310 gi|32 15358 16291
311 gi|32 16879 18579
312 gi|32 20932 21036
313 gi|32 21745 21881
314 gi|32 22453 23735
315 gi|32 23795 23918
316 gi|32 26853 26961
317 gi|32 31647 33584
318 gi|32 33944 34089
319 gi|32 34317 34525
320 gi|32 34635 35276
321 gi|32 35315 35646
322 gi|32 37362 37556
323 gi|32 38627 38897
324 gi|32 39266 39436
325 gi|33 12728 13016
326 gi|33 13703 13850
327 gi|33 13821 14263
328 gi|33 14368 14643
329 gi|33 14852 15138
330 gi|33 18860 19294
331 gi|33 19652 20642
332 gi|33 24029 24122
333 gi|33 25716 25942
334 gi|33 28609 28903
335 gi|33 29717 30016
336 gi|33 30953 31339
337 gi|33 31300 32110
338 gi|33 32267 33971
339 gi|33 34163 35886
340 gi|33 36013 37694
341 gi|33 38550 39017
342 gi|33 40078 40243
343 gi|34 2061 2203
344 gi|34 4249 4505
345 gi|34 5769 5910
346 gi|34 8739 9462
347 gi|34 10243 10997
348 gi|34 17517 17567
349 gi|34 19831 20012
350 gi|34 27146 29881
351 gi|34 34683 34984
352 gi|34 35942 36777
353 gi|34 38330 38476
354 gi|34 38630 39136
355 gi|35 601 1358
356 gi|35 4084 4213
357 gi|35 10433 10910
358 gi|35 12717 13054
359 gi|35 24015 24443
360 gi|35 27353 27485
361 gi|35 27698 27918
362 gi|35 29748 30058
363 gi|35 31668 33396
364 gi|35 34048 34916
365 gi|35 36888 37072
366 gi|35 37433 37612
367 gi|35 38036 38330
368 gi|35 39159 39256
369 gi|35 39475 40245
370 gi|36 3428 3561
371 gi|36 6316 6452
372 gi|36 13879 14235
373 gi|36 14579 14773
374 gi|36 16397 16474
375 gi|36 18611 19865
376 gi|36 19850 19996
377 gi|36 22702 24090
378 gi|36 24138 24297
379 gi|36 31466 32093
380 gi|36 35768 36208
381 gi|36 39991 40144
382 gi|37 1 281
383 gi|38 972 1183
384 gi|38 4008 4237
385 gi|38 4208 4272
386 gi|38 4294 4423
387 gi|38 5915 6367
388 gi|38 9484 9813
389 gi|38 17633 17799
390 gi|38 17976 20651
391 gi|38 21012 22282
392 gi|38 22409 23130
393 gi|38 24152 24915
394 gi|38 25606 25689
395 gi|38 26115 27413
396 gi|38 27559 27753
397 gi|38 27837 27901
398 gi|38 30289 31115
399 gi|38 34057 34877
400 gi|38 35030 35332
401 gi|38 35714 36317
402 gi|38 36980 37078
403 gi|38 38697 39061
404 gi|38 39874 40245
405 gi|39 1807 1967
406 gi|39 9590 10098
407 gi|39 10388 11307
408 gi|39 11659 11825
409 gi|39 11877 12259
410 gi|39 12101 12638
411 gi|39 13002 13249
412 gi|39 16478 17291
413 gi|39 18732 19159
414 gi|39 22628 24566
415 gi|39 25374 26930
416 gi|39 27628 27962
417 gi|39 27936 28229
418 gi|39 33724 33849
419 gi|39 35434 35555
420 gi|39 36529 36629
421 gi|39 38254 38479
422 gi|39 38496 39699
423 gi|4 2534 2701
424 gi|4 5204 6587
425 gi|4 8129 8276
426 gi|4 15611 15820
427 gi|4 17707 18431
428 gi|4 19285 19870
429 gi|4 20561 22070
430 gi|4 23233 23373
431 gi|4 24636 25257
432 gi|4 25155 25537
433 gi|4 25408 26038
434 gi|4 30151 30845
435 gi|4 31202 31451
436 gi|40 1742 2084
437 gi|40 2117 2272
438 gi|40 2206 3902
439 gi|40 3877 5168
440 gi|40 5648 5767
441 gi|40 6992 7085
442 gi|40 8623 8672
443 gi|40 9613 10115
444 gi|40 10565 10714
445 gi|40 10831 11000
446 gi|40 11385 11868
447 gi|40 12937 14913
448 gi|40 19639 19772
449 gi|40 23590 23844
450 gi|40 23923 24010
451 gi|40 25166 25625
452 gi|41 901 2267
453 gi|41 3148 3247
454 gi|41 5345 6618
455 gi|41 15267 16027
456 gi|41 16659 17207
457 gi|41 17509 17688
458 gi|41 19060 19154
459 gi|41 20882 20986
460 gi|41 21034 22432
461 gi|41 37379 38010
462 gi|41 38007 38235
463 gi|41 38210 38366
464 gi|41 38412 39540
465 gi|42 764 1275
466 gi|42 1666 2497
467 gi|42 12477 12893
468 gi|42 15925 16103
469 gi|42 18462 18689
470 gi|42 19257 19385
471 gi|42 19661 19753
472 gi|42 19727 19930
473 gi|42 19973 20068
474 gi|42 21528 21718
475 gi|42 22182 22452
476 gi|42 23163 23453
477 gi|42 23782 24440
478 gi|42 27477 27792
479 gi|42 29435 29657
480 gi|42 32099 32777
481 gi|42 34533 34645
482 gi|42 39039 39193
483 gi|43 1 16966
484 gi|43 17987 18236
485 gi|43 19537 25962
486 gi|43 25963 26244
487 gi|43 34868 35019
488 gi|43 36443 36621
489 gi|44 1397 1935
490 gi|44 1940 2269
491 gi|44 2331 2449
492 gi|44 3935 5866
493 gi|44 8501 8768
494 gi|44 15785 19246
495 gi|44 23170 23250
496 gi|44 26193 26513
497 gi|44 26797 27017
498 gi|44 27045 27373
499 gi|44 27363 27435
500 gi|44 32223 33903
501 gi|44 34997 37135
502 gi|44 37464 37931
503 gi|44 39267 39670
504 gi|45 1863 2009
505 gi|45 3916 4968
506 gi|45 5361 6384
507 gi|45 6539 6659
508 gi|45 6680 7105
509 gi|45 13640 13722
510 gi|45 16220 16339
511 gi|45 16994 17600
512 gi|45 21847 22152
513 gi|45 22645 22826
514 gi|45 22836 23083
515 gi|45 23468 23987
516 gi|45 26584 28686
517 gi|45 37816 37912
518 gi|45 38290 38983
519 gi|46 1187 1943
520 gi|46 2080 2690
521 gi|46 6615 8329
522 gi|46 10826 11034
523 gi|46 11661 12783
524 gi|46 14313 15879
525 gi|46 20764 20924
526 gi|46 21192 21298
527 gi|46 25804 26594
528 gi|46 27230 27454
529 gi|46 29351 29416
530 gi|46 29541 29715
531 gi|46 30440 30504
532 gi|46 32514 32728
533 gi|46 33761 33832
534 gi|47 14 1710
535 gi|47 2293 3450
536 gi|47 3673 4753
537 gi|47 5647 5786
538 gi|47 11675 11762
539 gi|47 11820 11870
540 gi|47 16431 17036
541 gi|47 18088 18192
542 gi|47 18309 19641
543 gi|47 21549 21847
544 gi|47 21932 22526
545 gi|47 22675 24135
546 gi|47 25368 26693
547 gi|47 28378 29255
548 gi|47 32433 32474
549 gi|47 32990 33179
550 gi|47 33793 34114
551 gi|47 39559 39692
552 gi|48 2792 3417
553 gi|48 7286 7900
554 gi|48 7958 8041
555 gi|48 8199 8562
556 gi|48 9537 10000
557 gi|48 10312 10523
558 gi|48 10781 11431
559 gi|48 13216 13429
560 gi|48 15676 15806
561 gi|48 15898 15991
562 gi|48 20708 20805
563 gi|48 21056 22182
564 gi|48 26433 26662
565 gi|48 26678 27514
566 gi|48 31842 32677
567 gi|48 32753 34101
568 gi|48 34161 34766
569 gi|48 34868 35646
570 gi|48 36476 36556
571 gi|5 2614 2699
572 gi|5 13791 14456
573 gi|5 14657 14808
574 gi|5 15223 15729
575 gi|5 18484 19145
576 gi|5 21950 22181
577 gi|5 22998 23238
578 gi|5 23696 24015
579 gi|5 25496 25766
580 gi|5 26469 26699
581 gi|5 27287 27876
582 gi|5 28449 28703
583 gi|5 36479 36694
584 gi|5 36880 37527
585 gi|5 37867 37967
586 gi|5 38551 39438
587 gi|5 39765 39842
588 gi|5 39972 40135
589 gi|6 1207 1436
590 gi|6 2667 2732
591 gi|6 7099 8466
592 gi|6 10486 10664
593 gi|6 11635 12896
594 gi|6 13116 14095
595 gi|6 14074 14836
596 gi|6 15471 16056
597 gi|6 16298 16365
598 gi|6 16778 17169
599 gi|6 17845 18194
600 gi|6 26114 26717
601 gi|6 26812 27467
602 gi|6 27774 28075
603 gi|6 28813 29080
604 gi|6 29556 29747
605 gi|6 32795 32864
606 gi|6 33151 33194
607 gi|6 34609 36853
608 gi|6 36966 37270
609 gi|7 5118 5216
610 gi|7 6942 8224
611 gi|7 12999 15250
612 gi|7 23607 23686
613 gi|7 25882 26618
614 gi|7 30216 30942
615 gi|7 31973 32729
616 gi|7 34801 35110
617 gi|7 35351 35656
618 gi|7 35651 35923
619 gi|8 1290 1453
620 gi|8 5295 6808
621 gi|8 8129 8765
622 gi|8 9131 9460
623 gi|8 9991 10118
624 gi|8 10481 10593
625 gi|8 14478 15433
626 gi|8 15881 16022
627 gi|8 25582 26117
628 gi|8 26345 26784
629 gi|8 28279 29006
630 gi|8 30898 32598
631 gi|8 34933 35299
632 gi|8 36846 38159
633 gi|9 22 1120
634 gi|9 5851 5993
635 gi|9 6097 6317
636 gi|9 10047 10656
637 gi|9 14650 15206
638 gi|9 17249 17344
639 gi|9 22031 22258
640 gi|9 25991 26668
641 gi|9 27190 27458
642 gi|9 29559 29757
643 gi|9 30349 30421
644 gi|9 30589 31122
645 gi|9 39788 40092
