frag gi|51 22511 22718
img_no 4
flimg_no 2
edge_no 4
msp 2841 p 1815 96.3 1 163 gi|18 25099 25308 1003 gi|51 22510 22718
msp 3953 p 686 77.7 1 1004 gi|30 27288 27498 1003 gi|51 22510 22718
msp 4197 p 293 84.1 1 1005 gi|33 18241 18300 1003 gi|51 22512 22577
msp 4199 p 307 97.4 -1 426 gi|33 18300 18337 1003 gi|51 22513 22550
edge 2479 p 1 96 1003 163
edge 2482 p -1 97 1003 426
edge 2485 p 1 77 1004 1003
edge 2487 p 1 84 1005 1003
pcp 22510 1004
pcp 22510 163
pcp 22512 1005
pcp 22513 426
pcp 22550 426
pcp 22577 1005
pcp 22718 1004
pcp 22718 163
