frag gi|9 28709 28809
img_no 6
flimg_no 1
edge_no 6
msp 807 p 307 92.2 -1 891 gi|8 6472 6531 1002 gi|9 28707 28767
msp 1085 s 184 86.0 1 873 gi|7 11820 11859 1002 gi|9 28707 28752
msp 1298 s 275 85.5 1 1002 gi|9 28707 28767 218 gi|20 37170 37239
msp 1300 s 259 90.5 -1 1002 gi|9 28707 28747 388 gi|31 21351 21396
msp 1302 s 265 82.7 -1 1002 gi|9 28707 28758 142 gi|17 12957 13008
msp 1304 p 251 84.7 1 1002 gi|9 28712 28809 562 gi|41 15988 16078
edge 2456 s 0 0 1002 142
edge 2457 s 0 0 1002 218
edge 2458 s 0 0 1002 388
edge 2459 p 1 84 1002 562
edge 2460 s 0 0 1002 873
edge 2461 p -1 92 1002 891
pcp 28809 562
pcp 28767 891
pcp 28712 562
pcp 28707 891
