frag gi|39 10813 11079
img_no 7
flimg_no 1
edge_no 3
msp 567 p 272 86.5 -1 195 gi|2 27782 27850 1008 gi|39 11010 11080
msp 4303 s 299 79.0 1 488 gi|37 19001 19148 1008 gi|39 10934 11080
msp 4305 p 264 71.6 -1 488 gi|37 19007 19249 1008 gi|39 10833 11076
msp 4307 p 284 73.9 -1 488 gi|37 19053 19334 1008 gi|39 10810 11080
msp 4456 p 329 80.2 -1 1008 gi|39 10816 10931 643 gi|46 24656 24775
msp 4458 s 295 75.5 -1 1008 gi|39 10825 10975 643 gi|46 24668 24818
msp 5124 p 248 72.0 -1 1008 gi|39 10913 11080 643 gi|46 24711 24884
edge 2548 p -1 86 1008 195
edge 2549 p -1 73 1008 488
edge 2550 p -1 80 1008 643
pcp 10810 488
pcp 10816 643
pcp 10833 488
pcp 10913 643
pcp 10931 643
pcp 11010 195
pcp 11076 488
pcp 11080 488
pcp 11080 195
pcp 11080 643
