frag gi|39 20264 20567
img_no 21
flimg_no 1
edge_no 17
msp 815 s 252 70.1 -1 892 gi|8 17069 17145 1007 gi|39 20418 20494
msp 1281 s 285 69.1 1 905 gi|9 13958 14067 1007 gi|39 20268 20375
msp 1287 s 249 84.1 1 905 gi|9 13994 14134 1007 gi|39 20418 20567
msp 1945 s 255 74.6 1 702 gi|5 5238 5300 1007 gi|39 20315 20378
msp 1955 s 256 74.1 1 705 gi|5 5771 5828 1007 gi|39 20312 20369
msp 2201 p 283 78.7 -1 92 gi|14 8795 9015 1007 gi|39 20353 20567
msp 2417 p 292 79.8 -1 108 gi|15 13037 13318 1007 gi|39 20266 20567
msp 2425 s 258 83.3 -1 108 gi|15 13210 13287 1007 gi|39 20413 20490
msp 2677 s 281 73.7 1 139 gi|17 1901 1976 1007 gi|39 20418 20493
msp 3009 s 420 82.6 1 170 gi|19 6606 6718 1007 gi|39 20262 20375
msp 3025 s 468 82.8 1 174 gi|19 13435 13672 1007 gi|39 20302 20493
msp 3027 s 283 75.3 1 174 gi|19 13435 13511 1007 gi|39 20417 20494
msp 3031 s 461 86.4 1 174 gi|19 13593 13673 1007 gi|39 20297 20378
msp 3395 s 270 82.8 1 282 gi|25 24514 24571 1007 gi|39 20431 20489
msp 4093 s 281 75.7 -1 412 gi|32 37010 37194 1007 gi|39 20319 20499
msp 4301 p 278 82.1 1 1030 gi|37 17949 18015 1007 gi|39 20423 20489
msp 4464 s 223 81.3 1 1007 gi|39 20262 20374 565 gi|41 21129 21233
msp 4466 p 242 76.6 1 1007 gi|39 20262 20375 1006 gi|43 6686 6799
msp 4468 s 260 83.7 -1 1007 gi|39 20262 20375 727 gi|50 39100 39216
msp 4470 s 402 75.9 1 1007 gi|39 20352 20492 991 gi|50 19699 19844
msp 4472 s 464 75.9 1 1007 gi|39 20423 20567 650 gi|46 36065 36209
edge 2514 p -1 78 1007 92
edge 2515 p -1 79 1007 108
edge 2516 s 0 0 1007 139
edge 2517 s 0 0 1007 170
edge 2518 s 0 0 1007 174
edge 2519 s 0 0 1007 282
edge 2520 s 0 0 1007 412
edge 2522 s 0 0 1007 565
edge 2523 s 0 0 1007 650
edge 2524 s 0 0 1007 702
edge 2525 s 0 0 1007 705
edge 2526 s 0 0 1007 727
edge 2527 s 0 0 1007 892
edge 2528 s 0 0 1007 905
edge 2529 s 0 0 1007 991
edge 2530 p 1 76 1007 1006
edge 2718 p 1 82 1030 1007
pcp 20262 1006
pcp 20266 108
pcp 20353 92
pcp 20375 1006
pcp 20423 1030
pcp 20489 1030
pcp 20567 108
pcp 20567 92
