frag gi|39 24877 25185
img_no 6
flimg_no 4
edge_no 6
msp 1719 p 2527 100.0 -1 941 gi|10 36751 37033 1011 gi|39 24877 25159
msp 2887 p 2439 98.7 1 1010 gi|20 3600 3909 1011 gi|39 24877 25186
msp 4486 p 2276 96.6 -1 1011 gi|39 24877 25186 944 gi|48 10078 10386
msp 4488 p 2426 99.1 -1 1011 gi|39 24877 25185 942 gi|40 31437 31753
msp 4490 p 2540 97.7 -1 1011 gi|39 24877 25183 813 gi|57 8417 8726
msp 4492 p 2527 100.0 -1 1011 gi|39 24877 25159 821 gi|57 19574 19856
edge 2580 p -1 97 1011 813
edge 2581 p -1 100 1011 821
edge 2582 p -1 100 1011 941
edge 2583 p -1 99 1011 942
edge 2584 p -1 96 1011 944
edge 2585 p 1 98 1011 1010
pcp 25186 1010
pcp 25186 944
pcp 25185 942
pcp 25183 813
pcp 25159 821
pcp 25159 941
pcp 24877 942
pcp 24877 821
pcp 24877 944
pcp 24877 813
pcp 24877 1010
pcp 24877 941
