frag gi|38 35909 36024
img_no 4
flimg_no 2
edge_no 4
msp 3379 p 955 92.4 -1 280 gi|25 23035 23152 1025 gi|38 35909 36026
msp 3571 p 294 71.8 1 296 gi|26 19152 19222 1025 gi|38 35954 36025
msp 4428 p 653 88.8 -1 1025 gi|38 35939 36026 521 gi|39 10753 10840
msp 5134 p 706 90.7 -1 1025 gi|38 35909 36021 1028 gi|47 31845 31964
edge 2698 p -1 92 1025 280
edge 2699 p 1 71 1025 296
edge 2700 p -1 88 1025 521
edge 2706 p -1 90 1028 1025
pcp 35909 1028
pcp 35909 280
pcp 35939 521
pcp 35954 296
pcp 36021 1028
pcp 36025 296
pcp 36026 280
pcp 36026 521
