frag gi|56 28982 29982
img_no 5
flimg_no 1
edge_no 5
msp 2929 p 320 71.0 1 215 gi|20 31593 32149 1021 gi|56 28982 29541
msp 4233 p 251 70.5 -1 449 gi|34 29153 29291 1021 gi|56 29790 29928
msp 4235 p 358 73.9 -1 1022 gi|34 29922 30096 1021 gi|56 28982 29156
msp 4241 p 885 75.5 -1 453 gi|34 33744 34727 1021 gi|56 28983 29982
msp 5131 s 774 73.9 -1 1019 gi|34 29543 29919 1021 gi|56 29159 29535
edge 2614 p 1 70 1021 215
edge 2615 p -1 70 1021 449
edge 2616 p -1 75 1021 453
edge 2617 s 0 0 1021 1019
edge 2620 p -1 73 1022 1021
pcp 29982 453
pcp 29928 449
pcp 29790 449
pcp 29541 215
pcp 29156 1022
pcp 28983 453
pcp 28982 215
pcp 28982 1022
