frag gi|37 17946 18020
img_no 7
flimg_no 3
edge_no 7
msp 1327 s 250 74.1 1 912 gi|9 31171 31224 1030 gi|37 17957 18010
msp 1921 p 246 79.5 1 695 gi|5 2107 2183 1030 gi|37 17947 18022
msp 3393 s 591 98.4 1 282 gi|25 24513 24576 1030 gi|37 17957 18020
msp 4095 s 250 74.1 -1 412 gi|32 37024 37077 1030 gi|37 17957 18010
msp 4298 p 280 86.1 1 1030 gi|37 17945 18022 500 gi|38 13436 13514
msp 4300 p 278 82.1 1 1030 gi|37 17949 18015 1007 gi|39 20423 20489
msp 5139 p 111 77.1 1 1049 gi|5 1938 2014 1030 gi|37 17946 18022
edge 2712 s 0 0 1030 282
edge 2713 s 0 0 1030 412
edge 2714 p 1 86 1030 500
edge 2716 p 1 79 1030 695
edge 2717 s 0 0 1030 912
edge 2718 p 1 82 1030 1007
edge 2903 p 1 77 1049 1030
pcp 18022 695
pcp 18022 500
pcp 18022 1049
pcp 18015 1007
pcp 17949 1007
pcp 17947 695
pcp 17946 1049
pcp 17945 500
