frag gi|59 11278 11323
img_no 4
flimg_no 4
edge_no 4
msp 4313 p 273 86.1 -1 1042 gi|37 23526 23573 1045 gi|59 11276 11323
msp 4923 p 229 87.5 1 1043 gi|47 11708 11752 1045 gi|59 11280 11323
msp 4933 p 266 81.8 1 660 gi|47 20857 20900 1045 gi|59 11280 11323
msp 5063 p 244 83.3 -1 765 gi|54 5153 5199 1045 gi|59 11277 11323
edge 2862 p 1 81 1045 660
edge 2863 p -1 83 1045 765
edge 2864 p -1 86 1045 1042
edge 2865 p 1 87 1045 1043
pcp 11276 1042
pcp 11277 765
pcp 11280 1043
pcp 11280 660
pcp 11323 765
pcp 11323 1042
pcp 11323 1043
pcp 11323 660
