frag gi|5 1832 1937
img_no 5
edge_no 5
msp 1906 s 299 75.8 1 1048 gi|5 1832 1926 506 gi|38 19102 19207
msp 1908 s 264 81.7 1 1048 gi|5 1867 1926 500 gi|38 13444 13502
msp 1910 s 261 81.4 1 1048 gi|5 1868 1926 650 gi|46 36069 36127
msp 1912 s 261 81.4 1 1048 gi|5 1868 1926 991 gi|50 19779 19837
msp 5136 p 91 77.1 1 1048 gi|5 1875 1937 1029 gi|37 17883 17945
edge 2904 s 0 0 1048 500
edge 2905 s 0 0 1048 506
edge 2906 s 0 0 1048 650
edge 2907 s 0 0 1048 991
edge 2908 p 1 77 1048 1029
pcp 1875 1029
pcp 1937 1029
