frag gi|15 7947 8047
img_no 32
edge_no 31
msp 117 s 315 82.7 -1 361 gi|3 15119 15170 105 gi|15 7965 8016
msp 435 s 334 84.8 -1 186 gi|2 3754 3812 105 gi|15 7958 8017
msp 699 s 256 93.2 -1 199 gi|2 36091 36149 105 gi|15 7966 8020
msp 915 s 277 87.7 1 900 gi|8 34670 34726 105 gi|15 7955 8013
msp 1037 s 305 90.5 -1 873 gi|7 11795 11857 105 gi|15 7950 8014
msp 1179 s 253 85.2 1 876 gi|7 15885 15938 105 gi|15 7959 8015
msp 1449 s 280 84.6 1 916 gi|9 39347 39398 105 gi|15 7963 8013
msp 1653 s 370 87.5 1 37 gi|10 27194 27249 105 gi|15 7959 8015
msp 1839 s 291 86.3 -1 58 gi|12 13102 13152 105 gi|15 7964 8016
msp 2079 s 254 85.5 -1 80 gi|13 22961 23022 105 gi|15 7966 8031
msp 2322 s 283 91.5 1 105 gi|15 7947 8017 433 gi|33 38600 38662
msp 2324 s 332 91.7 -1 105 gi|15 7953 8024 422 gi|33 14436 14501
msp 2326 s 379 88.5 1 105 gi|15 7954 8014 872 gi|60 39535 39593
msp 2328 s 295 86.4 1 105 gi|15 7957 8022 517 gi|39 1624 1688
msp 2330 s 276 87.7 1 105 gi|15 7958 8014 347 gi|29 32060 32113
msp 2332 s 289 87.5 1 105 gi|15 7958 8013 319 gi|28 684 737
msp 2334 s 264 87.7 1 105 gi|15 7958 8014 614 gi|44 28164 28219
msp 2336 s 310 90.9 -1 105 gi|15 7961 8015 285 gi|25 31674 31726
msp 2338 s 383 87.7 1 105 gi|15 7962 8034 404 gi|32 20064 20135
msp 2340 s 292 90.2 -1 105 gi|15 7963 8013 589 gi|43 9586 9634
msp 2342 s 297 94.1 1 105 gi|15 7963 8013 510 gi|38 28123 28172
msp 2344 s 250 83.9 -1 105 gi|15 7963 8018 872 gi|60 39605 39658
msp 2346 s 297 84.8 1 105 gi|15 7963 8021 746 gi|52 24932 24988
msp 2348 s 269 94.1 -1 105 gi|15 7963 8013 631 gi|45 34626 34674
msp 2350 s 287 91.2 -1 105 gi|15 7964 8020 638 gi|46 13336 13388
msp 2352 s 315 94.0 -1 105 gi|15 7964 8013 533 gi|39 33189 33234
msp 2354 p 288 84.1 1 105 gi|15 7964 8026 271 gi|25 1477 1544
msp 2356 s 265 94.0 1 105 gi|15 7965 8014 653 gi|47 3043 3090
msp 2358 s 268 91.8 -1 105 gi|15 7965 8013 712 gi|50 2505 2551
msp 2360 s 253 89.6 1 105 gi|15 7966 8013 275 gi|25 5775 5820
msp 2362 s 254 83.7 -1 105 gi|15 7966 8014 846 gi|59 31962 32010
msp 2364 s 284 84.2 1 105 gi|15 7966 8047 630 gi|45 32226 32308
edge 255 s 0 0 653 105
edge 313 s 0 0 872 105
edge 1293 s 0 0 37 105
edge 1361 s 0 0 533 105
edge 1589 s 0 0 58 105
edge 1613 s 0 0 80 105
edge 1656 s 0 0 275 105
edge 1700 s 0 0 638 105
edge 1753 s 0 0 105 186
edge 1754 s 0 0 105 199
edge 1755 p 1 84 105 271
edge 1756 s 0 0 105 285
edge 1757 s 0 0 105 319
edge 1758 s 0 0 105 347
edge 1759 s 0 0 105 361
edge 1760 s 0 0 105 404
edge 1761 s 0 0 105 422
edge 1762 s 0 0 105 433
edge 1763 s 0 0 105 510
edge 1764 s 0 0 105 517
edge 1765 s 0 0 105 589
edge 1766 s 0 0 105 614
edge 1767 s 0 0 105 630
edge 1768 s 0 0 105 631
edge 1769 s 0 0 105 712
edge 1770 s 0 0 105 746
edge 1771 s 0 0 105 846
edge 1772 s 0 0 105 873
edge 1773 s 0 0 105 876
edge 1774 s 0 0 105 900
edge 1775 s 0 0 105 916
pcp 8026 271
pcp 7964 271
