frag gi|15 13037 13355
img_no 11
edge_no 7
msp 89 s 321 73.8 1 357 gi|3 9991 10120 108 gi|15 13207 13339
msp 1321 s 253 79.3 -1 912 gi|9 31149 31336 108 gi|15 13112 13295
msp 2197 s 409 86.0 1 92 gi|14 8795 8951 108 gi|15 13037 13179
msp 2207 s 382 79.4 1 92 gi|14 8877 9012 108 gi|15 13208 13346
msp 2416 p 292 79.8 -1 108 gi|15 13037 13318 1007 gi|39 20266 20567
msp 2418 p 271 82.7 -1 108 gi|15 13037 13134 400 gi|32 6052 6139
msp 2420 s 251 80.3 -1 108 gi|15 13107 13182 565 gi|41 21161 21232
msp 2422 s 264 75.4 1 108 gi|15 13111 13179 405 gi|32 20871 20938
msp 2424 s 258 83.3 -1 108 gi|15 13210 13287 1007 gi|39 20413 20490
msp 2426 s 253 82.0 -1 108 gi|15 13210 13287 565 gi|41 21156 21232
msp 2428 s 262 77.5 1 108 gi|15 13214 13355 405 gi|32 20871 21011
edge 2221 s 0 0 92 108
edge 2233 s 0 0 108 357
edge 2234 p -1 82 108 400
edge 2235 s 0 0 108 405
edge 2236 s 0 0 108 565
edge 2237 s 0 0 108 912
edge 2515 p -1 79 1007 108
pcp 13037 400
pcp 13037 1007
pcp 13134 400
pcp 13318 1007
