frag gi|15 26973 27707
img_no 30
edge_no 26
msp 315 s 417 75.8 1 11 gi|1 22379 22734 114 gi|15 27367 27707
msp 477 s 345 79.0 -1 189 gi|2 7441 7711 114 gi|15 27074 27338
msp 583 s 292 81.0 -1 198 gi|2 32138 32725 114 gi|15 27097 27667
msp 599 s 292 80.9 -1 198 gi|2 32974 33245 114 gi|15 27396 27673
msp 841 s 894 72.6 1 893 gi|8 17501 18088 114 gi|15 27080 27661
msp 983 s 489 76.6 -1 901 gi|8 36781 37319 114 gi|15 27097 27632
msp 1237 s 355 76.2 -1 879 gi|7 22278 22668 114 gi|15 27070 27445
msp 1247 s 269 74.8 -1 880 gi|7 23790 23912 114 gi|15 26993 27124
msp 1523 s 565 80.0 1 22 gi|10 4092 4720 114 gi|15 27087 27670
msp 1619 s 343 78.8 1 37 gi|10 26047 26305 114 gi|15 27396 27647
msp 1627 s 430 72.8 1 37 gi|10 26846 27099 114 gi|15 27384 27631
msp 2011 s 495 82.3 -1 75 gi|13 15380 15926 114 gi|15 27094 27637
msp 2486 s 338 77.2 1 114 gi|15 26973 27213 409 gi|32 28692 28934
msp 2488 p 405 74.2 -1 114 gi|15 27001 27368 596 gi|43 32255 32607
msp 2490 p 630 74.2 -1 114 gi|15 27044 27341 311 gi|27 20091 20385
msp 2492 p 383 73.2 1 114 gi|15 27057 27613 512 gi|38 35322 35850
msp 2494 s 278 71.0 1 114 gi|15 27057 27301 611 gi|44 23322 23575
msp 2496 p 293 75.9 1 114 gi|15 27067 27630 267 gi|24 28963 29507
msp 2498 s 520 75.1 1 114 gi|15 27070 27648 479 gi|36 36487 37068
msp 2500 s 328 81.4 1 114 gi|15 27077 27146 516 gi|38 39775 39844
msp 2502 s 581 74.9 -1 114 gi|15 27097 27650 146 gi|17 19458 20043
msp 2504 s 251 77.6 1 114 gi|15 27107 27574 745 gi|52 24078 24524
msp 2506 s 280 79.1 1 114 gi|15 27324 27610 649 gi|46 34156 34434
msp 2508 s 256 79.8 -1 114 gi|15 27339 27536 268 gi|24 32521 32700
msp 2510 s 312 83.0 -1 114 gi|15 27388 27634 841 gi|59 27279 27525
msp 2512 s 313 77.6 -1 114 gi|15 27397 27642 591 gi|43 11812 12048
msp 2514 s 288 75.1 -1 114 gi|15 27400 27632 268 gi|24 31579 31805
msp 2516 s 343 79.1 1 114 gi|15 27403 27646 409 gi|32 29109 29354
msp 2518 s 263 84.3 -1 114 gi|15 27419 27488 776 gi|54 34331 34400
msp 2520 s 259 81.2 1 114 gi|15 27419 27487 238 gi|22 20244 20315
edge 1137 s 0 0 11 114
edge 1147 s 0 0 22 114
edge 1164 s 0 0 75 114
edge 1179 s 0 0 114 37
edge 1180 s 0 0 114 146
edge 1181 s 0 0 114 189
edge 1182 s 0 0 114 198
edge 1183 s 0 0 114 238
edge 1184 p 1 74 114 267
edge 1185 s 0 0 114 268
edge 1186 p -1 74 114 311
edge 1187 s 0 0 114 409
edge 1188 s 0 0 114 479
edge 1189 p 1 73 114 512
edge 1190 s 0 0 114 516
edge 1191 s 0 0 114 591
edge 1192 p -1 74 114 596
edge 1193 s 0 0 114 611
edge 1194 s 0 0 114 649
edge 1195 s 0 0 114 745
edge 1196 s 0 0 114 776
edge 1197 s 0 0 114 841
edge 1198 s 0 0 114 879
edge 1199 s 0 0 114 880
edge 1200 s 0 0 114 893
edge 1201 s 0 0 114 901
pcp 27630 267
pcp 27613 512
pcp 27368 596
pcp 27341 311
pcp 27067 267
pcp 27057 512
pcp 27044 311
pcp 27001 596
