frag gi|17 12864 13006
img_no 8
flimg_no 1
edge_no 6
msp 493 s 286 81.8 1 192 gi|2 14373 14438 142 gi|17 12942 13009
msp 507 s 255 84.2 -1 192 gi|2 14403 14440 142 gi|17 12969 13006
msp 1303 s 265 82.7 -1 1002 gi|9 28707 28758 142 gi|17 12957 13008
msp 1395 p 263 89.1 1 914 gi|9 34461 34506 142 gi|17 12956 13006
msp 1995 s 274 94.3 -1 71 gi|13 1912 1946 142 gi|17 12971 13005
msp 2686 p 263 78.3 -1 142 gi|17 12864 13006 218 gi|20 37172 37303
msp 2688 s 261 83.9 1 142 gi|17 12945 13006 218 gi|20 37139 37204
msp 2690 s 251 82.5 1 142 gi|17 12954 13010 388 gi|31 21334 21393
edge 827 p -1 78 218 142
edge 1405 s 0 0 192 142
edge 1411 s 0 0 142 71
edge 1412 s 0 0 142 388
edge 1414 p 1 88 142 914
edge 2456 s 0 0 1002 142
pcp 12864 218
pcp 12956 914
pcp 13006 914
pcp 13006 218
