frag gi|17 34847 34929
img_no 9
edge_no 7
msp 2716 p 379 83.1 1 149 gi|17 34847 34929 715 gi|50 15108 15203
msp 2718 s 252 88.2 -1 149 gi|17 34869 34936 239 gi|22 21294 21358
msp 2720 p 282 84.5 1 149 gi|17 34873 34930 432 gi|33 29654 29709
msp 2722 s 285 85.7 -1 149 gi|17 34874 34929 220 gi|21 4605 4660
msp 2724 s 279 86.8 -1 149 gi|17 34876 34928 715 gi|50 15275 15325
msp 2726 s 310 84.6 1 149 gi|17 34877 34928 220 gi|21 4536 4586
msp 2728 s 275 85.2 -1 149 gi|17 34879 34932 555 gi|40 21059 21110
msp 2730 s 261 93.9 -1 149 gi|17 34880 34928 620 gi|44 39719 39765
msp 2732 s 285 84.8 1 149 gi|17 34881 34939 271 gi|25 1481 1541
edge 227 s 0 0 555 149
edge 1566 p 1 82 715 149
edge 1645 s 0 0 239 149
edge 2360 s 0 0 220 149
edge 2366 s 0 0 620 149
edge 2368 p 1 84 432 149
edge 2372 s 0 0 149 271
pcp 34930 432
pcp 34929 715
pcp 34873 432
pcp 34847 715
