frag gi|18 5578 5748
img_no 21
edge_no 21
msp 293 s 338 85.3 -1 10 gi|1 18917 18991 154 gi|18 5616 5687
msp 365 s 416 84.4 1 967 gi|1 37351 37436 154 gi|18 5619 5700
msp 2305 s 356 83.8 1 971 gi|14 35438 35515 154 gi|18 5626 5695
msp 2639 s 364 82.7 -1 961 gi|16 23493 23573 154 gi|18 5616 5694
msp 2752 s 358 75.4 -1 154 gi|18 5578 5691 482 gi|37 3412 3529
msp 2754 s 472 83.8 1 154 gi|18 5598 5696 948 gi|51 16444 16546
msp 2756 s 292 85.9 -1 154 gi|18 5601 5692 401 gi|32 7319 7429
msp 2758 s 405 86.1 -1 154 gi|18 5609 5687 385 gi|31 14257 14336
msp 2760 s 395 86.7 -1 154 gi|18 5617 5699 947 gi|21 13770 13848
msp 2762 s 379 85.1 1 154 gi|18 5611 5677 274 gi|25 3888 3957
msp 2764 s 516 87.6 -1 154 gi|18 5612 5700 973 gi|31 34070 34160
msp 2766 s 363 85.1 1 154 gi|18 5613 5679 834 gi|59 1683 1750
msp 2768 s 342 81.7 1 154 gi|18 5616 5695 952 gi|52 21359 21433
msp 2770 s 375 86.3 1 154 gi|18 5615 5709 962 gi|19 2356 2448
msp 2772 s 412 87.2 -1 154 gi|18 5617 5700 969 gi|36 22652 22728
msp 2774 s 340 81.5 -1 154 gi|18 5615 5695 590 gi|43 11621 11704
msp 2776 s 337 86.6 1 154 gi|18 5616 5682 964 gi|34 22201 22267
msp 2778 s 263 75.9 1 154 gi|18 5616 5698 184 gi|19 38494 38577
msp 2780 s 260 82.3 1 154 gi|18 5617 5695 372 gi|30 5913 5991
msp 2782 p 368 83.8 1 154 gi|18 5619 5748 974 gi|56 22269 22385
msp 2784 p 270 83.3 1 154 gi|18 5619 5666 793 gi|56 18810 18858
edge 593 s 0 0 10 154
edge 631 s 0 0 154 184
edge 633 s 0 0 154 274
edge 634 s 0 0 154 372
edge 635 s 0 0 154 385
edge 637 s 0 0 154 401
edge 640 s 0 0 154 482
edge 641 s 0 0 154 590
edge 644 p 1 83 154 793
edge 646 s 0 0 154 834
edge 857 s 0 0 947 154
edge 875 s 0 0 948 154
edge 907 s 0 0 952 154
edge 985 s 0 0 961 154
edge 1009 s 0 0 962 154
edge 1030 s 0 0 964 154
edge 1050 s 0 0 967 154
edge 1074 s 0 0 969 154
edge 1085 s 0 0 971 154
edge 1097 s 0 0 973 154
edge 1121 p 1 82 974 154
pcp 5748 974
pcp 5666 793
pcp 5619 793
pcp 5619 974
