frag gi|18 25100 25510
img_no 5
edge_no 5
msp 2840 p 1815 96.3 1 163 gi|18 25099 25308 1003 gi|51 22510 22718
msp 2842 p 1069 76.1 1 163 gi|18 25099 25499 1004 gi|30 27289 27692
msp 2844 p 299 97.4 -1 163 gi|18 25102 25140 426 gi|33 18300 18338
msp 2846 s 288 87.2 1 163 gi|18 25103 25149 1005 gi|33 18242 18288
msp 2848 p 589 86.6 1 163 gi|18 25399 25510 380 gi|30 27671 27778
edge 2471 p 1 86 163 380
edge 2473 p -1 97 163 426
edge 2479 p 1 96 1003 163
edge 2483 p 1 76 1004 163
edge 2486 s 0 0 1005 163
pcp 25099 1004
pcp 25099 1003
pcp 25102 426
pcp 25140 426
pcp 25308 1003
pcp 25399 380
pcp 25499 1004
pcp 25510 380
