frag gi|2 7059 7808
img_no 9
edge_no 9
msp 466 p 293 78.7 -1 189 gi|2 7059 7738 479 gi|36 36461 37147
msp 468 s 254 74.7 1 189 gi|2 7193 7287 310 gi|27 19834 19934
msp 470 s 346 75.5 -1 189 gi|2 7384 7747 409 gi|32 28756 29098
msp 472 s 416 76.7 1 189 gi|2 7391 7737 596 gi|43 32229 32560
msp 474 s 261 74.9 -1 189 gi|2 7403 7808 287 gi|25 35609 35997
msp 476 s 345 79.0 -1 189 gi|2 7441 7711 114 gi|15 27074 27338
msp 478 s 278 80.0 -1 189 gi|2 7504 7693 22 gi|10 4094 4319
msp 480 s 287 80.3 1 189 gi|2 7504 7686 901 gi|8 37144 37320
msp 482 s 355 78.6 1 189 gi|2 7508 7694 146 gi|17 19845 20052
edge 166 s 0 0 310 189
edge 1149 s 0 0 22 189
edge 1181 s 0 0 114 189
edge 1203 s 0 0 146 189
edge 1213 s 0 0 409 189
edge 1223 p -1 78 479 189
edge 1246 s 0 0 189 287
edge 1247 s 0 0 189 596
edge 1248 s 0 0 189 901
pcp 7059 479
pcp 7738 479
