frag gi|20 290 3044
img_no 6
edge_no 6
msp 1775 s 1382 77.1 -1 47 gi|11 28985 31085 201 gi|20 714 2907
msp 1893 s 1303 76.9 1 68 gi|12 37726 39759 201 gi|20 714 2819
msp 1961 s 23593 100.0 -1 705 gi|5 6010 8599 201 gi|20 290 2879
msp 2870 s 23593 100.0 -1 201 gi|20 290 2879 467 gi|35 30814 33403
msp 2872 s 1480 77.8 -1 201 gi|20 714 2897 529 gi|39 22413 24514
msp 2874 s 1453 78.0 -1 201 gi|20 714 3044 578 gi|42 11841 14056
edge 1514 s 0 0 47 201
edge 1519 s 0 0 68 201
edge 1524 s 0 0 201 467
edge 1525 s 0 0 201 529
edge 1526 s 0 0 201 578
edge 1527 s 0 0 201 705
