frag gi|20 18457 18654
img_no 6
flimg_no 2
edge_no 3
msp 2583 p 714 80.3 1 993 gi|16 14038 14240 207 gi|20 18451 18655
msp 2587 s 562 72.0 -1 993 gi|16 14058 14239 207 gi|20 18464 18642
msp 2906 p 550 81.9 1 207 gi|20 18460 18612 996 gi|39 13750 13903
msp 2908 p 674 78.2 1 207 gi|20 18460 18652 995 gi|29 5237 5430
msp 2910 s 491 77.7 -1 207 gi|20 18463 18645 995 gi|29 5248 5431
msp 2912 p 525 74.8 -1 207 gi|20 18504 18655 996 gi|39 13751 13903
edge 2380 p 1 80 993 207
edge 2384 p 1 78 995 207
edge 2388 p 1 81 996 207
pcp 18451 993
pcp 18460 995
pcp 18460 996
pcp 18504 996
pcp 18612 996
pcp 18652 995
pcp 18655 996
pcp 18655 993
