frag gi|21 13336 13513
img_no 4
flimg_no 1
edge_no 4
msp 3120 p 370 79.2 1 224 gi|21 13373 13494 1024 gi|40 20856 20981
msp 3122 p 401 81.7 1 224 gi|21 13336 13466 283 gi|25 28259 28373
msp 3124 p 353 78.5 1 224 gi|21 13337 13513 484 gi|37 10056 10240
msp 5132 p 108 79.2 1 224 gi|21 13336 13368 1023 gi|40 20819 20855
edge 2629 p 1 81 224 283
edge 2630 p 1 78 224 484
edge 2634 p 1 79 1024 224
edge 2637 p 1 79 1023 224
pcp 13336 283
pcp 13336 1023
pcp 13337 484
pcp 13368 1023
pcp 13373 1024
pcp 13466 283
pcp 13494 1024
pcp 13513 484
