frag gi|25 1477 1542
img_no 6
edge_no 6
msp 2355 p 288 84.1 1 105 gi|15 7964 8026 271 gi|25 1477 1544
msp 2733 s 285 84.8 1 149 gi|17 34881 34939 271 gi|25 1481 1541
msp 3091 s 275 87.2 1 220 gi|21 4540 4586 271 gi|25 1481 1530
msp 3262 s 281 84.8 1 271 gi|25 1470 1535 724 gi|50 32843 32906
msp 3264 p 250 89.2 1 271 gi|25 1477 1541 872 gi|60 39543 39604
msp 3266 s 283 94.0 -1 271 gi|25 1481 1547 835 gi|59 1945 2003
edge 318 p 1 88 872 271
edge 1755 p 1 84 105 271
edge 2083 s 0 0 724 271
edge 2125 s 0 0 835 271
edge 2361 s 0 0 220 271
edge 2372 s 0 0 149 271
pcp 1477 105
pcp 1477 872
pcp 1541 872
pcp 1544 105
