frag gi|25 24498 24579
img_no 5
flimg_no 2
edge_no 5
msp 1323 p 263 75.6 1 912 gi|9 31157 31246 282 gi|25 24499 24583
msp 3388 p 263 73.1 -1 282 gi|25 24498 24575 412 gi|32 37010 37094
msp 3390 s 258 78.6 1 282 gi|25 24511 24566 506 gi|38 19151 19207
msp 3392 s 591 98.4 1 282 gi|25 24513 24576 1030 gi|37 17957 18020
msp 3394 s 270 82.8 1 282 gi|25 24514 24571 1007 gi|39 20431 20489
edge 2249 s 0 0 506 282
edge 2281 p 1 75 912 282
edge 2502 p -1 73 412 282
edge 2519 s 0 0 1007 282
edge 2712 s 0 0 1030 282
pcp 24498 412
pcp 24499 912
pcp 24575 412
pcp 24583 912
