frag gi|25 36410 36608
img_no 20
edge_no 19
msp 1051 s 297 90.9 1 873 gi|7 11796 11839 288 gi|25 36474 36520
msp 2149 s 333 90.2 1 83 gi|13 30539 30589 288 gi|25 36471 36523
msp 3085 s 268 82.1 -1 220 gi|21 4534 4645 288 gi|25 36410 36526
msp 3093 s 369 92.1 1 220 gi|21 4583 4658 288 gi|25 36449 36525
msp 3205 s 316 91.7 1 239 gi|22 21298 21357 288 gi|25 36471 36529
msp 3464 s 259 87.7 1 288 gi|25 36460 36524 754 gi|53 10504 10565
msp 3466 s 270 87.5 1 288 gi|25 36466 36521 589 gi|43 9575 9631
msp 3468 p 271 82.7 -1 288 gi|25 36467 36518 824 gi|57 27371 27421
msp 3470 s 255 83.3 1 288 gi|25 36468 36521 631 gi|45 34618 34671
msp 3472 s 379 96.0 1 288 gi|25 36470 36519 835 gi|59 1955 2003
msp 3474 s 415 100.0 1 288 gi|25 36471 36523 795 gi|56 22479 22533
msp 3476 s 356 91.1 1 288 gi|25 36471 36616 318 gi|27 38629 38752
msp 3478 s 301 86.8 -1 288 gi|25 36471 36523 724 gi|50 32852 32903
msp 3480 s 290 89.4 1 288 gi|25 36473 36519 715 gi|50 15275 15320
msp 3482 s 335 93.3 1 288 gi|25 36473 36532 766 gi|54 7564 7624
msp 3484 s 305 88.9 1 288 gi|25 36473 36526 555 gi|40 21063 21114
msp 3486 s 268 87.2 1 288 gi|25 36473 36519 620 gi|44 39719 39764
msp 3488 s 275 83.8 -1 288 gi|25 36474 36590 507 gi|38 21263 21357
msp 3490 s 282 93.5 1 288 gi|25 36476 36521 638 gi|46 13341 13386
msp 3492 p 273 84.7 -1 288 gi|25 36478 36608 349 gi|29 32958 33069
edge 230 s 0 0 555 288
edge 1571 s 0 0 715 288
edge 1647 s 0 0 239 288
edge 1684 p -1 84 349 288
edge 1704 s 0 0 638 288
edge 1735 s 0 0 83 288
edge 1844 s 0 0 288 220
edge 1845 s 0 0 288 318
edge 1846 s 0 0 288 507
edge 1847 s 0 0 288 589
edge 1848 s 0 0 288 620
edge 1849 s 0 0 288 631
edge 1850 s 0 0 288 724
edge 1851 s 0 0 288 754
edge 1852 s 0 0 288 766
edge 1853 s 0 0 288 795
edge 1854 p -1 82 288 824
edge 1855 s 0 0 288 835
edge 1856 s 0 0 288 873
pcp 36467 824
pcp 36478 349
pcp 36518 824
pcp 36608 349
