frag gi|25 37732 37806
img_no 10
flimg_no 1
edge_no 8
msp 167 p 250 80.3 1 931 gi|3 33910 33985 289 gi|25 37731 37809
msp 215 s 320 93.3 -1 931 gi|3 33976 34020 289 gi|25 37734 37778
msp 531 s 255 83.0 1 193 gi|2 21939 21985 289 gi|25 37733 37779
msp 3494 s 284 88.9 -1 289 gi|25 37726 37779 338 gi|29 11747 11801
msp 3496 s 272 80.8 1 289 gi|25 37728 37779 312 gi|27 22353 22404
msp 3498 s 258 79.6 -1 289 gi|25 37731 37779 634 gi|46 7084 7132
msp 3500 p 253 89.8 1 289 gi|25 37731 37779 322 gi|28 14811 14857
msp 3502 s 261 81.0 -1 289 gi|25 37734 37791 312 gi|27 22411 22467
msp 3504 p 343 87.3 1 289 gi|25 37734 37788 568 gi|41 28731 28787
msp 3506 p 318 90.1 1 289 gi|25 37734 37804 825 gi|57 28249 28310
edge 55 s 0 0 634 289
edge 125 s 0 0 193 289
edge 159 s 0 0 289 312
edge 160 p 1 89 289 322
edge 161 s 0 0 289 338
edge 163 p 1 87 289 568
edge 164 p 1 90 289 825
edge 400 p 1 80 931 289
pcp 37731 931
pcp 37731 322
pcp 37734 825
pcp 37734 568
pcp 37779 322
pcp 37788 568
pcp 37804 825
pcp 37809 931
