frag gi|26 21419 23011
img_no 8
edge_no 8
msp 3215 s 266 76.3 1 241 gi|22 27350 28262 299 gi|26 21419 22331
msp 3231 s 348 76.7 1 242 gi|22 29206 29897 299 gi|26 21462 22152
msp 3235 p 329 73.6 1 243 gi|22 30342 30728 299 gi|26 22484 22870
msp 3588 s 399 75.9 1 299 gi|26 21419 21630 591 gi|43 11747 11956
msp 3590 s 266 77.5 1 299 gi|26 21456 22129 589 gi|43 9732 10396
msp 3592 s 278 79.3 -1 299 gi|26 21746 22142 409 gi|32 28705 29101
msp 3594 p 776 73.7 1 299 gi|26 21851 23011 592 gi|43 12290 13426
msp 3596 p 252 75.5 1 299 gi|26 22333 22430 545 gi|40 4619 4716
edge 1216 s 0 0 409 299
edge 1263 s 0 0 591 299
edge 1341 s 0 0 299 241
edge 1342 s 0 0 299 242
edge 1343 p 1 73 299 243
edge 1344 p 1 75 299 545
edge 1345 s 0 0 299 589
edge 1346 p 1 73 299 592
pcp 23011 592
pcp 22870 243
pcp 22484 243
pcp 22430 545
pcp 22333 545
pcp 21851 592
