frag gi|29 8612 8674
img_no 8
flimg_no 1
edge_no 8
msp 345 p 280 88.5 -1 928 gi|1 24380 24440 335 gi|29 8616 8674
msp 1387 s 330 89.4 1 913 gi|9 32573 32619 335 gi|29 8628 8674
msp 1493 p 285 84.0 -1 929 gi|10 1669 1743 335 gi|29 8608 8675
msp 2265 s 301 86.0 1 94 gi|14 21796 21845 335 gi|29 8625 8674
msp 3559 s 254 91.2 1 269 gi|24 35496 35529 335 gi|29 8629 8662
msp 3761 s 252 85.4 -1 312 gi|27 22358 22405 335 gi|29 8629 8674
msp 3800 s 317 84.9 -1 335 gi|29 8623 8675 561 gi|41 11402 11454
msp 3802 s 306 84.3 1 335 gi|29 8623 8673 807 gi|57 460 510
edge 102 s 0 0 94 335
edge 142 s 0 0 269 335
edge 178 s 0 0 312 335
edge 304 s 0 0 807 335
edge 353 s 0 0 913 335
edge 359 p -1 88 928 335
edge 370 p -1 84 929 335
edge 2431 s 0 0 561 335
pcp 8675 929
pcp 8674 928
pcp 8616 928
pcp 8608 929
