frag gi|3 9883 10120
img_no 7
edge_no 7
msp 78 p 257 76.1 -1 357 gi|3 9883 10108 650 gi|46 36023 36229
msp 80 p 430 82.0 -1 357 gi|3 9978 10088 701 gi|5 4077 4185
msp 82 s 322 76.2 1 357 gi|3 9980 10063 827 gi|58 4006 4090
msp 84 s 255 71.4 -1 357 gi|3 9989 10065 756 gi|53 14175 14251
msp 86 p 301 76.1 -1 357 gi|3 9990 10081 699 gi|5 2760 2851
msp 88 s 321 73.8 1 357 gi|3 9991 10120 108 gi|15 13207 13339
msp 90 s 409 84.8 1 357 gi|3 9992 10116 92 gi|14 8877 8994
edge 2224 s 0 0 92 357
edge 2233 s 0 0 108 357
edge 2244 p -1 76 357 650
edge 2245 p -1 76 357 699
edge 2246 p -1 82 357 701
edge 2247 s 0 0 357 756
edge 2248 s 0 0 357 827
pcp 10108 650
pcp 10088 701
pcp 10081 699
pcp 9990 699
pcp 9978 701
pcp 9883 650
