frag gi|30 5896 6051
img_no 15
edge_no 15
msp 389 s 246 79.8 1 967 gi|1 37351 37432 372 gi|30 5912 5991
msp 2635 s 296 79.3 -1 961 gi|16 23467 23558 372 gi|30 5920 6024
msp 2781 s 260 82.3 1 154 gi|18 5617 5695 372 gi|30 5913 5991
msp 2833 s 371 85.9 1 162 gi|18 23596 23666 372 gi|30 5912 5979
msp 2957 s 444 79.8 -1 218 gi|20 37246 37349 372 gi|30 5920 6022
msp 2983 s 262 72.7 1 962 gi|19 2376 2441 372 gi|30 5920 5990
msp 3071 s 298 84.4 1 184 gi|19 38508 38571 372 gi|30 5920 5988
msp 3315 s 264 84.9 1 274 gi|25 3898 3950 372 gi|30 5912 5960
msp 3908 s 516 82.5 -1 372 gi|30 5896 6021 482 gi|37 3378 3516
msp 3910 s 298 83.8 1 372 gi|30 5913 5992 948 gi|51 16466 16548
msp 3912 s 528 81.9 -1 372 gi|30 5920 6024 551 gi|40 16585 16689
msp 3914 s 296 78.0 -1 372 gi|30 5920 6051 590 gi|43 11562 11687
msp 3916 s 283 76.7 1 372 gi|30 5920 5992 834 gi|59 1699 1775
msp 3918 s 267 82.0 -1 372 gi|30 5920 5997 783 gi|55 24969 25040
msp 3920 s 313 95.3 -1 372 gi|30 5923 5965 499 gi|38 11453 11497
edge 634 s 0 0 154 372
edge 653 s 0 0 162 372
edge 685 s 0 0 184 372
edge 707 s 0 0 274 372
edge 755 s 0 0 482 372
edge 765 s 0 0 590 372
edge 790 s 0 0 834 372
edge 802 s 0 0 372 218
edge 803 s 0 0 372 499
edge 804 s 0 0 372 551
edge 805 s 0 0 372 783
edge 880 s 0 0 948 372
edge 990 s 0 0 961 372
edge 1012 s 0 0 962 372
edge 1054 s 0 0 967 372
