frag gi|30 20328 20518
img_no 12
flimg_no 1
edge_no 12
msp 273 s 413 84.4 1 10 gi|1 18907 18996 375 gi|30 20377 20470
msp 375 p 279 85.6 -1 967 gi|1 37351 37495 375 gi|30 20329 20464
msp 2621 p 489 83.4 1 961 gi|16 23430 23574 375 gi|30 20328 20475
msp 2813 s 379 82.3 -1 162 gi|18 23586 23670 375 gi|30 20382 20470
msp 2961 s 411 84.5 -1 962 gi|19 2326 2454 375 gi|30 20372 20503
msp 3057 s 372 77.4 -1 184 gi|19 38482 38640 375 gi|30 20327 20477
msp 3137 p 281 84.0 1 947 gi|21 13703 13846 375 gi|30 20328 20461
msp 3297 s 352 75.2 -1 274 gi|25 3870 3970 375 gi|30 20387 20489
msp 3928 p 487 79.3 -1 375 gi|30 20327 20465 964 gi|34 22201 22348
msp 3930 s 598 85.6 1 375 gi|30 20329 20478 973 gi|31 34012 34169
msp 3932 p 503 81.2 -1 375 gi|30 20328 20518 948 gi|51 16421 16610
msp 3934 s 253 75.6 1 375 gi|30 20352 20474 482 gi|37 3377 3502
edge 599 s 0 0 10 375
edge 654 s 0 0 162 375
edge 686 s 0 0 184 375
edge 708 s 0 0 274 375
edge 721 s 0 0 375 482
edge 861 p 1 84 947 375
edge 881 p -1 81 948 375
edge 991 p 1 83 961 375
edge 1013 s 0 0 962 375
edge 1034 p -1 79 964 375
edge 1055 p -1 85 967 375
edge 1101 s 0 0 973 375
pcp 20327 964
pcp 20328 947
pcp 20328 961
pcp 20328 948
pcp 20329 967
pcp 20461 947
pcp 20464 967
pcp 20465 964
pcp 20475 961
pcp 20518 948
