frag gi|30 20994 21113
img_no 6
flimg_no 1
edge_no 6
msp 3685 s 295 82.8 -1 326 gi|28 31822 31879 376 gi|30 21005 21064
msp 3936 p 273 77.5 -1 376 gi|30 20994 21113 872 gi|60 39501 39611
msp 3938 s 324 80.2 -1 376 gi|30 21008 21103 477 gi|36 29249 29349
msp 3940 s 261 82.3 -1 376 gi|30 21009 21076 812 gi|57 8246 8311
msp 3942 s 261 79.7 -1 376 gi|30 21011 21084 507 gi|38 21284 21359
msp 3944 s 269 86.3 1 376 gi|30 21012 21062 846 gi|59 31962 32010
edge 324 p -1 77 872 376
edge 1883 s 0 0 326 376
edge 1972 s 0 0 507 376
edge 2114 s 0 0 812 376
edge 2133 s 0 0 846 376
edge 2332 s 0 0 477 376
pcp 21113 872
pcp 20994 872
