frag gi|31 14220 14366
img_no 14
flimg_no 1
edge_no 14
msp 269 p 579 85.9 1 10 gi|1 18881 19022 385 gi|31 14220 14366
msp 371 s 318 84.0 -1 967 gi|1 37351 37424 385 gi|31 14257 14327
msp 2643 s 346 80.3 1 961 gi|16 23498 23573 385 gi|31 14254 14328
msp 2759 s 405 86.1 -1 154 gi|18 5609 5687 385 gi|31 14257 14336
msp 2817 s 400 84.4 -1 162 gi|18 23587 23663 385 gi|31 14257 14333
msp 2963 s 333 83.3 -1 962 gi|19 2347 2436 385 gi|31 14254 14337
msp 3061 s 334 80.3 -1 184 gi|19 38493 38568 385 gi|31 14254 14329
msp 3143 s 256 84.6 1 947 gi|21 13781 13845 385 gi|31 14257 14325
msp 3303 s 461 85.7 -1 274 gi|25 3889 3972 385 gi|31 14252 14332
msp 3962 s 313 80.8 -1 385 gi|31 14246 14323 834 gi|59 1689 1767
msp 3964 s 344 89.4 -1 385 gi|31 14249 14329 964 gi|34 22201 22271
msp 3966 s 416 82.9 -1 385 gi|31 14254 14329 948 gi|51 16464 16539
msp 3968 s 231 82.9 -1 385 gi|31 14257 14326 974 gi|56 22266 22332
msp 3970 s 318 85.0 1 385 gi|31 14269 14328 590 gi|43 11642 11703
edge 600 p 1 85 10 385
edge 635 s 0 0 154 385
edge 655 s 0 0 162 385
edge 687 s 0 0 184 385
edge 709 s 0 0 274 385
edge 725 s 0 0 385 590
edge 728 s 0 0 385 834
edge 862 s 0 0 947 385
edge 882 s 0 0 948 385
edge 992 s 0 0 961 385
edge 1014 s 0 0 962 385
edge 1035 s 0 0 964 385
edge 1056 s 0 0 967 385
edge 1124 s 0 0 974 385
pcp 14220 10
pcp 14366 10
