frag gi|32 20834 21011
img_no 7
edge_no 6
msp 1919 p 375 77.3 -1 695 gi|5 2100 2174 405 gi|32 20869 20945
msp 1931 p 399 78.3 -1 700 gi|5 3437 3565 405 gi|32 20834 20955
msp 2423 s 264 75.4 1 108 gi|15 13111 13179 405 gi|32 20871 20938
msp 2429 s 262 77.5 1 108 gi|15 13214 13355 405 gi|32 20871 21011
msp 4068 s 293 77.7 -1 405 gi|32 20828 20930 756 gi|53 14183 14288
msp 4070 s 268 81.6 -1 405 gi|32 20870 20956 421 gi|33 14235 14322
msp 4072 s 252 74.8 -1 405 gi|32 20872 20974 565 gi|41 21129 21228
edge 2235 s 0 0 108 405
edge 2252 s 0 0 565 405
edge 2276 s 0 0 405 421
edge 2277 p -1 77 405 695
edge 2278 p -1 78 405 700
edge 2279 s 0 0 405 756
pcp 20834 700
pcp 20869 695
pcp 20945 695
pcp 20955 700
