frag gi|32 39613 39708
img_no 23
edge_no 22
msp 121 s 268 86.0 -1 361 gi|3 15120 15169 413 gi|32 39634 39681
msp 439 s 270 90.0 -1 186 gi|2 3756 3805 413 gi|32 39634 39681
msp 623 s 323 84.5 1 199 gi|2 36024 36081 413 gi|32 39622 39679
msp 1053 s 288 89.8 -1 873 gi|7 11796 11844 413 gi|32 39632 39679
msp 1131 s 260 87.3 -1 876 gi|7 15828 15898 413 gi|32 39613 39680
msp 1213 s 317 89.6 1 876 gi|7 15891 15938 413 gi|32 39634 39681
msp 1271 s 259 89.4 -1 887 gi|7 39826 39872 413 gi|32 39637 39680
msp 1695 s 342 95.6 -1 37 gi|10 27266 27310 413 gi|32 39634 39678
msp 1845 s 271 80.0 -1 58 gi|12 13103 13152 413 gi|32 39632 39681
msp 2093 s 292 93.8 -1 80 gi|13 22975 23038 413 gi|32 39625 39681
msp 2275 s 255 81.2 -1 94 gi|14 21805 21852 413 gi|32 39629 39676
msp 3345 s 302 84.0 1 275 gi|25 5774 5823 413 gi|32 39633 39682
msp 3413 s 350 91.7 -1 285 gi|25 31674 31721 413 gi|32 39634 39681
msp 3623 s 357 93.8 1 319 gi|28 690 737 413 gi|32 39632 39679
msp 4098 s 283 86.8 1 413 gi|32 39616 39683 653 gi|47 3022 3093
msp 4100 s 328 88.2 -1 413 gi|32 39631 39681 630 gi|45 32199 32249
msp 4102 s 270 86.0 -1 413 gi|32 39631 39680 638 gi|46 13340 13389
msp 4104 s 258 88.2 1 413 gi|32 39632 39682 507 gi|38 21306 21360
msp 4106 s 257 87.8 1 413 gi|32 39632 39680 510 gi|38 28124 28173
msp 4108 s 307 93.8 -1 413 gi|32 39632 39679 420 gi|33 11277 11326
msp 4110 s 257 89.8 1 413 gi|32 39632 39680 861 gi|60 10174 10224
msp 4112 s 277 82.0 -1 413 gi|32 39634 39694 589 gi|43 9570 9631
msp 4114 s 266 85.3 -1 413 gi|32 39634 39708 872 gi|60 39583 39655
edge 108 s 0 0 94 413
edge 267 s 0 0 653 413
edge 326 s 0 0 872 413
edge 1304 s 0 0 37 413
edge 1597 s 0 0 58 413
edge 1623 s 0 0 80 413
edge 1662 s 0 0 275 413
edge 1710 s 0 0 638 413
edge 1781 s 0 0 186 413
edge 1798 s 0 0 199 413
edge 1821 s 0 0 285 413
edge 1861 s 0 0 319 413
edge 1914 s 0 0 361 413
edge 1940 s 0 0 413 420
edge 1941 s 0 0 413 507
edge 1942 s 0 0 413 510
edge 1943 s 0 0 413 589
edge 1944 s 0 0 413 630
edge 1945 s 0 0 413 861
edge 1946 s 0 0 413 873
edge 1947 s 0 0 413 876
edge 1948 s 0 0 413 887
