frag gi|34 2385 2487
img_no 5
flimg_no 1
edge_no 5
msp 1309 p 388 83.1 -1 911 gi|9 30932 31008 435 gi|34 2386 2460
msp 1335 s 377 81.0 -1 912 gi|9 31368 31446 435 gi|34 2384 2460
msp 1937 p 262 78.2 -1 702 gi|5 5200 5300 435 gi|34 2385 2487
msp 4089 s 408 81.9 1 412 gi|32 36889 36971 435 gi|34 2378 2458
msp 4155 s 292 74.4 -1 421 gi|33 14252 14329 435 gi|34 2385 2462
edge 2284 s 0 0 912 435
edge 2290 p -1 83 911 435
edge 2504 s 0 0 412 435
edge 2788 s 0 0 421 435
edge 2791 p -1 78 435 702
pcp 2487 702
pcp 2460 911
pcp 2386 911
pcp 2385 702
