frag gi|36 29249 29406
img_no 18
edge_no 18
msp 721 s 281 88.4 -1 855 gi|6 19274 19394 477 gi|36 29282 29406
msp 795 s 317 89.7 1 890 gi|8 3196 3253 477 gi|36 29296 29360
msp 931 s 271 88.0 1 900 gi|8 34677 34726 477 gi|36 29291 29344
msp 1155 s 299 89.8 -1 876 gi|7 15829 15877 477 gi|36 29293 29344
msp 2107 s 284 93.5 -1 80 gi|13 22977 23022 477 gi|36 29296 29344
msp 2395 s 290 88.3 -1 106 gi|15 9569 9628 477 gi|36 29286 29345
msp 2535 s 281 84.9 1 118 gi|15 37466 37518 477 gi|36 29286 29342
msp 3683 s 324 85.7 1 326 gi|28 31822 31877 477 gi|36 29294 29350
msp 3865 s 278 83.1 1 347 gi|29 32056 32126 477 gi|36 29282 29356
msp 3939 s 324 80.2 -1 376 gi|30 21008 21103 477 gi|36 29249 29349
msp 4137 s 262 89.3 -1 420 gi|33 11274 11329 477 gi|36 29291 29347
msp 4173 s 351 89.4 -1 422 gi|33 14443 14508 477 gi|36 29283 29346
msp 4260 s 281 84.8 1 477 gi|36 29287 29345 517 gi|39 1625 1680
msp 4262 s 265 85.5 1 477 gi|36 29292 29346 812 gi|57 8256 8307
msp 4264 s 265 88.5 1 477 gi|36 29294 29345 746 gi|52 24933 24981
msp 4266 s 289 93.9 -1 477 gi|36 29294 29342 711 gi|50 1514 1560
msp 4268 s 255 85.7 1 477 gi|36 29294 29363 533 gi|39 33111 33173
msp 4270 s 267 87.0 1 477 gi|36 29295 29348 653 gi|47 3043 3093
edge 270 s 0 0 653 477
edge 1374 s 0 0 533 477
edge 1626 s 0 0 80 477
edge 1886 s 0 0 326 477
edge 1900 s 0 0 347 477
edge 1952 s 0 0 422 477
edge 2004 s 0 0 517 477
edge 2063 s 0 0 711 477
edge 2096 s 0 0 746 477
edge 2116 s 0 0 812 477
edge 2163 s 0 0 876 477
edge 2172 s 0 0 900 477
edge 2326 s 0 0 106 477
edge 2329 s 0 0 420 477
edge 2331 s 0 0 477 118
edge 2332 s 0 0 477 376
edge 2333 s 0 0 477 855
edge 2334 s 0 0 477 890
