frag gi|36 36434 37147
img_no 16
edge_no 15
msp 307 s 254 80.9 1 11 gi|1 22370 22636 479 gi|36 36778 37038
msp 467 p 293 78.7 -1 189 gi|2 7059 7738 479 gi|36 36461 37147
msp 597 s 303 79.5 -1 198 gi|2 32973 33250 479 gi|36 36811 37058
msp 835 s 491 77.0 1 893 gi|8 17464 17928 479 gi|36 36461 36922
msp 985 s 504 79.2 -1 901 gi|8 36792 37325 479 gi|36 36509 37044
msp 1235 s 250 79.6 -1 879 gi|7 22277 22330 479 gi|36 36813 36866
msp 1519 s 360 78.2 1 22 gi|10 4050 4582 479 gi|36 36462 36961
msp 1613 s 366 80.9 1 37 gi|10 26002 26216 479 gi|36 36762 36982
msp 1629 s 250 82.5 1 37 gi|10 26848 27047 479 gi|36 36809 36995
msp 2021 s 569 78.7 -1 75 gi|13 15489 15972 479 gi|36 36465 36957
msp 2499 s 520 75.1 1 114 gi|15 27070 27648 479 gi|36 36487 37068
msp 2709 s 294 78.3 -1 146 gi|17 19582 20098 479 gi|36 36459 36957
msp 4077 s 677 77.0 1 409 gi|32 28735 29351 479 gi|36 36434 37062
msp 4274 s 333 74.0 -1 479 gi|36 36468 36920 628 gi|45 28983 29420
msp 4276 s 341 72.8 -1 479 gi|36 36730 36997 841 gi|59 27336 27624
msp 4278 s 250 77.8 1 479 gi|36 36827 36993 651 gi|46 36954 37135
edge 1141 s 0 0 11 479
edge 1153 s 0 0 22 479
edge 1170 s 0 0 75 479
edge 1188 s 0 0 114 479
edge 1206 s 0 0 146 479
edge 1217 s 0 0 409 479
edge 1222 s 0 0 479 37
edge 1223 p -1 78 479 189
edge 1224 s 0 0 479 198
edge 1225 s 0 0 479 628
edge 1226 s 0 0 479 651
edge 1227 s 0 0 479 841
edge 1228 s 0 0 479 879
edge 1229 s 0 0 479 893
edge 1230 s 0 0 479 901
pcp 37147 189
pcp 36461 189
