frag gi|37 34190 34673
img_no 10
edge_no 4
msp 2277 s 469 82.2 -1 95 gi|14 27939 28366 492 gi|37 34245 34678
msp 2279 s 253 73.7 1 95 gi|14 28073 28380 492 gi|37 34257 34549
msp 2281 p 252 78.5 -1 95 gi|14 28118 28433 492 gi|37 34343 34673
msp 2285 s 335 77.1 -1 95 gi|14 28190 28381 492 gi|37 34317 34520
msp 2287 s 264 79.9 -1 95 gi|14 28217 28430 492 gi|37 34422 34616
msp 3649 p 358 79.6 -1 320 gi|28 5218 5638 492 gi|37 34236 34614
msp 3651 s 328 76.4 -1 320 gi|28 5357 5631 492 gi|37 34378 34622
msp 3703 p 267 80.3 1 305 gi|27 14030 14156 492 gi|37 34364 34469
msp 3705 s 271 76.3 1 306 gi|27 14336 14618 492 gi|37 34190 34480
msp 3707 p 271 80.0 1 306 gi|27 14352 14706 492 gi|37 34281 34614
edge 2316 p -1 78 95 492
edge 2317 p -1 79 320 492
edge 2318 p 1 80 492 305
edge 2319 p 1 80 492 306
pcp 34236 320
pcp 34281 306
pcp 34343 95
pcp 34364 305
pcp 34469 305
pcp 34614 320
pcp 34614 306
pcp 34673 95
