frag gi|39 20243 20567
img_no 21
edge_no 17
msp 815 s 252 70.1 -1 892 gi|8 17069 17145 526 gi|39 20418 20494
msp 1281 s 285 69.1 1 905 gi|9 13958 14067 526 gi|39 20268 20375
msp 1287 s 266 84.1 1 905 gi|9 13994 14144 526 gi|39 20418 20577
msp 1945 s 255 74.6 1 702 gi|5 5238 5300 526 gi|39 20315 20378
msp 1955 s 256 74.1 1 705 gi|5 5771 5828 526 gi|39 20312 20369
msp 2201 p 283 78.7 -1 92 gi|14 8795 9015 526 gi|39 20353 20567
msp 2417 p 292 79.8 -1 108 gi|15 13037 13318 526 gi|39 20266 20567
msp 2425 s 258 83.3 -1 108 gi|15 13210 13287 526 gi|39 20413 20490
msp 2677 s 281 73.7 1 139 gi|17 1901 1976 526 gi|39 20418 20493
msp 3009 s 450 82.6 1 170 gi|19 6598 6718 526 gi|39 20254 20375
msp 3025 s 468 82.8 1 174 gi|19 13435 13672 526 gi|39 20302 20493
msp 3027 s 283 75.3 1 174 gi|19 13435 13511 526 gi|39 20417 20494
msp 3031 s 461 86.4 1 174 gi|19 13593 13673 526 gi|39 20297 20378
msp 3395 s 270 82.8 1 282 gi|25 24514 24571 526 gi|39 20431 20489
msp 4093 s 281 75.7 -1 412 gi|32 37010 37194 526 gi|39 20319 20499
msp 4301 s 278 82.1 1 487 gi|37 17949 18015 526 gi|39 20423 20489
msp 4464 s 265 81.3 1 526 gi|39 20241 20374 565 gi|41 21108 21233
msp 4466 p 293 76.6 1 526 gi|39 20243 20379 588 gi|43 6667 6803
msp 4468 s 281 83.7 -1 526 gi|39 20253 20375 727 gi|50 39100 39225
msp 4470 s 402 75.9 1 526 gi|39 20352 20492 991 gi|50 19699 19844
msp 4472 s 464 75.9 1 526 gi|39 20423 20567 650 gi|46 36065 36209
edge 1534 s 0 0 705 526
edge 1535 p -1 78 526 92
edge 1536 p -1 79 526 108
edge 1537 s 0 0 526 139
edge 1538 s 0 0 526 170
edge 1539 s 0 0 526 174
edge 1540 s 0 0 526 282
edge 1541 s 0 0 526 412
edge 1542 s 0 0 526 487
edge 1543 s 0 0 526 565
edge 1544 p 1 76 526 588
edge 1545 s 0 0 526 650
edge 1546 s 0 0 526 702
edge 1548 s 0 0 526 727
edge 1549 s 0 0 526 892
edge 1550 s 0 0 526 905
edge 2300 s 0 0 991 526
pcp 20567 108
pcp 20567 92
pcp 20379 588
pcp 20353 92
pcp 20266 108
pcp 20243 588
