frag gi|39 21311 22433
img_no 10
flimg_no 5
edge_no 10
msp 1727 p 10055 100.0 -1 941 gi|10 37028 38150 528 gi|39 21311 22433
msp 2863 p 2593 96.3 1 934 gi|20 1 325 528 gi|39 21426 21761
msp 2885 p 6439 100.0 1 1010 gi|20 2880 3605 528 gi|39 21708 22433
msp 3163 s 339 80.1 -1 935 gi|22 749 929 528 gi|39 21451 21650
msp 4123 s 264 75.5 -1 940 gi|33 7319 7776 528 gi|39 21451 21914
msp 4474 p 10041 100.0 -1 528 gi|39 21312 22433 944 gi|48 10381 11502
msp 4476 p 10055 100.0 -1 528 gi|39 21311 22433 942 gi|40 31748 32870
msp 4478 p 10055 100.0 -1 528 gi|39 21311 22433 813 gi|57 8721 9843
msp 4480 p 10055 100.0 -1 528 gi|39 21311 22433 821 gi|57 19851 20973
msp 4482 p 1051 100.0 1 528 gi|39 21311 21425 1051 gi|56 39886 40000
edge 471 p -1 100 528 813
edge 472 p -1 100 528 821
edge 506 p 1 96 934 528
edge 517 s 0 0 935 528
edge 541 s 0 0 940 528
edge 549 p -1 100 941 528
edge 561 p -1 100 942 528
edge 573 p -1 100 944 528
edge 2572 p 1 100 1010 528
edge 2914 p 1 100 1051 528
pcp 21311 1051
pcp 21311 942
pcp 21311 941
pcp 21311 813
pcp 21311 821
pcp 21312 944
pcp 21425 1051
pcp 21426 934
pcp 21708 1010
pcp 21761 934
pcp 22433 944
pcp 22433 813
pcp 22433 942
pcp 22433 941
pcp 22433 1010
pcp 22433 821
