frag gi|39 24877 25228
img_no 7
edge_no 6
msp 1719 p 2527 100.0 -1 941 gi|10 36751 37033 530 gi|39 24877 25159
msp 2887 s 2495 98.7 1 202 gi|20 3600 3916 530 gi|39 24877 25193
msp 4486 p 2291 96.6 -1 530 gi|39 24877 25188 944 gi|48 10076 10386
msp 4488 p 2426 99.1 -1 530 gi|39 24877 25185 942 gi|40 31437 31753
msp 4490 p 2540 97.7 -1 530 gi|39 24877 25183 813 gi|57 8417 8726
msp 4492 s 2527 100.0 -1 530 gi|39 24877 25159 821 gi|57 19574 19856
msp 5092 p 294 96.6 -1 530 gi|39 25188 25228 943 gi|48 10036 10075
edge 488 p -1 96 813 530
edge 491 s 0 0 821 530
edge 550 p -1 100 941 530
edge 562 p -1 99 942 530
edge 574 p -1 96 944 530
edge 583 p -1 96 943 530
pcp 25228 943
pcp 25188 943
pcp 25188 944
pcp 24877 944
pcp 25185 942
pcp 24877 942
pcp 25159 941
pcp 24877 941
pcp 25183 813
pcp 24877 813
