frag gi|39 32951 33337
img_no 59
edge_no 38
msp 125 s 263 88.0 1 361 gi|3 15121 15170 533 gi|39 33188 33233
msp 423 s 250 89.2 -1 186 gi|2 3746 3810 533 gi|39 33108 33171
msp 445 s 325 86.8 1 186 gi|2 3757 3824 533 gi|39 33188 33256
msp 663 s 344 87.8 -1 199 gi|2 36035 36149 533 gi|39 33113 33233
msp 665 s 343 83.5 1 199 gi|2 36035 36149 533 gi|39 33112 33232
msp 775 s 271 88.6 1 890 gi|8 3167 3245 533 gi|39 33187 33252
msp 805 s 272 86.2 1 890 gi|8 3196 3253 533 gi|39 33113 33170
msp 927 s 260 84.3 1 900 gi|8 34676 34726 533 gi|39 33107 33158
msp 1011 s 310 95.3 1 873 gi|7 11782 11845 533 gi|39 33178 33235
msp 1041 s 282 81.5 -1 873 gi|7 11795 11848 533 gi|39 33107 33159
msp 1103 s 347 79.4 -1 876 gi|7 15814 15876 533 gi|39 33111 33173
msp 1123 s 311 90.2 1 876 gi|7 15827 15877 533 gi|39 33187 33235
msp 1455 s 395 90.9 -1 916 gi|9 39348 39468 533 gi|39 33109 33234
msp 1655 s 381 85.3 1 37 gi|10 27196 27311 533 gi|39 33108 33233
msp 1667 s 438 86.9 -1 37 gi|10 27199 27320 533 gi|39 33100 33234
msp 1815 p 307 75.6 -1 58 gi|12 13011 13178 533 gi|39 33088 33237
msp 1827 s 295 88.1 1 58 gi|12 13089 13155 533 gi|39 33169 33237
msp 2039 s 288 79.5 1 80 gi|13 22759 23022 533 gi|39 32951 33232
msp 2051 s 429 83.6 -1 80 gi|13 22901 23022 533 gi|39 33113 33237
msp 2121 s 331 86.5 1 83 gi|13 30403 30587 533 gi|39 33033 33232
msp 2217 s 250 86.5 -1 94 gi|14 21660 21837 533 gi|39 33123 33325
msp 2353 s 315 94.0 -1 105 gi|15 7964 8013 533 gi|39 33189 33234
msp 2367 s 418 81.8 -1 106 gi|15 9457 9621 533 gi|39 33107 33323
msp 2379 s 317 84.4 1 106 gi|15 9550 9639 533 gi|39 33166 33264
msp 2531 s 318 85.2 1 118 gi|15 37458 37518 533 gi|39 33096 33156
msp 2541 s 270 88.9 -1 118 gi|15 37471 37533 533 gi|39 33174 33235
msp 3331 s 332 87.0 -1 275 gi|25 5766 5865 533 gi|39 33146 33239
msp 3399 s 306 81.5 1 285 gi|25 31502 31722 533 gi|39 33002 33233
msp 3419 s 279 90.7 -1 285 gi|25 31675 31728 533 gi|39 33107 33159
msp 3617 s 292 92.0 -1 319 gi|28 688 737 533 gi|39 33189 33236
msp 3857 s 283 79.8 1 347 gi|29 32020 32113 533 gi|39 33057 33159
msp 3881 s 285 93.0 -1 347 gi|29 32065 32121 533 gi|39 33174 33234
msp 4051 s 287 83.3 1 404 gi|32 20063 20140 533 gi|39 33108 33194
msp 4061 s 295 98.0 -1 404 gi|32 20066 20115 533 gi|39 33188 33234
msp 4145 s 263 81.4 -1 420 gi|33 11276 11334 533 gi|39 33103 33159
msp 4161 s 375 81.1 -1 422 gi|33 14432 14537 533 gi|39 33047 33171
msp 4185 s 293 89.8 1 422 gi|33 14445 14493 533 gi|39 33189 33235
msp 4269 s 255 85.7 1 477 gi|36 29294 29363 533 gi|39 33111 33173
msp 4393 s 310 84.4 1 510 gi|38 28114 28177 533 gi|39 33100 33164
msp 4413 s 311 98.0 -1 510 gi|38 28124 28173 533 gi|39 33188 33234
msp 4502 s 270 78.4 -1 533 gi|39 32999 33160 712 gi|50 2503 2673
msp 4504 s 263 79.2 -1 533 gi|39 33001 33236 653 gi|47 3040 3269
msp 4506 s 337 83.1 1 533 gi|39 33090 33166 812 gi|57 8243 8312
msp 4508 s 263 82.1 -1 533 gi|39 33103 33158 631 gi|45 34626 34678
msp 4510 s 329 83.6 1 533 gi|39 33105 33159 746 gi|52 24928 24981
msp 4512 s 456 86.5 1 533 gi|39 33108 33233 872 gi|60 39540 39656
msp 4514 s 259 90.2 -1 533 gi|39 33108 33158 711 gi|50 1511 1563
msp 4516 s 494 84.9 -1 533 gi|39 33109 33234 872 gi|60 39543 39659
msp 4518 s 458 85.4 1 533 gi|39 33112 33241 653 gi|47 3043 3163
msp 4520 s 256 87.2 -1 533 gi|39 33158 33235 846 gi|59 31987 32055
msp 4522 s 293 86.4 -1 533 gi|39 33177 33235 812 gi|57 8257 8317
msp 4524 s 328 86.4 1 533 gi|39 33177 33323 638 gi|46 13326 13462
msp 4526 s 331 94.9 1 533 gi|39 33181 33239 589 gi|43 9575 9639
msp 4528 s 291 93.6 1 533 gi|39 33186 33232 661 gi|47 20918 20967
msp 4530 s 304 83.7 -1 533 gi|39 33187 33284 630 gi|45 32163 32274
msp 4532 s 302 92.0 1 533 gi|39 33187 33236 631 gi|45 34624 34675
msp 4534 s 331 91.3 1 533 gi|39 33188 33302 712 gi|50 2504 2605
msp 4536 s 275 82.5 -1 533 gi|39 33189 33337 746 gi|52 24813 24980
msp 4538 s 260 85.0 -1 533 gi|39 33205 33244 690 gi|49 35088 35127
edge 109 s 0 0 94 533
edge 274 s 0 0 653 533
edge 331 s 0 0 872 533
edge 1310 s 0 0 37 533
edge 1355 s 0 0 690 533
edge 1358 p -1 75 533 58
edge 1359 s 0 0 533 80
edge 1360 s 0 0 533 83
edge 1361 s 0 0 533 105
edge 1362 s 0 0 533 106
edge 1363 s 0 0 533 118
edge 1364 s 0 0 533 186
edge 1365 s 0 0 533 199
edge 1366 s 0 0 533 275
edge 1367 s 0 0 533 285
edge 1368 s 0 0 533 319
edge 1369 s 0 0 533 347
edge 1370 s 0 0 533 361
edge 1371 s 0 0 533 404
edge 1372 s 0 0 533 420
edge 1373 s 0 0 533 422
edge 1374 s 0 0 533 477
edge 1375 s 0 0 533 510
edge 1376 s 0 0 533 589
edge 1377 s 0 0 533 630
edge 1378 s 0 0 533 631
edge 1379 s 0 0 533 638
edge 1380 s 0 0 533 661
edge 1381 s 0 0 533 711
edge 1382 s 0 0 533 712
edge 1383 s 0 0 533 746
edge 1384 s 0 0 533 812
edge 1385 s 0 0 533 846
edge 1386 s 0 0 533 873
edge 1387 s 0 0 533 876
edge 1388 s 0 0 533 890
edge 1389 s 0 0 533 900
edge 1390 s 0 0 533 916
pcp 33088 58
pcp 33237 58
