frag gi|41 11403 11469
img_no 8
flimg_no 2
edge_no 8
msp 1381 p 342 85.9 -1 913 gi|9 32548 32618 561 gi|41 11404 11467
msp 1495 p 290 84.6 1 929 gi|10 1669 1733 561 gi|41 11402 11466
msp 2693 s 263 87.5 -1 143 gi|17 16812 16859 561 gi|41 11403 11450
msp 3283 p 281 81.7 1 930 gi|25 2148 2207 561 gi|41 11404 11466
msp 3801 s 317 84.9 -1 335 gi|29 8623 8675 561 gi|41 11402 11454
msp 3843 p 327 91.9 1 346 gi|29 28020 28081 561 gi|41 11405 11467
msp 3991 p 296 76.0 -1 395 gi|31 33257 33331 561 gi|41 11402 11476
msp 4239 p 286 85.7 -1 452 gi|34 32643 32719 561 gi|41 11402 11472
edge 210 p 1 90 346 561
edge 354 p -1 84 913 561
edge 374 p 1 84 929 561
edge 388 p 1 80 930 561
edge 2430 s 0 0 143 561
edge 2431 s 0 0 561 335
edge 2432 p -1 76 561 395
edge 2433 p -1 85 561 452
pcp 11476 395
pcp 11472 452
pcp 11467 913
pcp 11467 346
pcp 11466 929
pcp 11466 930
pcp 11405 346
pcp 11404 930
pcp 11404 913
pcp 11402 929
pcp 11402 395
pcp 11402 452
