frag gi|41 19802 19983
img_no 13
edge_no 11
msp 3005 s 297 82.0 -1 169 gi|19 6367 6466 564 gi|41 19802 19911
msp 3105 s 263 83.0 1 220 gi|21 4605 4651 564 gi|41 19861 19907
msp 3197 s 252 80.8 1 239 gi|22 21284 21356 564 gi|41 19850 19916
msp 4551 s 314 87.8 -1 544 gi|40 3029 3077 564 gi|41 19920 19968
msp 4573 s 299 87.5 -1 555 gi|40 21053 21108 564 gi|41 19922 19981
msp 4587 s 274 87.8 1 555 gi|40 21063 21111 564 gi|41 19862 19912
msp 4630 s 273 83.1 1 564 gi|41 19841 19911 754 gi|53 10488 10563
msp 4632 s 473 84.7 -1 564 gi|41 19860 19983 721 gi|50 23844 23970
msp 4634 s 421 85.6 1 564 gi|41 19861 19971 721 gi|50 23857 23968
msp 4636 s 261 88.2 1 564 gi|41 19862 19912 715 gi|50 15275 15323
msp 4638 s 260 89.4 1 564 gi|41 19862 19908 620 gi|44 39719 39763
msp 4640 s 302 98.1 1 564 gi|41 19920 19971 590 gi|43 11535 11580
msp 4642 p 256 94.2 1 564 gi|41 19920 19971 954 gi|60 13811 13856
edge 237 s 0 0 555 564
edge 767 s 0 0 590 564
edge 839 s 0 0 544 564
edge 843 s 0 0 564 169
edge 844 s 0 0 564 220
edge 845 s 0 0 564 239
edge 846 s 0 0 564 620
edge 847 s 0 0 564 715
edge 848 s 0 0 564 721
edge 849 s 0 0 564 754
edge 917 p 1 94 954 564
pcp 19971 954
pcp 19920 954
