frag gi|43 6667 6804
img_no 6
flimg_no 1
edge_no 2
msp 1947 s 255 74.4 1 703 gi|5 5415 5492 588 gi|43 6722 6800
msp 3023 s 251 77.4 1 174 gi|19 13395 13509 588 gi|43 6678 6800
msp 3035 s 267 72.4 1 174 gi|19 13596 13671 588 gi|43 6725 6800
msp 4097 s 256 78.8 -1 412 gi|32 37144 37256 588 gi|43 6686 6793
msp 4467 p 293 76.6 1 526 gi|39 20243 20379 588 gi|43 6667 6803
msp 4670 s 394 82.1 -1 588 gi|43 6721 6804 727 gi|50 39094 39182
edge 1544 p 1 76 526 588
edge 2497 s 0 0 727 588
pcp 6803 526
pcp 6667 526
