frag gi|43 11735 12674
img_no 14
edge_no 12
msp 603 s 300 77.6 1 198 gi|2 32984 33233 591 gi|43 11801 12040
msp 853 s 257 78.3 -1 893 gi|8 17832 18062 591 gi|43 11821 12042
msp 971 s 460 76.5 1 901 gi|8 36704 37005 591 gi|43 11739 12040
msp 1531 s 337 74.9 -1 22 gi|10 4314 4700 591 gi|43 11804 12201
msp 1631 s 265 86.2 -1 37 gi|10 26861 27099 591 gi|43 11823 12050
msp 2007 s 341 71.3 1 75 gi|13 15335 15609 591 gi|43 11774 12040
msp 2513 s 313 77.6 -1 114 gi|15 27397 27642 591 gi|43 11812 12048
msp 2703 s 387 81.2 1 146 gi|17 19479 19782 591 gi|43 11823 12123
msp 3217 s 267 76.2 1 241 gi|22 27350 27988 591 gi|43 11747 12388
msp 3221 s 289 75.2 1 241 gi|22 27704 28155 591 gi|43 12203 12674
msp 3223 s 320 73.6 1 242 gi|22 29141 29485 591 gi|43 11735 12072
msp 3233 s 293 73.9 1 242 gi|22 29411 29873 591 gi|43 12094 12562
msp 3583 s 476 76.1 1 297 gi|26 19668 19993 591 gi|43 12272 12600
msp 3589 s 399 75.9 1 299 gi|26 21419 21630 591 gi|43 11747 11956
edge 1154 s 0 0 22 591
edge 1172 s 0 0 75 591
edge 1191 s 0 0 114 591
edge 1207 s 0 0 146 591
edge 1244 s 0 0 893 591
edge 1258 s 0 0 591 37
edge 1259 s 0 0 591 198
edge 1260 s 0 0 591 241
edge 1261 s 0 0 591 242
edge 1262 s 0 0 591 297
edge 1263 s 0 0 591 299
edge 1264 s 0 0 591 901
