frag gi|44 18941 19655
img_no 5
edge_no 5
msp 1993 p 543 76.2 -1 69 gi|13 60 441 610 gi|44 18941 19320
msp 2185 s 305 74.2 -1 89 gi|13 38496 38844 610 gi|44 18963 19308
msp 2317 p 334 70.6 -1 101 gi|14 37986 38199 610 gi|44 19433 19655
msp 4734 p 320 73.7 1 610 gi|44 18967 19262 850 gi|59 38785 39086
msp 4736 s 429 70.7 -1 610 gi|44 19091 19581 840 gi|59 21737 22227
edge 2187 p -1 76 69 610
edge 2188 s 0 0 610 89
edge 2189 p -1 70 610 101
edge 2190 s 0 0 610 840
edge 2191 p 1 73 610 850
pcp 19655 101
pcp 19433 101
pcp 19320 69
pcp 19262 850
pcp 18967 850
pcp 18941 69
