frag gi|44 23227 23649
img_no 6
edge_no 6
msp 1239 s 256 76.5 -1 879 gi|7 22448 22694 611 gi|44 23309 23561
msp 1529 s 251 76.6 1 22 gi|10 4105 4416 611 gi|44 23364 23649
msp 2025 s 420 81.4 -1 75 gi|13 15669 15926 611 gi|44 23359 23610
msp 2495 s 278 71.0 1 114 gi|15 27057 27301 611 gi|44 23322 23575
msp 3453 s 279 75.2 1 287 gi|25 35601 35930 611 gi|44 23227 23577
msp 4738 p 253 81.4 -1 611 gi|44 23285 23580 637 gi|46 8392 8677
edge 1155 s 0 0 22 611
edge 1173 s 0 0 75 611
edge 1193 s 0 0 114 611
edge 1254 s 0 0 287 611
edge 1265 p -1 81 611 637
edge 1266 s 0 0 611 879
pcp 23580 637
pcp 23285 637
