frag gi|46 8391 8681
img_no 8
flimg_no 2
edge_no 7
msp 3455 p 352 73.9 -1 287 gi|25 35630 35935 637 gi|46 8390 8686
msp 3547 s 254 77.0 1 268 gi|24 31989 32110 637 gi|46 8527 8642
msp 3553 s 288 85.8 1 268 gi|24 32956 33068 637 gi|46 8519 8637
msp 3585 s 304 79.7 1 297 gi|26 19678 19864 637 gi|46 8400 8592
msp 3659 s 290 83.3 -1 323 gi|28 16247 16318 637 gi|46 8565 8630
msp 4701 s 252 86.0 1 589 gi|43 10260 10302 637 gi|46 8550 8592
msp 4739 p 253 81.4 -1 611 gi|44 23285 23580 637 gi|46 8392 8677
msp 4828 s 271 79.0 1 637 gi|46 8544 8605 714 gi|50 11020 11085
edge 1256 p -1 73 287 637
edge 1265 p -1 81 611 637
edge 1332 s 0 0 268 637
edge 2029 s 0 0 589 637
edge 2538 s 0 0 297 637
edge 2756 s 0 0 323 637
edge 2757 s 0 0 637 714
pcp 8686 287
pcp 8677 611
pcp 8392 611
pcp 8390 287
