frag gi|46 36499 37992
img_no 9
edge_no 6
msp 3541 s 335 79.3 -1 268 gi|24 31633 32048 651 gi|46 36718 37119
msp 3545 s 469 75.6 -1 268 gi|24 31705 33042 651 gi|46 36565 37896
msp 3657 s 284 75.9 1 323 gi|28 16245 16684 651 gi|46 37486 37898
msp 4279 s 250 77.8 1 479 gi|36 36827 36993 651 gi|46 36954 37135
msp 4751 s 466 75.0 1 618 gi|44 38069 38376 651 gi|46 36918 37205
msp 4753 s 304 81.5 1 619 gi|44 38981 39153 651 gi|46 36499 36653
msp 4755 s 392 74.7 1 619 gi|44 39055 39529 651 gi|46 37515 37992
msp 4759 s 289 75.0 1 619 gi|44 39340 39519 651 gi|46 36954 37133
msp 4884 s 253 72.5 1 651 gi|46 37463 37611 773 gi|54 24239 24389
edge 1226 s 0 0 479 651
edge 1235 s 0 0 773 651
edge 1333 s 0 0 268 651
edge 1347 s 0 0 651 323
edge 1348 s 0 0 651 618
edge 1349 s 0 0 651 619
