frag gi|49 35097 35195
img_no 5
edge_no 5
msp 353 p 263 87.5 -1 14 gi|1 26628 26667 690 gi|49 35157 35196
msp 1805 p 256 83.8 1 56 gi|12 10053 10126 690 gi|49 35098 35171
msp 2943 p 272 88.0 -1 218 gi|20 37094 37201 690 gi|49 35097 35194
msp 4539 s 260 85.0 -1 533 gi|39 33205 33244 690 gi|49 35088 35127
msp 4952 s 262 96.8 1 690 gi|49 35093 35123 728 gi|51 1919 1949
edge 831 p -1 88 218 690
edge 1353 p -1 87 14 690
edge 1354 p 1 83 690 56
edge 1355 s 0 0 690 533
edge 1356 s 0 0 690 728
pcp 35196 14
pcp 35194 218
pcp 35171 56
pcp 35157 14
pcp 35098 56
pcp 35097 218
