frag gi|5 1832 2053
img_no 8
edge_no 8
msp 1906 s 299 75.8 1 694 gi|5 1832 1926 506 gi|38 19102 19207
msp 1908 s 264 81.7 1 694 gi|5 1867 1926 500 gi|38 13444 13502
msp 1910 s 261 81.4 1 694 gi|5 1868 1926 650 gi|46 36069 36127
msp 1912 s 261 81.4 1 694 gi|5 1868 1926 991 gi|50 19779 19837
msp 1914 p 57 77.1 1 694 gi|5 2015 2053 1031 gi|37 18023 18061
msp 1916 s 377 77.4 1 694 gi|5 1932 2037 756 gi|53 14170 14277
msp 5136 p 91 77.1 1 694 gi|5 1875 1937 1029 gi|37 17883 17945
msp 5138 p 111 77.1 1 694 gi|5 1938 2014 1030 gi|37 17946 18022
edge 2250 s 0 0 506 694
edge 2264 s 0 0 650 694
edge 2292 s 0 0 756 694
edge 2296 s 0 0 694 500
edge 2304 s 0 0 991 694
edge 2711 p 1 77 1031 694
edge 2715 p 1 77 1030 694
edge 2720 p 1 77 1029 694
pcp 2015 1031
pcp 2053 1031
pcp 1938 1030
pcp 2014 1030
pcp 1875 1029
pcp 1937 1029
