frag gi|5 5718 8599
img_no 8
edge_no 8
msp 5 p 324 86.9 1 537 gi|4 250 310 705 gi|5 8535 8599
msp 1950 s 1212 77.5 1 705 gi|5 5718 8175 529 gi|39 22134 24514
msp 1952 s 1200 78.2 1 705 gi|5 5718 8175 578 gi|42 11627 14056
msp 1954 s 256 74.1 1 705 gi|5 5771 5828 1007 gi|39 20312 20369
msp 1956 s 1456 77.7 -1 705 gi|5 6006 8175 68 gi|12 37726 39810
msp 1958 s 23605 99.9 1 705 gi|5 6009 8607 467 gi|35 30813 33413
msp 1960 s 23593 100.0 -1 705 gi|5 6010 8599 201 gi|20 290 2879
msp 1962 s 1455 77.8 1 705 gi|5 6070 8175 47 gi|11 29052 31085
edge 474 p 1 86 537 705
edge 1518 s 0 0 47 705
edge 1523 s 0 0 68 705
edge 1527 s 0 0 201 705
edge 1530 s 0 0 467 705
edge 1532 s 0 0 529 705
edge 1533 s 0 0 578 705
edge 2525 s 0 0 1007 705
pcp 8535 537
pcp 8599 537
