frag gi|50 15108 15605
img_no 36
edge_no 30
msp 1001 s 277 84.2 1 873 gi|7 11763 11844 715 gi|50 15238 15323
msp 1799 p 279 92.5 -1 54 gi|12 7544 7596 715 gi|50 15275 15321
msp 1857 s 262 87.2 1 58 gi|12 13105 13182 715 gi|50 15276 15361
msp 2081 s 269 79.0 1 80 gi|13 22962 23042 715 gi|50 15259 15338
msp 2125 s 265 77.9 -1 83 gi|13 30436 30589 715 gi|50 15152 15353
msp 2155 s 295 83.3 1 83 gi|13 30541 30588 715 gi|50 15275 15322
msp 2257 s 257 90.2 1 94 gi|14 21740 21780 715 gi|50 15154 15196
msp 2717 p 379 83.1 1 149 gi|17 34847 34929 715 gi|50 15108 15203
msp 2725 s 279 86.8 -1 149 gi|17 34876 34928 715 gi|50 15275 15325
msp 2999 s 293 80.3 -1 169 gi|19 6367 6432 715 gi|50 15254 15322
msp 3087 s 335 80.3 1 220 gi|21 4538 4913 715 gi|50 15153 15605
msp 3207 s 254 83.6 1 239 gi|22 21300 21354 715 gi|50 15275 15326
msp 3333 s 252 92.6 -1 275 gi|25 5767 5820 715 gi|50 15276 15327
msp 3481 s 290 89.4 1 288 gi|25 36473 36519 715 gi|50 15275 15320
msp 3747 s 280 91.3 1 312 gi|27 22354 22399 715 gi|50 15145 15196
msp 3791 s 296 86.7 1 318 gi|27 38631 38690 715 gi|50 15275 15333
msp 3891 s 257 82.5 -1 349 gi|29 33025 33081 715 gi|50 15268 15324
msp 3949 s 265 79.6 -1 377 gi|30 23609 23657 715 gi|50 15276 15324
msp 4017 p 271 82.3 -1 399 gi|32 346 430 715 gi|50 15252 15337
msp 4019 s 255 85.5 1 399 gi|32 354 408 715 gi|50 15148 15201
msp 4205 s 345 81.8 -1 432 gi|33 29657 29722 715 gi|50 15258 15325
msp 4377 s 267 90.4 -1 507 gi|38 21306 21357 715 gi|50 15276 15323
msp 4411 s 264 96.0 -1 510 gi|38 28123 28172 715 gi|50 15276 15324
msp 4571 s 287 85.1 -1 555 gi|40 21041 21127 715 gi|50 15133 15220
msp 4581 s 463 100.0 1 555 gi|40 21063 21112 715 gi|50 15275 15324
msp 4637 s 261 88.2 1 564 gi|41 19862 19912 715 gi|50 15275 15323
msp 4691 s 258 95.7 1 589 gi|43 9586 9631 715 gi|50 15276 15321
msp 4761 s 363 89.2 1 620 gi|44 39705 39769 715 gi|50 15255 15325
msp 4763 s 265 84.8 -1 620 gi|44 39705 39783 715 gi|50 15133 15220
msp 4847 s 270 95.8 1 638 gi|46 13341 13388 715 gi|50 15276 15323
msp 4970 s 368 80.4 -1 715 gi|50 15149 15245 835 gi|59 1918 2009
msp 4972 s 278 88.4 1 715 gi|50 15154 15196 872 gi|60 39545 39588
msp 4974 s 486 81.0 1 715 gi|50 15193 15334 795 gi|56 22401 22542
msp 4976 s 358 84.2 1 715 gi|50 15222 15322 835 gi|59 1910 2005
msp 4978 s 346 82.8 1 715 gi|50 15231 15329 754 gi|53 10469 10570
msp 4980 s 358 88.7 1 715 gi|50 15274 15326 766 gi|54 7563 7618
edge 112 s 0 0 94 715
edge 187 s 0 0 312 715
edge 241 s 0 0 555 715
edge 340 s 0 0 872 715
edge 847 s 0 0 564 715
edge 1562 p -1 92 54 715
edge 1563 s 0 0 715 58
edge 1564 s 0 0 715 80
edge 1565 s 0 0 715 83
edge 1566 p 1 82 715 149
edge 1567 s 0 0 715 169
edge 1568 s 0 0 715 220
edge 1569 s 0 0 715 239
edge 1570 s 0 0 715 275
edge 1571 s 0 0 715 288
edge 1572 s 0 0 715 318
edge 1573 s 0 0 715 349
edge 1574 s 0 0 715 377
edge 1575 p -1 82 715 399
edge 1576 s 0 0 715 432
edge 1577 s 0 0 715 507
edge 1578 s 0 0 715 510
edge 1579 s 0 0 715 589
edge 1580 s 0 0 715 620
edge 1581 s 0 0 715 638
edge 1582 s 0 0 715 754
edge 1583 s 0 0 715 766
edge 1584 s 0 0 715 795
edge 1585 s 0 0 715 835
edge 1586 s 0 0 715 873
pcp 15108 149
pcp 15203 149
pcp 15252 399
pcp 15275 54
pcp 15321 54
pcp 15337 399
