frag gi|50 39075 39227
img_no 6
edge_no 5
msp 1285 s 479 85.8 -1 905 gi|9 13994 14099 727 gi|50 39075 39173
msp 3013 s 412 80.8 -1 170 gi|19 6642 6719 727 gi|50 39099 39176
msp 3021 s 398 82.6 -1 174 gi|19 13388 13508 727 gi|50 39100 39227
msp 3033 s 322 81.5 -1 174 gi|19 13595 13675 727 gi|50 39096 39176
msp 4469 s 260 83.7 -1 1007 gi|39 20262 20375 727 gi|50 39100 39216
msp 4671 s 370 82.1 -1 1006 gi|43 6721 6799 727 gi|50 39099 39182
edge 2494 s 0 0 170 727
edge 2496 s 0 0 727 174
edge 2498 s 0 0 727 905
edge 2513 s 0 0 1006 727
edge 2526 s 0 0 1007 727
