frag gi|51 1904 2958
img_no 11
edge_no 11
msp 809 p 292 90.2 1 891 gi|8 6475 6525 728 gi|51 1896 1948
msp 1399 s 254 100.0 1 914 gi|9 34476 34503 728 gi|51 1922 1949
msp 1403 p 491 77.5 -1 915 gi|9 34617 35762 728 gi|51 1913 2958
msp 1803 s 257 89.4 1 56 gi|12 10037 10083 728 gi|51 1909 1955
msp 1997 p 253 86.8 -1 71 gi|13 1915 1967 728 gi|51 1901 1948
msp 3517 p 251 83.5 -1 260 gi|24 8139 8217 728 gi|51 1907 1996
msp 3973 p 267 97.3 1 387 gi|31 20038 20074 728 gi|51 1920 1953
msp 4953 s 262 96.8 1 690 gi|49 35093 35123 728 gi|51 1919 1949
msp 5001 s 265 89.5 1 726 gi|50 37162 37199 728 gi|51 1911 1948
msp 5004 s 310 95.9 -1 728 gi|51 1908 1956 826 gi|58 417 466
msp 5006 s 262 88.3 1 728 gi|51 1919 1978 746 gi|52 24928 24999
edge 1356 s 0 0 690 728
edge 1357 s 0 0 56 728
edge 1391 p -1 86 728 71
edge 1392 p -1 83 728 260
edge 1393 p 1 97 728 387
edge 1394 s 0 0 728 726
edge 1395 s 0 0 728 746
edge 1396 s 0 0 728 826
edge 1397 p 1 90 728 891
edge 1398 s 0 0 728 914
edge 1399 p -1 77 728 915
pcp 2958 915
pcp 1996 260
pcp 1953 387
pcp 1948 891
pcp 1948 71
pcp 1920 387
pcp 1913 915
pcp 1907 260
pcp 1901 71
pcp 1896 891
