frag gi|52 23954 24626
img_no 6
edge_no 6
msp 1625 s 285 72.2 1 37 gi|10 26840 27105 745 gi|52 24340 24602
msp 2505 s 251 77.6 1 114 gi|15 27107 27574 745 gi|52 24078 24524
msp 3581 s 273 79.3 -1 297 gi|26 19618 19985 745 gi|52 23954 24311
msp 3655 s 365 74.8 1 323 gi|28 16180 16397 745 gi|52 23959 24173
msp 4699 s 272 79.8 -1 589 gi|43 9738 10302 745 gi|52 24068 24626
msp 5022 p 267 84.6 -1 745 gi|52 24119 24365 830 gi|58 9255 9475
edge 1195 s 0 0 114 745
edge 1316 s 0 0 37 745
edge 1336 s 0 0 745 297
edge 1337 s 0 0 745 323
edge 1338 s 0 0 745 589
edge 1339 p -1 84 745 830
pcp 24365 830
pcp 24119 830
