frag gi|53 10542 12395
img_no 5
flimg_no 1
edge_no 5
msp 759 p 250 88.4 1 859 gi|6 29940 30008 755 gi|53 12312 12377
msp 3721 p 272 84.9 1 309 gi|27 18355 18427 755 gi|53 11945 12011
msp 4433 s 2091 74.8 1 514 gi|38 36082 37729 755 gi|53 10610 12251
msp 4915 s 2053 75.0 1 654 gi|47 3953 5579 755 gi|53 10605 12228
msp 5056 p 1987 72.8 1 755 gi|53 10542 12395 869 gi|60 34140 35984
edge 2556 p 1 72 869 755
edge 2558 s 0 0 514 755
edge 2559 s 0 0 654 755
edge 2560 p 1 84 755 309
edge 2561 p 1 88 755 859
pcp 10542 869
pcp 11945 309
pcp 12011 309
pcp 12312 859
pcp 12377 859
pcp 12395 869
