frag gi|56 18809 18858
img_no 5
flimg_no 5
edge_no 5
msp 393 p 295 86.5 1 967 gi|1 37353 37404 793 gi|56 18809 18859
msp 2785 p 270 83.3 1 154 gi|18 5619 5666 793 gi|56 18810 18858
msp 4013 p 261 79.6 -1 973 gi|31 34106 34154 793 gi|56 18809 18858
msp 4225 p 265 79.6 1 964 gi|34 22204 22252 793 gi|56 18809 18858
msp 5015 p 252 74.5 1 948 gi|51 16465 16515 793 gi|56 18808 18858
edge 644 p 1 83 154 793
edge 891 p 1 74 948 793
edge 1040 p 1 79 964 793
edge 1063 p 1 86 967 793
edge 1105 p -1 79 973 793
pcp 18859 967
pcp 18858 154
pcp 18858 964
pcp 18858 948
pcp 18858 973
pcp 18810 154
pcp 18809 964
pcp 18809 967
pcp 18809 973
pcp 18808 948
