frag gi|56 26696 27426
img_no 8
edge_no 8
msp 69 p 325 81.2 -1 354 gi|3 6000 6175 797 gi|56 26717 26873
msp 155 p 480 77.3 -1 366 gi|3 31214 31747 797 gi|56 26895 27426
msp 1415 s 267 86.0 -1 916 gi|9 39297 39396 797 gi|56 26696 26774
msp 2933 p 418 79.1 1 216 gi|20 32663 33145 797 gi|56 26901 27386
msp 2947 s 488 82.5 1 218 gi|20 37171 37336 797 gi|56 26707 26872
msp 3777 s 340 80.8 1 317 gi|27 37832 37904 797 gi|56 26766 26838
msp 4243 p 357 77.6 -1 454 gi|34 35408 35791 797 gi|56 26823 27219
msp 4561 s 504 77.3 1 551 gi|40 16532 17015 797 gi|56 26737 27228
edge 814 s 0 0 551 797
edge 832 s 0 0 218 797
edge 2178 s 0 0 916 797
edge 2622 p 1 79 216 797
edge 2623 p -1 77 454 797
edge 2624 s 0 0 797 317
edge 2625 p -1 81 797 354
edge 2626 p -1 77 797 366
pcp 27426 366
pcp 27386 216
pcp 27219 454
pcp 26901 216
pcp 26895 366
pcp 26873 354
pcp 26823 454
pcp 26717 354
