frag gi|56 39867 40000
img_no 6
edge_no 6
msp 1737 p 893 94.8 -1 941 gi|10 38036 38150 805 gi|56 39888 40000
msp 4483 p 1051 100.0 1 528 gi|39 21311 21425 805 gi|56 39886 40000
msp 4601 p 1048 100.0 -1 942 gi|40 32756 32870 805 gi|56 39886 40000
msp 4891 p 1041 100.0 -1 944 gi|48 11389 11502 805 gi|56 39887 40000
msp 5036 p 1051 100.0 -1 805 gi|56 39886 40000 813 gi|57 9729 9843
msp 5038 p 1051 100.0 -1 805 gi|56 39886 40000 821 gi|57 20859 20973
edge 470 p 1 100 528 805
edge 489 p -1 100 813 805
edge 492 p -1 100 821 805
edge 553 p -1 94 941 805
edge 564 p -1 100 942 805
edge 575 p -1 100 944 805
pcp 39886 528
pcp 40000 528
pcp 39886 813
pcp 40000 813
pcp 39886 821
pcp 40000 821
pcp 39888 941
pcp 40000 941
pcp 39886 942
pcp 40000 942
pcp 39887 944
pcp 40000 944
