frag gi|57 441 528
img_no 12
flimg_no 1
edge_no 12
msp 519 p 349 88.9 -1 193 gi|2 21923 22003 807 gi|57 441 528
msp 1009 s 252 83.1 1 873 gi|7 11778 11842 807 gi|57 441 515
msp 1389 s 331 91.3 1 913 gi|9 32573 32618 807 gi|57 465 510
msp 2267 s 319 89.8 1 94 gi|14 21796 21844 807 gi|57 462 510
msp 2563 s 274 95.9 -1 121 gi|16 7129 7177 807 gi|57 465 510
msp 3079 s 321 86.0 1 219 gi|21 3704 3753 807 gi|57 464 513
msp 3561 s 268 94.1 1 269 gi|24 35496 35529 807 gi|57 466 499
msp 3765 s 267 93.6 -1 312 gi|27 22359 22405 807 gi|57 466 510
msp 3803 s 306 84.3 1 335 gi|29 8623 8673 807 gi|57 460 510
msp 3825 s 338 87.3 -1 343 gi|29 19711 19781 807 gi|57 458 522
msp 4821 s 351 89.4 -1 634 gi|46 7024 7089 807 gi|57 441 510
msp 5043 s 254 85.7 -1 752 gi|53 5088 5157 807 gi|57 441 510
edge 67 s 0 0 634 807
edge 115 s 0 0 94 807
edge 121 s 0 0 121 807
edge 137 p -1 88 193 807
edge 141 s 0 0 219 807
edge 145 s 0 0 269 807
edge 190 s 0 0 312 807
edge 203 s 0 0 343 807
edge 294 s 0 0 752 807
edge 304 s 0 0 807 335
edge 305 s 0 0 807 873
edge 306 s 0 0 807 913
pcp 441 193
pcp 528 193
