frag gi|57 12352 12707
img_no 11
edge_no 3
msp 885 p 504 78.1 1 899 gi|8 31988 32297 815 gi|57 12377 12709
msp 889 s 287 85.1 -1 899 gi|8 32002 32048 815 gi|57 12391 12437
msp 891 s 252 87.8 1 899 gi|8 32002 32050 815 gi|57 12663 12711
msp 897 s 428 77.6 -1 899 gi|8 32003 32279 815 gi|57 12409 12707
msp 899 s 266 77.4 -1 899 gi|8 32248 32300 815 gi|57 12659 12711
msp 2595 s 1353 75.5 -1 127 gi|16 22788 23105 815 gi|57 12393 12710
msp 2597 p 629 76.7 1 127 gi|16 22789 23105 815 gi|57 12391 12707
msp 2603 s 516 78.6 1 127 gi|16 22905 23105 815 gi|57 12349 12539
msp 2605 s 337 80.4 -1 127 gi|16 22952 23053 815 gi|57 12613 12717
msp 4663 p 548 75.1 1 997 gi|43 1273 1621 815 gi|57 12352 12707
msp 4665 p 546 78.4 -1 997 gi|43 1319 1621 815 gi|57 12396 12707
edge 2394 p 1 76 127 815
edge 2398 p 1 78 815 899
edge 2400 p 1 75 997 815
pcp 12352 997
pcp 12377 899
pcp 12391 127
pcp 12396 997
pcp 12707 997
pcp 12707 997
pcp 12707 127
pcp 12709 899
