frag gi|57 28227 28324
img_no 19
flimg_no 1
edge_no 17
msp 131 s 312 86.5 -1 361 gi|3 15127 15178 825 gi|57 28237 28288
msp 219 s 312 93.3 -1 931 gi|3 33976 34020 825 gi|57 28249 28293
msp 515 s 368 84.7 1 193 gi|2 21915 21986 825 gi|57 28222 28295
msp 1383 s 294 91.7 -1 913 gi|9 32572 32619 825 gi|57 28248 28297
msp 1487 s 291 90.0 1 929 gi|10 1669 1726 825 gi|57 28247 28309
msp 2253 s 372 87.3 1 94 gi|14 21740 21794 825 gi|57 28249 28303
msp 2269 s 322 93.9 -1 94 gi|14 21797 21845 825 gi|57 28248 28298
msp 3291 p 251 79.3 -1 930 gi|25 2180 2266 825 gi|57 28227 28324
msp 3507 p 318 90.1 1 289 gi|25 37734 37804 825 gi|57 28249 28310
msp 3727 s 276 86.5 1 310 gi|27 19647 19698 825 gi|57 28244 28294
msp 3759 s 382 93.8 1 312 gi|27 22358 22405 825 gi|57 28248 28295
msp 3815 s 280 84.7 -1 338 gi|29 11720 11791 825 gi|57 28249 28329
msp 3823 s 338 86.8 1 343 gi|29 19702 19769 825 gi|57 28234 28295
msp 4655 s 298 89.4 1 568 gi|41 28731 28777 825 gi|57 28249 28295
msp 4827 s 292 80.4 -1 634 gi|46 7080 7130 825 gi|57 28248 28298
msp 4913 s 317 87.8 -1 653 gi|47 3110 3158 825 gi|57 28246 28294
msp 5041 s 265 89.8 1 752 gi|53 5088 5136 825 gi|57 28249 28296
msp 5049 s 361 92.7 -1 752 gi|53 5145 5199 825 gi|57 28248 28300
msp 5069 s 282 86.0 1 772 gi|54 24046 24088 825 gi|57 28252 28294
edge 68 s 0 0 634 825
edge 116 s 0 0 94 825
edge 138 s 0 0 193 825
edge 164 p 1 90 289 825
edge 174 s 0 0 310 825
edge 191 s 0 0 312 825
edge 198 s 0 0 338 825
edge 204 s 0 0 343 825
edge 249 s 0 0 568 825
edge 284 s 0 0 653 825
edge 295 s 0 0 752 825
edge 301 s 0 0 772 825
edge 307 s 0 0 825 361
edge 308 s 0 0 825 913
edge 378 s 0 0 929 825
edge 393 p -1 79 930 825
edge 412 s 0 0 931 825
pcp 28227 930
pcp 28249 289
pcp 28310 289
pcp 28324 930
