frag gi|59 1902 2029
img_no 21
edge_no 20
msp 967 s 271 88.6 -1 900 gi|8 34685 34728 835 gi|59 1957 2002
msp 2141 s 273 84.5 1 83 gi|13 30531 30588 835 gi|59 1948 2005
msp 3003 s 297 81.8 -1 169 gi|19 6367 6432 835 gi|59 1940 2005
msp 3097 s 276 91.2 1 220 gi|21 4599 4655 835 gi|59 1950 2005
msp 3193 s 288 86.8 1 239 gi|22 21268 21350 835 gi|59 1925 2005
msp 3267 s 283 94.0 -1 271 gi|25 1481 1547 835 gi|59 1945 2003
msp 3325 s 283 80.5 -1 275 gi|25 5758 5834 835 gi|59 1940 2029
msp 3473 s 379 96.0 1 288 gi|25 36470 36519 835 gi|59 1955 2003
msp 3787 s 294 92.6 1 318 gi|27 38629 38682 835 gi|59 1956 2008
msp 3895 s 252 89.6 -1 349 gi|29 33028 33075 835 gi|59 1955 2004
msp 4159 s 293 83.1 1 422 gi|33 14427 14491 835 gi|59 1941 2005
msp 4209 s 328 82.7 -1 432 gi|33 29661 29735 835 gi|59 1928 2004
msp 4577 s 293 84.6 1 555 gi|40 21059 21110 835 gi|59 1954 2005
msp 4767 s 271 87.0 1 620 gi|44 39712 39765 835 gi|59 1950 2004
msp 4853 s 267 86.0 1 638 gi|46 13341 13383 835 gi|59 1959 2002
msp 4971 s 368 80.4 -1 715 gi|50 15149 15245 835 gi|59 1918 2009
msp 4977 s 358 84.2 1 715 gi|50 15222 15322 835 gi|59 1910 2005
msp 4991 s 306 86.4 -1 721 gi|50 23922 24031 835 gi|59 1905 2000
msp 4999 s 352 83.5 -1 724 gi|50 32851 32935 835 gi|59 1930 2007
msp 5035 s 443 89.2 1 795 gi|56 22437 22529 835 gi|59 1917 2003
msp 5051 s 274 79.2 1 754 gi|53 10468 10563 835 gi|59 1902 2005
edge 246 s 0 0 555 835
edge 1585 s 0 0 715 835
edge 1654 s 0 0 239 835
edge 1677 s 0 0 275 835
edge 1687 s 0 0 349 835
edge 1725 s 0 0 638 835
edge 1750 s 0 0 83 835
edge 1855 s 0 0 288 835
edge 1964 s 0 0 422 835
edge 2091 s 0 0 724 835
edge 2110 s 0 0 795 835
edge 2123 s 0 0 835 169
edge 2124 s 0 0 835 220
edge 2125 s 0 0 835 271
edge 2126 s 0 0 835 318
edge 2127 s 0 0 835 432
edge 2128 s 0 0 835 620
edge 2129 s 0 0 835 721
edge 2130 s 0 0 835 754
edge 2131 s 0 0 835 900
