frag gi|59 31910 32080
img_no 35
edge_no 31
msp 409 s 283 82.7 1 186 gi|2 3704 3807 846 gi|59 31910 32012
msp 437 s 255 90.7 -1 186 gi|2 3754 3807 846 gi|59 31988 32040
msp 675 s 281 89.4 1 199 gi|2 36035 36081 846 gi|59 31989 32036
msp 777 s 399 85.1 1 890 gi|8 3169 3242 846 gi|59 31963 32036
msp 959 s 267 88.5 1 900 gi|8 34681 34732 846 gi|59 31989 32043
msp 1083 s 308 87.2 -1 873 gi|7 11799 11845 846 gi|59 31987 32034
msp 1135 s 318 85.5 -1 876 gi|7 15828 15882 846 gi|59 31982 32037
msp 1203 s 257 85.7 1 876 gi|7 15889 15937 846 gi|59 31988 32037
msp 1467 s 309 92.2 1 916 gi|9 39349 39399 846 gi|59 31989 32037
msp 1867 s 285 81.6 -1 58 gi|12 13105 13153 846 gi|59 31987 32036
msp 2099 s 273 89.4 -1 80 gi|13 22976 23022 846 gi|59 31990 32037
msp 2363 s 254 83.7 -1 105 gi|15 7966 8014 846 gi|59 31962 32010
msp 2411 s 311 91.7 -1 106 gi|15 9570 9617 846 gi|59 31988 32036
msp 3355 s 281 83.0 1 275 gi|25 5775 5821 846 gi|59 31990 32037
msp 3431 s 289 89.4 -1 285 gi|25 31676 31722 846 gi|59 31989 32036
msp 3639 s 269 91.5 -1 319 gi|28 691 737 846 gi|59 31963 32011
msp 3945 s 269 86.3 1 376 gi|30 21012 21062 846 gi|59 31962 32010
msp 4067 s 293 88.2 1 404 gi|32 20067 20117 846 gi|59 31989 32039
msp 4187 s 270 87.0 -1 422 gi|33 14445 14490 846 gi|59 31990 32036
msp 4419 s 367 89.8 1 510 gi|38 28125 28173 846 gi|59 31989 32037
msp 4521 s 256 87.2 -1 533 gi|39 33158 33235 846 gi|59 31987 32055
msp 4689 s 317 87.8 -1 589 gi|43 9585 9633 846 gi|59 31988 32037
msp 4747 s 300 83.8 -1 614 gi|44 28169 28248 846 gi|59 31941 32012
msp 4777 s 279 82.8 -1 630 gi|45 32181 32273 846 gi|59 31962 32057
msp 4779 s 424 88.9 1 630 gi|45 32201 32272 846 gi|59 31963 32036
msp 4793 s 300 80.3 -1 631 gi|45 34612 34672 846 gi|59 31989 32054
msp 4845 s 301 87.5 -1 638 gi|46 13340 13387 846 gi|59 31989 32037
msp 4905 s 281 87.2 1 653 gi|47 3043 3089 846 gi|59 31989 32036
msp 4935 s 273 87.1 -1 661 gi|47 20914 20975 846 gi|59 31982 32043
msp 4959 s 302 88.1 -1 712 gi|50 2503 2561 846 gi|59 31980 32038
msp 5025 s 297 79.6 1 746 gi|52 24903 25010 846 gi|59 31959 32057
msp 5067 p 318 86.4 -1 767 gi|54 10379 10481 846 gi|59 31974 32080
msp 5079 s 294 84.1 1 812 gi|57 8244 8306 846 gi|59 31976 32037
msp 5082 s 250 86.4 -1 846 gi|59 31945 32010 872 gi|60 39545 39613
msp 5084 s 273 84.3 -1 846 gi|59 31984 32053 872 gi|60 39595 39662
edge 285 s 0 0 653 846
edge 344 s 0 0 872 846
edge 1385 s 0 0 533 846
edge 1608 s 0 0 58 846
edge 1638 s 0 0 80 846
edge 1678 s 0 0 275 846
edge 1726 s 0 0 638 846
edge 1771 s 0 0 105 846
edge 1789 s 0 0 186 846
edge 1811 s 0 0 199 846
edge 1836 s 0 0 285 846
edge 1875 s 0 0 319 846
edge 1935 s 0 0 404 846
edge 1965 s 0 0 422 846
edge 1996 s 0 0 510 846
edge 2033 s 0 0 589 846
edge 2045 s 0 0 630 846
edge 2056 s 0 0 631 846
edge 2077 s 0 0 712 846
edge 2098 s 0 0 746 846
edge 2117 s 0 0 812 846
edge 2132 s 0 0 846 106
edge 2133 s 0 0 846 376
edge 2134 s 0 0 846 614
edge 2135 s 0 0 846 661
edge 2136 p -1 86 846 767
edge 2137 s 0 0 846 873
edge 2138 s 0 0 846 876
edge 2139 s 0 0 846 890
edge 2140 s 0 0 846 900
edge 2141 s 0 0 846 916
pcp 32080 767
pcp 31974 767
