frag gi|7 23531 23925
img_no 5
flimg_no 1
edge_no 4
msp 589 s 465 77.2 1 198 gi|2 32531 32841 880 gi|7 23608 23931
msp 611 p 316 78.3 1 198 gi|2 33303 33699 880 gi|7 23531 23924
msp 1242 p 295 79.0 -1 880 gi|7 23637 23926 864 gi|60 22625 22896
msp 1244 p 299 75.0 -1 880 gi|7 23716 23879 516 gi|38 39733 39884
msp 1246 s 269 74.8 -1 880 gi|7 23790 23912 114 gi|15 26993 27124
edge 1199 s 0 0 114 880
edge 1327 p 1 78 198 880
edge 1334 p -1 75 516 880
edge 1340 p -1 79 880 864
pcp 23926 864
pcp 23924 198
pcp 23879 516
pcp 23716 516
pcp 23637 864
pcp 23531 198
