frag gi|8 17074 17201
img_no 11
flimg_no 1
edge_no 9
msp 812 p 232 75.0 -1 892 gi|8 17077 17134 1032 gi|46 15001 15058
msp 814 s 252 70.1 -1 892 gi|8 17069 17145 1007 gi|39 20418 20494
msp 816 p 359 83.3 -1 892 gi|8 17070 17201 991 gi|50 19612 19724
msp 818 s 297 76.7 -1 892 gi|8 17070 17159 991 gi|50 19751 19845
msp 820 s 287 75.0 -1 892 gi|8 17070 17145 650 gi|46 36060 36135
msp 822 s 288 82.4 1 892 gi|8 17072 17145 92 gi|14 8877 8951
msp 824 s 260 81.3 1 892 gi|8 17076 17166 659 gi|47 12366 12452
msp 826 s 253 78.6 1 892 gi|8 17076 17145 658 gi|47 12134 12206
msp 828 s 253 78.6 1 892 gi|8 17076 17145 658 gi|47 12250 12322
msp 830 p 305 80.4 -1 892 gi|8 17077 17129 1029 gi|37 17883 17935
msp 1929 s 308 77.2 -1 699 gi|5 2773 2851 892 gi|8 17069 17147
edge 2232 s 0 0 92 892
edge 2266 s 0 0 650 892
edge 2273 s 0 0 892 658
edge 2274 s 0 0 892 659
edge 2275 s 0 0 892 699
edge 2306 p -1 83 991 892
edge 2527 s 0 0 1007 892
edge 2721 p -1 80 1029 892
edge 2725 p -1 75 1032 892
pcp 17070 991
pcp 17077 1029
pcp 17077 1032
pcp 17129 1029
pcp 17134 1032
pcp 17201 991
