frag gi|8 30195 30300
img_no 7
flimg_no 3
edge_no 7
msp 868 s 251 80.0 1 898 gi|8 30193 30272 971 gi|14 35451 35538
msp 870 p 344 79.7 1 898 gi|8 30195 30307 184 gi|19 38522 38641
msp 872 s 279 73.9 1 898 gi|8 30195 30282 962 gi|19 2390 2476
msp 874 p 325 71.7 1 898 gi|8 30195 30293 964 gi|34 22230 22327
msp 876 p 318 71.0 -1 898 gi|8 30195 30301 973 gi|31 34022 34128
msp 878 p 311 72.9 1 898 gi|8 30195 30301 948 gi|51 16493 16599
msp 880 s 273 77.9 1 898 gi|8 30198 30283 162 gi|18 23623 23705
edge 665 s 0 0 162 898
edge 694 p 1 79 184 898
edge 894 p 1 72 948 898
edge 1020 s 0 0 962 898
edge 1042 p 1 71 964 898
edge 1090 s 0 0 971 898
edge 1107 p -1 71 973 898
pcp 30307 184
pcp 30301 948
pcp 30301 973
pcp 30293 964
pcp 30195 948
pcp 30195 184
pcp 30195 964
pcp 30195 973
