frag gi|34 25507 25669
img_no 5
flimg_no 5
edge_no 3
msp 2739 p 448 75.9 -1 918 gi|18 2664 2827 921 gi|34 25507 25670
msp 2741 p 391 81.3 1 918 gi|18 2664 2827 921 gi|34 25507 25670
msp 3715 p 303 79.9 1 927 gi|27 18009 18174 921 gi|34 25508 25668
msp 3717 s 416 78.7 -1 927 gi|27 18010 18172 921 gi|34 25508 25670
msp 4230 p 390 73.3 1 921 gi|34 25507 25670 923 gi|54 4978 5143
edge 27 p 1 81 921 918
edge 31 p 1 73 923 921
edge 41 p 1 79 927 921
pcp 25670 918
pcp 25670 918
pcp 25670 923
pcp 25668 927
pcp 25508 927
pcp 25507 923
pcp 25507 918
pcp 25507 918
