frag gi|54 4978 5143
img_no 5
flimg_no 4
edge_no 3
msp 2743 p 365 80.6 1 918 gi|18 2664 2827 923 gi|54 4978 5143
msp 2747 p 491 77.0 -1 918 gi|18 2664 2827 923 gi|54 4978 5143
msp 3713 p 163 79.8 1 927 gi|27 18009 18173 923 gi|54 4994 5143
msp 3719 s 473 77.3 -1 927 gi|27 18010 18172 923 gi|54 4979 5143
msp 4231 p 390 73.3 1 921 gi|34 25507 25670 923 gi|54 4978 5143
edge 29 p 1 80 923 918
edge 31 p 1 73 923 921
edge 42 p 1 79 927 923
pcp 5143 927
pcp 5143 921
pcp 5143 918
pcp 5143 918
pcp 4994 927
pcp 4978 918
pcp 4978 921
pcp 4978 918
