frag gi|27 18009 18173
img_no 7
flimg_no 6
edge_no 4
msp 865 p 177 83.0 1 1052 gi|8 24229 24264 927 gi|27 18142 18174
msp 2745 p 448 77.0 1 918 gi|18 2664 2827 927 gi|27 18010 18173
msp 2749 p 363 82.4 -1 918 gi|18 2664 2827 927 gi|27 18010 18173
msp 3712 p 163 79.8 1 927 gi|27 18009 18173 923 gi|54 4994 5143
msp 3714 p 303 79.9 1 927 gi|27 18009 18174 921 gi|34 25508 25668
msp 3716 s 416 78.7 -1 927 gi|27 18010 18172 921 gi|34 25508 25670
msp 3718 s 473 77.3 -1 927 gi|27 18010 18172 923 gi|54 4979 5143
edge 40 p -1 82 927 918
edge 41 p 1 79 927 921
edge 42 p 1 79 927 923
edge 2922 p 1 83 1052 927
pcp 18009 921
pcp 18009 923
pcp 18010 918
pcp 18010 918
pcp 18142 1052
pcp 18173 918
pcp 18173 923
pcp 18173 918
pcp 18174 1052
pcp 18174 921
