frag gi|3 33910 34103
img_no 33
flimg_no 1
edge_no 20
msp 158 s 449 82.8 -1 931 gi|3 33910 34024 94 gi|14 21736 21848
msp 160 s 340 86.1 -1 931 gi|3 33910 34020 634 gi|46 7024 7133
msp 162 s 344 87.8 1 931 gi|3 33910 34020 752 gi|53 5088 5198
msp 164 s 397 80.2 -1 931 gi|3 33910 34083 752 gi|53 5038 5203
msp 166 p 250 80.3 1 931 gi|3 33910 33985 289 gi|25 37731 37809
msp 168 p 535 82.5 1 931 gi|3 33910 34103 312 gi|27 22356 22565
msp 170 s 518 85.5 1 931 gi|3 33911 34020 634 gi|46 7022 7129
msp 172 p 294 84.5 -1 931 gi|3 33911 34020 929 gi|10 1671 1774
msp 174 s 251 82.7 -1 931 gi|3 33911 34008 80 gi|13 22927 23024
msp 176 s 437 82.2 -1 931 gi|3 33912 34012 913 gi|9 32517 32619
msp 178 s 250 84.4 -1 931 gi|3 33912 33956 395 gi|31 33285 33330
msp 180 s 281 75.7 1 931 gi|3 33913 34023 930 gi|25 2148 2250
msp 182 s 414 87.0 -1 931 gi|3 33913 34020 312 gi|27 22359 22467
msp 184 s 322 77.8 -1 931 gi|3 33913 34020 310 gi|27 19653 19757
msp 186 s 276 87.0 1 931 gi|3 33913 34020 310 gi|27 19653 19757
msp 188 s 464 91.7 1 931 gi|3 33913 34020 94 gi|14 21740 21844
msp 190 s 328 85.0 -1 931 gi|3 33913 34025 653 gi|47 3039 3155
msp 192 s 358 82.9 -1 931 gi|3 33913 34017 772 gi|54 24046 24146
msp 194 s 347 87.0 1 931 gi|3 33913 34020 338 gi|29 11691 11791
msp 196 s 340 81.4 -1 931 gi|3 33913 34025 338 gi|29 11686 11791
msp 198 s 269 81.5 1 931 gi|3 33913 34020 929 gi|10 1671 1772
msp 200 s 466 86.1 1 931 gi|3 33914 34021 653 gi|47 3047 3156
msp 202 s 372 74.8 1 931 gi|3 33914 34020 346 gi|29 28020 28120
msp 204 s 298 82.9 1 931 gi|3 33916 34020 772 gi|54 24046 24146
msp 206 s 269 89.0 1 931 gi|3 33921 34020 913 gi|9 32517 32618
msp 208 s 255 81.0 1 931 gi|3 33924 34028 83 gi|13 30478 30596
msp 210 s 255 85.0 -1 931 gi|3 33943 34022 346 gi|29 28017 28087
msp 212 s 265 77.5 -1 931 gi|3 33970 34058 343 gi|29 19682 19773
msp 214 s 320 93.3 -1 931 gi|3 33976 34020 289 gi|25 37734 37778
msp 216 s 373 88.9 -1 931 gi|3 33976 34029 568 gi|41 28722 28775
msp 218 s 312 93.3 -1 931 gi|3 33976 34020 825 gi|57 28249 28293
msp 557 s 308 80.4 -1 193 gi|2 21940 22041 931 gi|3 33913 34020
msp 559 s 282 80.1 1 193 gi|2 21940 22080 931 gi|3 33913 34047
edge 396 s 0 0 931 80
edge 397 s 0 0 931 83
edge 398 s 0 0 931 94
edge 399 s 0 0 931 193
edge 400 p 1 80 931 289
edge 401 s 0 0 931 310
edge 402 p 1 82 931 312
edge 403 s 0 0 931 338
edge 404 s 0 0 931 343
edge 405 s 0 0 931 346
edge 406 s 0 0 931 395
edge 407 s 0 0 931 568
edge 408 s 0 0 931 634
edge 409 s 0 0 931 653
edge 410 s 0 0 931 752
edge 411 s 0 0 931 772
edge 412 s 0 0 931 825
edge 413 s 0 0 931 913
edge 414 p -1 84 931 929
edge 415 s 0 0 931 930
pcp 33910 312
pcp 33910 289
pcp 33911 929
pcp 33985 289
pcp 34020 929
pcp 34103 312
