frag gi|20 1 325
img_no 11
flimg_no 6
edge_no 11
msp 3 p 179 86.9 -1 537 gi|4 279 310 934 gi|20 290 325
msp 259 s 397 73.2 -1 933 gi|1 7325 7578 934 gi|20 31 281
msp 1733 p 2561 96.4 -1 941 gi|10 37700 38035 934 gi|20 1 325
msp 2854 p 2593 96.3 -1 934 gi|20 1 325 944 gi|48 11053 11388
msp 2856 p 2593 96.3 -1 934 gi|20 1 325 813 gi|57 9393 9728
msp 2858 p 2593 96.3 -1 934 gi|20 1 325 821 gi|57 20523 20858
msp 2860 p 2593 96.3 -1 934 gi|20 1 325 942 gi|40 32420 32755
msp 2862 p 2593 96.3 1 934 gi|20 1 325 528 gi|39 21426 21761
msp 2864 s 436 76.5 -1 934 gi|20 11 253 939 gi|33 5795 6037
msp 2866 s 344 82.0 -1 934 gi|20 26 225 935 gi|22 749 929
msp 2868 s 285 73.8 -1 934 gi|20 31 244 946 gi|22 6214 6426
edge 506 p 1 96 934 528
edge 507 p -1 86 934 537
edge 510 p -1 96 934 813
edge 511 p -1 96 934 821
edge 512 s 0 0 934 933
edge 523 s 0 0 935 934
edge 535 s 0 0 939 934
edge 556 p -1 96 941 934
edge 567 p -1 96 942 934
edge 578 p -1 96 944 934
edge 585 s 0 0 946 934
pcp 1 528
pcp 1 942
pcp 1 944
pcp 1 941
pcp 1 821
pcp 1 813
pcp 290 537
pcp 325 944
pcp 325 821
pcp 325 942
pcp 325 941
pcp 325 537
pcp 325 813
pcp 325 528
