frag gi|22 508 1025
img_no 11
flimg_no 1
edge_no 11
msp 257 p 374 79.6 1 933 gi|1 7143 7692 935 gi|22 508 1024
msp 1735 s 344 82.0 1 941 gi|10 37811 38010 935 gi|22 749 929
msp 2867 s 344 82.0 -1 934 gi|20 26 225 935 gi|22 749 929
msp 3158 p 2009 81.0 1 935 gi|22 527 1027 940 gi|33 7367 7875
msp 3160 s 407 74.9 1 935 gi|22 544 1027 939 gi|33 5633 6127
msp 3162 s 339 80.1 -1 935 gi|22 749 929 528 gi|39 21451 21650
msp 3164 s 339 80.1 1 935 gi|22 749 929 942 gi|40 32531 32730
msp 3166 s 339 80.1 1 935 gi|22 749 929 813 gi|57 9504 9703
msp 3168 s 339 80.1 1 935 gi|22 749 929 821 gi|57 20634 20833
msp 3170 s 339 80.1 1 935 gi|22 749 929 944 gi|48 11164 11363
msp 3172 p 254 79.3 1 935 gi|22 841 1024 938 gi|30 32241 32440
edge 517 s 0 0 935 528
edge 520 s 0 0 935 813
edge 521 s 0 0 935 821
edge 522 p 1 79 935 933
edge 523 s 0 0 935 934
edge 530 p 1 79 938 935
edge 536 s 0 0 939 935
edge 547 p 1 81 940 935
edge 557 s 0 0 941 935
edge 568 s 0 0 942 935
edge 579 s 0 0 944 935
pcp 508 933
pcp 527 940
pcp 841 938
pcp 1024 938
pcp 1024 933
pcp 1027 940
