frag gi|33 7229 7875
img_no 9
flimg_no 1
edge_no 9
msp 255 p 582 77.7 1 933 gi|1 7028 7695 940 gi|33 7229 7876
msp 1731 s 297 75.9 1 941 gi|10 37547 38010 940 gi|33 7319 7776
msp 3159 p 2009 81.0 1 935 gi|22 527 1027 940 gi|33 7367 7875
msp 3183 s 474 75.2 1 946 gi|22 5940 6540 940 gi|33 7272 7876
msp 4122 s 264 75.5 -1 940 gi|33 7319 7776 528 gi|39 21451 21914
msp 4124 s 264 75.5 1 940 gi|33 7319 7776 942 gi|40 32267 32730
msp 4126 s 264 75.5 1 940 gi|33 7319 7776 813 gi|57 9240 9703
msp 4128 s 264 75.5 1 940 gi|33 7319 7776 821 gi|57 20370 20833
msp 4130 s 264 75.5 1 940 gi|33 7319 7776 944 gi|48 10900 11363
edge 541 s 0 0 940 528
edge 544 s 0 0 940 813
edge 545 s 0 0 940 821
edge 546 p 1 77 940 933
edge 547 p 1 81 940 935
edge 559 s 0 0 941 940
edge 569 s 0 0 942 940
edge 580 s 0 0 944 940
edge 588 s 0 0 946 940
pcp 7229 933
pcp 7367 935
pcp 7875 935
pcp 7876 933
