frag gi|10 36751 38150
img_no 12
flimg_no 4
edge_no 12
msp 1714 p 12559 100.0 1 941 gi|10 36751 38150 821 gi|57 19574 20973
msp 1716 p 12402 99.9 1 941 gi|10 36751 38150 944 gi|48 10104 11497
msp 1718 p 2527 100.0 -1 941 gi|10 36751 37033 1011 gi|39 24877 25159
msp 1720 p 12551 100.0 1 941 gi|10 36752 38150 813 gi|57 8445 9843
msp 1722 p 12552 100.0 1 941 gi|10 36752 38150 942 gi|40 31472 32870
msp 1724 p 8910 99.9 -1 941 gi|10 36752 37753 1010 gi|20 2880 3881
msp 1726 p 10055 100.0 -1 941 gi|10 37028 38150 528 gi|39 21311 22433
msp 1728 s 261 77.8 1 941 gi|10 37219 38064 939 gi|33 5239 6090
msp 1730 s 297 75.9 1 941 gi|10 37547 38010 940 gi|33 7319 7776
msp 1732 p 2561 96.4 -1 941 gi|10 37700 38035 934 gi|20 1 325
msp 1734 s 344 82.0 1 941 gi|10 37811 38010 935 gi|22 749 929
msp 1736 p 893 94.8 -1 941 gi|10 38036 38150 1051 gi|56 39888 40000
edge 549 p -1 100 941 528
edge 554 p 1 100 941 813
edge 555 p 1 100 941 821
edge 556 p -1 96 941 934
edge 557 s 0 0 941 935
edge 558 s 0 0 941 939
edge 559 s 0 0 941 940
edge 570 p 1 100 942 941
edge 581 p 1 99 944 941
edge 2576 p -1 99 1010 941
edge 2582 p -1 100 1011 941
edge 2917 p -1 94 1051 941
pcp 36751 944
pcp 36751 1011
pcp 36751 821
pcp 36752 942
pcp 36752 813
pcp 36752 1010
pcp 37028 528
pcp 37033 1011
pcp 37700 934
pcp 37753 1010
pcp 38035 934
pcp 38036 1051
pcp 38150 944
pcp 38150 821
pcp 38150 942
pcp 38150 813
pcp 38150 528
pcp 38150 1051
