frag gi|48 10076 11501
img_no 11
flimg_no 3
edge_no 11
msp 1717 p 12402 99.9 1 941 gi|10 36751 38150 944 gi|48 10104 11497
msp 2855 p 2593 96.3 -1 934 gi|20 1 325 944 gi|48 11053 11388
msp 2877 p 8902 99.4 -1 1010 gi|20 2880 3910 944 gi|48 10075 11106
msp 3171 s 339 80.1 1 935 gi|22 749 929 944 gi|48 11164 11363
msp 4131 s 264 75.5 1 940 gi|33 7319 7776 944 gi|48 10900 11363
msp 4475 p 10041 100.0 -1 528 gi|39 21312 22433 944 gi|48 10381 11502
msp 4487 p 2276 96.6 -1 1011 gi|39 24877 25186 944 gi|48 10078 10386
msp 4599 p 12548 99.4 1 942 gi|40 31442 32869 944 gi|48 10075 11502
msp 4886 p 12538 99.6 1 944 gi|48 10076 11502 813 gi|57 8415 9842
msp 4888 p 12542 99.2 1 944 gi|48 10078 11502 821 gi|57 19548 20972
msp 4890 p 1041 100.0 -1 944 gi|48 11389 11502 1051 gi|56 39887 40000
edge 573 p -1 100 944 528
edge 576 p 1 99 944 813
edge 577 p 1 99 944 821
edge 578 p -1 96 944 934
edge 579 s 0 0 944 935
edge 580 s 0 0 944 940
edge 581 p 1 99 944 941
edge 582 p 1 99 944 942
edge 2578 p -1 99 1010 944
edge 2584 p -1 96 1011 944
edge 2919 p -1 100 1051 944
pcp 10075 942
pcp 10075 1010
pcp 10076 813
pcp 10078 1011
pcp 10078 821
pcp 10104 941
pcp 10381 528
pcp 10386 1011
pcp 11053 934
pcp 11106 1010
pcp 11388 934
pcp 11389 1051
pcp 11497 941
pcp 11502 813
pcp 11502 821
pcp 11502 1051
pcp 11502 528
pcp 11502 942
