frag gi|21 13703 13845
img_no 16
flimg_no 9
edge_no 16
msp 297 s 291 87.5 1 10 gi|1 18917 18988 947 gi|21 13781 13845
msp 395 p 387 82.6 -1 967 gi|1 37353 37495 947 gi|21 13704 13845
msp 2623 p 392 83.7 1 961 gi|16 23430 23570 947 gi|21 13703 13845
msp 2761 s 395 86.7 -1 154 gi|18 5617 5699 947 gi|21 13770 13848
msp 2831 s 270 78.5 -1 162 gi|18 23595 23710 947 gi|21 13732 13846
msp 2965 s 298 84.9 -1 962 gi|19 2356 2474 947 gi|21 13740 13848
msp 3126 p 704 82.8 -1 947 gi|21 13703 13846 952 gi|52 21359 21501
msp 3128 p 401 76.3 -1 947 gi|21 13703 13846 964 gi|34 22205 22347
msp 3130 p 929 91.2 -1 947 gi|21 13705 13846 974 gi|56 22266 22407
msp 3132 p 836 88.7 1 947 gi|21 13704 13846 969 gi|36 22590 22728
msp 3134 p 546 82.3 1 947 gi|21 13704 13848 973 gi|31 34012 34157
msp 3136 p 281 84.0 1 947 gi|21 13703 13846 375 gi|30 20328 20461
msp 3138 p 406 80.8 -1 947 gi|21 13705 13845 948 gi|51 16468 16610
msp 3140 s 304 77.8 1 947 gi|21 13759 13848 590 gi|43 11605 11704
msp 3142 s 256 84.6 1 947 gi|21 13781 13845 385 gi|31 14257 14325
msp 3144 s 297 87.5 -1 947 gi|21 13783 13846 274 gi|25 3897 3965
edge 854 s 0 0 947 10
edge 857 s 0 0 947 154
edge 858 s 0 0 947 162
edge 860 s 0 0 947 274
edge 861 p 1 84 947 375
edge 862 s 0 0 947 385
edge 866 s 0 0 947 590
edge 895 p -1 80 948 947
edge 912 p -1 82 952 947
edge 998 p 1 83 961 947
edge 1021 s 0 0 962 947
edge 1043 p -1 76 964 947
edge 1065 p -1 82 967 947
edge 1076 p 1 88 969 947
edge 1108 p 1 82 973 947
edge 1125 p -1 91 974 947
pcp 13848 973
pcp 13846 952
pcp 13846 964
pcp 13846 969
pcp 13846 974
pcp 13846 375
pcp 13845 948
pcp 13845 961
pcp 13845 967
pcp 13705 974
pcp 13705 948
pcp 13704 969
pcp 13704 973
pcp 13704 967
pcp 13703 964
pcp 13703 961
pcp 13703 375
pcp 13703 952
