frag gi|52 21359 21501
img_no 8
flimg_no 5
edge_no 8
msp 2769 s 342 81.7 1 154 gi|18 5616 5695 952 gi|52 21359 21433
msp 3127 p 704 82.8 -1 947 gi|21 13703 13846 952 gi|52 21359 21501
msp 3311 s 257 83.3 1 274 gi|25 3896 3955 952 gi|52 21359 21414
msp 4003 p 309 77.9 -1 973 gi|31 34013 34155 952 gi|52 21360 21501
msp 4023 p 268 76.8 -1 401 gi|32 7304 7411 952 gi|52 21360 21465
msp 5017 p 370 80.0 1 948 gi|51 16466 16610 952 gi|52 21360 21501
msp 5020 p 764 83.4 1 952 gi|52 21359 21501 974 gi|56 22266 22407
msp 5099 p 593 82.9 -1 969 gi|36 22595 22728 952 gi|52 21360 21501
edge 907 s 0 0 952 154
edge 908 s 0 0 952 274
edge 910 p -1 76 952 401
edge 912 p -1 82 952 947
edge 913 p 1 80 952 948
edge 1078 p -1 82 969 952
edge 1110 p -1 77 973 952
edge 1127 p 1 83 974 952
pcp 21501 974
pcp 21501 947
pcp 21501 948
pcp 21501 973
pcp 21501 969
pcp 21465 401
pcp 21360 401
pcp 21360 969
pcp 21360 973
pcp 21360 948
pcp 21359 947
pcp 21359 974
