frag gi|19 2285 2493
img_no 21
edge_no 21
msp 283 s 460 89.0 -1 10 gi|1 18914 18995 962 gi|19 2353 2436
msp 359 p 255 79.8 1 967 gi|1 37352 37481 962 gi|19 2378 2494
msp 873 s 279 73.9 1 898 gi|8 30195 30282 962 gi|19 2390 2476
msp 2611 p 306 80.5 -1 961 gi|16 23431 23574 962 gi|19 2355 2493
msp 2697 s 260 83.3 -1 145 gi|17 18374 18439 962 gi|19 2364 2429
msp 2771 s 375 86.3 1 154 gi|18 5615 5709 962 gi|19 2356 2448
msp 2823 s 472 81.9 1 162 gi|18 23589 23704 962 gi|19 2355 2476
msp 2958 s 551 82.0 1 962 gi|19 2317 2495 948 gi|51 16424 16593
msp 2960 s 411 84.5 -1 962 gi|19 2326 2454 375 gi|30 20372 20503
msp 2962 s 333 83.3 -1 962 gi|19 2347 2436 385 gi|31 14254 14337
msp 2964 s 298 84.9 -1 962 gi|19 2356 2474 947 gi|21 13740 13848
msp 2966 s 328 84.7 1 962 gi|19 2358 2474 974 gi|56 22266 22373
msp 2968 s 602 82.8 -1 962 gi|19 2355 2476 973 gi|31 34042 34159
msp 2970 s 555 81.2 1 962 gi|19 2357 2476 964 gi|34 22201 22316
msp 2972 s 417 81.3 -1 962 gi|19 2355 2461 590 gi|43 11602 11705
msp 2974 s 374 89.2 1 962 gi|19 2356 2429 274 gi|25 3892 3970
msp 2976 s 297 80.7 -1 962 gi|19 2358 2476 551 gi|40 16577 16711
msp 2978 s 291 79.5 -1 962 gi|19 2361 2438 482 gi|37 3412 3490
msp 2980 s 360 87.7 1 962 gi|19 2371 2427 834 gi|59 1694 1749
msp 2982 s 262 72.7 1 962 gi|19 2376 2441 372 gi|30 5920 5990
msp 5109 p 182 79.8 1 966 gi|1 37259 37351 962 gi|19 2285 2364
edge 1006 s 0 0 962 10
edge 1008 s 0 0 962 145
edge 1009 s 0 0 962 154
edge 1010 s 0 0 962 162
edge 1011 s 0 0 962 274
edge 1012 s 0 0 962 372
edge 1013 s 0 0 962 375
edge 1014 s 0 0 962 385
edge 1016 s 0 0 962 482
edge 1017 s 0 0 962 551
edge 1018 s 0 0 962 590
edge 1019 s 0 0 962 834
edge 1020 s 0 0 962 898
edge 1021 s 0 0 962 947
edge 1022 s 0 0 962 948
edge 1025 p -1 80 962 961
edge 1048 s 0 0 964 962
edge 1070 p 1 78 967 962
edge 1073 p 1 79 966 962
edge 1113 s 0 0 973 962
edge 1129 s 0 0 974 962
pcp 2285 966
pcp 2355 961
pcp 2364 966
pcp 2378 967
pcp 2493 961
pcp 2494 967
