frag gi|14 35439 35545
img_no 10
flimg_no 5
edge_no 10
msp 399 p 395 74.8 1 967 gi|1 37363 37467 971 gi|14 35438 35549
msp 869 s 251 80.0 1 898 gi|8 30193 30272 971 gi|14 35451 35538
msp 2300 s 147 72.7 1 971 gi|14 35438 35515 974 gi|56 22276 22340
msp 2302 s 268 81.7 -1 971 gi|14 35438 35504 590 gi|43 11622 11693
msp 2304 s 356 83.8 1 971 gi|14 35438 35515 154 gi|18 5626 5695
msp 2306 p 329 77.3 -1 971 gi|14 35438 35545 973 gi|31 34045 34146
msp 2308 p 385 80.2 1 971 gi|14 35440 35545 162 gi|18 23604 23701
msp 2310 p 377 79.2 1 971 gi|14 35440 35545 948 gi|51 16477 16576
msp 2312 p 316 79.2 1 971 gi|14 35440 35545 964 gi|34 22214 22313
msp 2314 s 251 78.3 1 971 gi|14 35442 35487 834 gi|59 1699 1744
edge 1085 s 0 0 971 154
edge 1086 p 1 80 971 162
edge 1088 s 0 0 971 590
edge 1089 s 0 0 971 834
edge 1090 s 0 0 971 898
edge 1091 p 1 79 971 948
edge 1093 p 1 79 971 964
edge 1094 p 1 74 971 967
edge 1117 p -1 77 973 971
edge 1133 s 0 0 974 971
pcp 35549 967
pcp 35545 948
pcp 35545 162
pcp 35545 964
pcp 35545 973
pcp 35440 964
pcp 35440 162
pcp 35440 948
pcp 35438 967
pcp 35438 973
