frag gi|31 34013 34218
img_no 22
flimg_no 1
edge_no 22
msp 289 s 416 81.5 1 10 gi|1 18915 19033 973 gi|31 34083 34196
msp 381 p 511 81.8 -1 967 gi|1 37351 37494 973 gi|31 34012 34155
msp 877 p 318 71.0 -1 898 gi|8 30195 30301 973 gi|31 34022 34128
msp 2307 p 329 77.3 -1 971 gi|14 35438 35545 973 gi|31 34045 34146
msp 2615 p 639 83.1 1 961 gi|16 23433 23569 973 gi|31 34012 34155
msp 2765 s 516 87.6 -1 154 gi|18 5612 5700 973 gi|31 34070 34160
msp 2809 s 592 84.0 -1 162 gi|18 23536 23710 973 gi|31 34036 34212
msp 2969 s 602 82.8 -1 962 gi|19 2355 2476 973 gi|31 34042 34159
msp 3051 p 622 74.7 -1 184 gi|19 38428 38638 973 gi|31 34012 34218
msp 3135 p 546 82.3 1 947 gi|21 13704 13848 973 gi|31 34012 34157
msp 3299 s 443 84.7 -1 274 gi|25 3880 3964 973 gi|31 34088 34169
msp 3931 s 598 85.6 1 375 gi|30 20329 20478 973 gi|31 34012 34169
msp 3996 p 368 77.6 1 973 gi|31 34014 34155 969 gi|36 22590 22728
msp 3998 p 382 81.4 -1 973 gi|31 34012 34157 974 gi|56 22266 22406
msp 4000 s 791 85.1 -1 973 gi|31 34012 34157 948 gi|51 16464 16609
msp 4002 p 309 77.9 -1 973 gi|31 34013 34155 952 gi|52 21360 21501
msp 4004 s 284 80.8 1 973 gi|31 34020 34144 551 gi|40 16550 16691
msp 4006 s 355 78.8 1 973 gi|31 34057 34155 590 gi|43 11606 11700
msp 4008 s 306 77.1 1 973 gi|31 34073 34155 482 gi|37 3407 3492
msp 4010 s 434 91.8 -1 973 gi|31 34092 34152 834 gi|59 1689 1748
msp 4012 p 261 79.6 -1 973 gi|31 34106 34154 793 gi|56 18809 18858
msp 5106 p 664 82.9 -1 973 gi|31 34015 34155 964 gi|34 22205 22348
edge 1096 s 0 0 973 10
edge 1097 s 0 0 973 154
edge 1098 s 0 0 973 162
edge 1099 p -1 74 973 184
edge 1100 s 0 0 973 274
edge 1101 s 0 0 973 375
edge 1102 s 0 0 973 482
edge 1103 s 0 0 973 551
edge 1104 s 0 0 973 590
edge 1105 p -1 79 973 793
edge 1106 s 0 0 973 834
edge 1107 p -1 71 973 898
edge 1108 p 1 82 973 947
edge 1109 s 0 0 973 948
edge 1110 p -1 77 973 952
edge 1112 p 1 83 973 961
edge 1113 s 0 0 973 962
edge 1114 p -1 82 973 964
edge 1115 p -1 81 973 967
edge 1116 p 1 77 973 969
edge 1117 p -1 77 973 971
edge 1134 p -1 81 974 973
pcp 34012 974
pcp 34012 184
pcp 34012 967
pcp 34012 961
pcp 34012 947
pcp 34013 952
pcp 34014 969
pcp 34015 964
pcp 34022 898
pcp 34045 971
pcp 34106 793
pcp 34128 898
pcp 34146 971
pcp 34154 793
pcp 34155 969
pcp 34155 967
pcp 34155 952
pcp 34155 961
pcp 34155 964
pcp 34157 974
pcp 34157 947
pcp 34218 184
