frag gi|56 22266 22406
img_no 15
flimg_no 6
edge_no 15
msp 295 s 288 85.7 -1 10 gi|1 18917 18990 974 gi|56 22266 22332
msp 385 s 289 76.9 1 967 gi|1 37351 37464 974 gi|56 22266 22373
msp 2301 s 147 72.7 1 971 gi|14 35438 35515 974 gi|56 22276 22340
msp 2631 s 286 76.5 -1 961 gi|16 23451 23569 974 gi|56 22269 22383
msp 2783 p 368 83.8 1 154 gi|18 5619 5748 974 gi|56 22269 22385
msp 2827 s 278 76.0 1 162 gi|18 23592 23709 974 gi|56 22266 22380
msp 2967 s 328 84.7 1 962 gi|19 2358 2474 974 gi|56 22266 22373
msp 3131 p 929 91.2 -1 947 gi|21 13705 13846 974 gi|56 22266 22407
msp 3309 p 279 84.3 1 274 gi|25 3896 3965 974 gi|56 22266 22330
msp 3969 s 231 82.9 -1 385 gi|31 14257 14326 974 gi|56 22266 22332
msp 3999 p 382 81.4 -1 973 gi|31 34012 34157 974 gi|56 22266 22406
msp 4217 p 274 76.5 1 964 gi|34 22202 22347 974 gi|56 22266 22407
msp 4251 p 585 82.8 -1 969 gi|36 22593 22726 974 gi|56 22269 22407
msp 5021 p 764 83.4 1 952 gi|52 21359 21501 974 gi|56 22266 22407
msp 5095 p 252 77.8 1 948 gi|51 16466 16596 974 gi|56 22266 22407
edge 1120 s 0 0 974 10
edge 1121 p 1 82 974 154
edge 1122 s 0 0 974 162
edge 1123 p 1 84 974 274
edge 1124 s 0 0 974 385
edge 1125 p -1 91 974 947
edge 1126 p 1 77 974 948
edge 1127 p 1 83 974 952
edge 1128 s 0 0 974 961
edge 1129 s 0 0 974 962
edge 1130 p 1 76 974 964
edge 1131 s 0 0 974 967
edge 1132 p -1 82 974 969
edge 1133 s 0 0 974 971
edge 1134 p -1 81 974 973
pcp 22407 969
pcp 22407 964
pcp 22407 952
pcp 22407 948
pcp 22407 947
pcp 22406 973
pcp 22385 154
pcp 22330 274
pcp 22269 969
pcp 22269 154
pcp 22266 947
pcp 22266 952
pcp 22266 274
pcp 22266 964
pcp 22266 973
pcp 22266 948
