frag gi|15 14919 15126
img_no 34
flimg_no 1
edge_no 6
msp 1545 s 499 87.2 -1 976 gi|10 4789 4897 977 gi|15 14924 15027
msp 1547 s 431 80.7 -1 976 gi|10 4789 4897 977 gi|15 14985 15088
msp 1549 s 366 78.2 1 976 gi|10 4789 4898 977 gi|15 14930 15034
msp 1565 s 342 78.9 1 976 gi|10 4790 4898 977 gi|15 14992 15095
msp 1567 p 328 79.8 -1 976 gi|10 4810 4897 977 gi|15 15046 15127
msp 1577 p 262 75.9 1 976 gi|10 4843 4896 977 gi|15 14918 14971
msp 1739 p 342 79.5 -1 42 gi|10 38520 38628 977 gi|15 14918 15041
msp 1747 s 282 79.4 1 42 gi|10 38561 38623 977 gi|15 14969 15033
msp 1753 s 275 76.3 1 42 gi|10 38569 38624 977 gi|15 14918 14973
msp 2430 s 325 79.3 -1 977 gi|15 14918 15001 332 gi|29 737 819
msp 2432 p 323 82.0 1 977 gi|15 14918 14992 339 gi|29 14400 14475
msp 2434 p 674 82.8 1 977 gi|15 14918 15037 342 gi|29 15715 15834
msp 2436 s 480 81.3 -1 977 gi|15 14918 15006 339 gi|29 14372 14460
msp 2438 p 396 79.6 -1 977 gi|15 14918 15013 342 gi|29 15608 15714
msp 2440 p 653 80.9 -1 977 gi|15 14918 15074 342 gi|29 15608 15775
msp 2442 p 1021 83.0 1 977 gi|15 14923 15098 342 gi|29 15659 15834
msp 2444 s 466 85.2 1 977 gi|15 14923 15003 332 gi|29 827 907
msp 2446 p 812 77.5 -1 977 gi|15 14924 15127 342 gi|29 15627 15830
msp 2448 s 619 79.4 1 977 gi|15 14924 15064 332 gi|29 766 907
msp 2450 s 603 77.0 -1 977 gi|15 14924 15062 332 gi|29 737 876
msp 2452 s 278 85.5 -1 977 gi|15 14930 14984 829 gi|58 8489 8545
msp 2454 p 673 75.6 -1 977 gi|15 14944 15123 332 gi|29 737 916
msp 2456 s 396 80.0 1 977 gi|15 14951 15035 339 gi|29 14372 14456
msp 2458 s 841 80.3 1 977 gi|15 14952 15124 342 gi|29 15627 15799
msp 2460 s 690 74.2 1 977 gi|15 14957 15123 332 gi|29 738 905
msp 2462 s 344 78.3 -1 977 gi|15 14971 15067 339 gi|29 14372 14467
msp 2464 p 435 69.2 -1 977 gi|15 14983 15127 342 gi|29 15688 15832
msp 2466 s 326 72.7 -1 977 gi|15 15008 15124 332 gi|29 798 915
msp 2468 s 439 73.3 1 977 gi|15 15009 15127 332 gi|29 730 848
msp 2470 s 528 80.2 1 977 gi|15 15013 15123 342 gi|29 15627 15737
msp 2472 s 313 81.2 1 977 gi|15 15017 15096 339 gi|29 14377 14456
msp 2474 s 275 68.2 -1 977 gi|15 15040 15127 342 gi|29 15749 15836
msp 2476 s 216 77.0 -1 977 gi|15 15044 15127 339 gi|29 14372 14456
msp 2478 s 283 88.2 1 977 gi|15 15074 15124 342 gi|29 15627 15677
edge 1442 p -1 79 977 42
edge 1443 p -1 75 977 332
edge 1444 p 1 82 977 339
edge 1445 p -1 77 977 342
edge 1446 s 0 0 977 829
edge 1447 p -1 79 977 976
pcp 14918 342
pcp 14918 976
pcp 14918 42
pcp 14918 339
pcp 14918 342
pcp 14918 342
pcp 14923 342
pcp 14924 342
pcp 14944 332
pcp 14971 976
pcp 14983 342
pcp 14992 339
pcp 15013 342
pcp 15037 342
pcp 15041 42
pcp 15046 976
pcp 15074 342
pcp 15098 342
pcp 15123 332
pcp 15127 976
pcp 15127 342
pcp 15127 342
