frag gi|53 38416 38461
img_no 4
flimg_no 3
edge_no 4
msp 133 p 243 84.9 1 362 gi|3 23734 23780 981 gi|53 38417 38463
msp 2557 p 276 88.5 -1 980 gi|16 73 120 981 gi|53 38416 38463
msp 2903 p 242 84.2 1 205 gi|20 17061 17109 981 gi|53 38414 38460
msp 4085 p 252 88.4 1 411 gi|32 36066 36108 981 gi|53 38418 38460
edge 1468 p 1 84 981 205
edge 1469 p 1 84 981 362
edge 1470 p 1 88 981 411
edge 1471 p -1 88 981 980
pcp 38414 205
pcp 38416 980
pcp 38417 362
pcp 38418 411
pcp 38460 205
pcp 38460 411
pcp 38463 362
pcp 38463 980
