frag gi|39 13750 13901
img_no 6
flimg_no 6
edge_no 3
msp 2581 p 816 84.0 1 993 gi|16 14049 14194 996 gi|39 13750 13900
msp 2589 s 576 76.1 -1 993 gi|16 14088 14241 996 gi|39 13750 13903
msp 2907 p 550 81.9 1 207 gi|20 18460 18612 996 gi|39 13750 13903
msp 2913 p 525 74.8 -1 207 gi|20 18504 18655 996 gi|39 13751 13903
msp 3795 p 871 84.3 1 995 gi|29 5237 5387 996 gi|39 13750 13900
msp 3797 p 500 76.0 -1 995 gi|29 5281 5431 996 gi|39 13753 13903
edge 2388 p 1 81 996 207
edge 2389 p 1 84 996 993
edge 2390 p 1 84 996 995
pcp 13750 993
pcp 13750 995
pcp 13750 207
pcp 13751 207
pcp 13753 995
pcp 13900 993
pcp 13900 995
pcp 13903 207
pcp 13903 995
pcp 13903 207
