index 116
frag gi|18 3320 3636
img_no 8
msp 305 s 2661 97.8 -1 578 gi|5 23702 24015 116 gi|18 3320 3636
msp 829 s 2667 99.7 1 53 gi|13 7199 7494 116 gi|18 3320 3613
msp 849 s 2581 98.3 -1 63 gi|13 28921 29209 116 gi|18 3320 3608
msp 994 s 2641 99.7 1 116 gi|18 3320 3606 543 gi|47 21549 21835
msp 992 s 2648 100.0 -1 116 gi|18 3320 3605 281 gi|31 4521 4806
msp 996 s 2617 99.3 -1 116 gi|18 3320 3605 550 gi|47 33829 34114
msp 665 s 2213 94.3 -1 644 gi|9 30591 30872 116 gi|18 3320 3601
msp 998 s 289 87.5 1 116 gi|18 3554 3601 420 gi|39 36529 36575
