index 127
frag gi|19 14427 31250
img_no 10
msp 926 s 157276 99.9 1 127 gi|19 14427 31250 483 gi|43 1 16966
msp 928 s 339 77.5 1 127 gi|19 15960 16079 137 gi|20 7376 7496
msp 930 s 576 73.2 1 127 gi|19 17082 17518 149 gi|20 32149 32589
msp 932 s 539 71.8 1 127 gi|19 17099 17446 414 gi|39 22628 22979
msp 934 s 439 70.8 -1 127 gi|19 17101 17432 230 gi|27 8729 9060
msp 936 s 439 70.8 -1 127 gi|19 17101 17432 241 gi|28 24407 24738
msp 938 s 287 92.2 1 127 gi|19 20487 20576 258 gi|29 40144 40212
msp 25 s 1972 75.8 1 429 gi|4 20561 22070 127 gi|19 26261 27752
msp 940 s 286 80.0 -1 127 gi|19 26526 26625 332 gi|33 24029 24122
msp 942 s 261 77.1 -1 127 gi|19 30792 30874 358 gi|35 12717 12811
