index 168
frag gi|22 15389 15965
img_no 8
msp 1194 s 1328 72.4 1 168 gi|22 15389 15965 202 gi|25 4734 5321
msp 1196 s 262 78.5 -1 168 gi|22 15421 15643 566 gi|48 32285 32510
msp 241 s 272 76.7 1 12 gi|1 24783 24988 168 gi|22 15438 15640
msp 1198 s 255 78.2 -1 168 gi|22 15495 15650 480 gi|42 32541 32681
msp 973 s 389 83.4 -1 115 gi|18 528 714 168 gi|22 15501 15713
msp 1200 s 279 81.4 -1 168 gi|22 15546 15647 516 gi|45 28316 28417
msp 1133 s 310 74.5 1 144 gi|20 18900 19052 168 gi|22 15554 15700
msp 1171 s 316 80.4 1 151 gi|20 35158 35264 168 gi|22 15562 15669
