index 172
frag gi|22 24684 25815
img_no 25
msp 1208 s 315 77.7 -1 172 gi|22 24684 24921 519 gi|46 1595 1833
msp 1212 s 865 71.9 -1 172 gi|22 24712 25330 566 gi|48 31856 32494
msp 1210 s 985 76.6 -1 172 gi|22 24712 25246 399 gi|38 34155 34700
msp 1216 s 950 72.7 1 172 gi|22 24713 25815 545 gi|47 22841 23997
msp 951 s 608 76.9 -1 115 gi|18 193 786 172 gi|22 24713 25276
msp 1214 s 1225 82.4 -1 172 gi|22 24713 25092 516 gi|45 28149 28528
msp 1218 s 524 79.5 1 172 gi|22 24716 25085 222 gi|26 20629 20983
msp 1220 s 330 73.0 1 172 gi|22 24735 24923 276 gi|30 38196 38387
msp 623 s 461 70.9 1 640 gi|9 26117 26659 172 gi|22 24742 25272
msp 1222 s 438 72.9 -1 172 gi|22 24742 25099 534 gi|47 1177 1554
msp 187 s 252 80.9 1 7 gi|1 14309 14491 172 gi|22 24745 24932
msp 1224 s 387 74.6 -1 172 gi|22 24746 25214 480 gi|42 32241 32727
msp 1055 s 342 75.1 -1 110 gi|17 28981 29161 172 gi|22 24746 24923
msp 1226 s 329 81.1 1 172 gi|22 24779 24921 393 gi|38 24360 24502
msp 1228 s 299 80.9 1 172 gi|22 24793 24923 290 gi|31 19351 19482
msp 527 s 466 76.8 -1 629 gi|8 28313 28863 172 gi|22 24806 25317
msp 1230 s 343 73.7 -1 172 gi|22 24823 24921 181 gi|23 15101 15199
msp 1232 s 393 80.6 -1 172 gi|22 24824 24921 520 gi|46 2425 2522
msp 1131 s 289 77.5 1 144 gi|20 18894 19013 172 gi|22 24826 24954
msp 1234 s 337 75.5 1 172 gi|22 24828 24921 215 gi|25 34722 34815
msp 1169 s 381 78.1 1 151 gi|20 35156 35539 172 gi|22 24839 25210
msp 1085 s 304 75.5 1 137 gi|20 7384 7481 172 gi|22 25190 25287
msp 1236 s 281 74.2 -1 172 gi|22 25350 25675 567 gi|48 33770 34098
msp 1238 s 277 72.9 -1 172 gi|22 25470 25720 401 gi|38 35923 36185
msp 269 s 273 70.4 1 12 gi|1 25658 25873 172 gi|22 25500 25715
