index 181
frag gi|23 14568 15390
img_no 19
msp 501 s 323 76.1 1 625 gi|8 14478 15004 181 gi|23 14568 15114
msp 1284 s 539 78.1 1 181 gi|23 14638 15199 566 gi|48 31842 32383
msp 1286 s 577 77.0 1 181 gi|23 14644 15199 399 gi|38 34057 34589
msp 1288 s 828 76.7 1 181 gi|23 14660 15390 516 gi|45 27894 28612
msp 949 s 536 75.9 1 115 gi|18 188 673 181 gi|23 14705 15199
msp 1290 s 548 77.0 -1 181 gi|23 14749 15312 545 gi|47 22835 23389
msp 1292 s 275 74.5 -1 181 gi|23 14886 15206 276 gi|30 38278 38609
msp 1294 s 259 68.8 -1 181 gi|23 15064 15185 215 gi|25 34731 34853
msp 1296 s 278 73.3 -1 181 gi|23 15065 15199 222 gi|26 20724 20858
msp 541 s 340 77.9 1 629 gi|8 28717 28847 181 gi|23 15078 15200
msp 1298 s 272 72.9 1 181 gi|23 15079 15196 534 gi|47 287 415
msp 1300 s 256 81.0 -1 181 gi|23 15100 15199 393 gi|38 24404 24503
msp 1302 s 276 74.8 -1 181 gi|23 15100 15198 202 gi|25 4903 5001
msp 619 s 455 76.7 -1 640 gi|9 26103 26299 181 gi|23 15101 15291
msp 1231 s 343 73.7 -1 172 gi|22 24823 24921 181 gi|23 15101 15199
msp 259 s 293 73.2 -1 12 gi|1 24894 24990 181 gi|23 15102 15198
msp 1306 s 263 68.9 -1 181 gi|23 15104 15206 276 gi|30 37276 37380
msp 1308 s 332 79.6 1 181 gi|23 15104 15196 534 gi|47 1375 1467
msp 1304 s 277 78.3 1 181 gi|23 15104 15195 480 gi|42 32552 32643
