index 189
frag gi|23 25660 26014
img_no 9
msp 1326 s 268 72.1 -1 189 gi|23 25660 25967 271 gi|30 2829 3136
msp 1115 s 508 75.9 -1 144 gi|20 18681 19008 189 gi|23 25674 26014
msp 1328 s 393 72.6 -1 189 gi|23 25676 25952 393 gi|38 24243 24516
msp 1330 s 276 77.1 1 189 gi|23 25688 25866 468 gi|42 15925 16103
msp 379 s 753 72.8 -1 614 gi|7 30216 30546 189 gi|23 25690 26013
msp 1332 s 555 70.7 -1 189 gi|23 25690 25976 270 gi|30 1016 1303
msp 1107 s 739 75.2 -1 143 gi|20 16845 17130 189 gi|23 25691 25976
msp 1334 s 739 73.1 -1 189 gi|23 25699 25988 392 gi|38 22411 22700
msp 1336 s 566 75.5 -1 189 gi|23 25815 26014 472 gi|42 19727 19928
