index 195
frag gi|24 5812 6968
img_no 14
msp 695 s 253 74.5 1 29 gi|11 6790 6934 195 gi|24 5812 5971
msp 1342 s 833 74.8 1 195 gi|24 5817 6886 563 gi|48 21086 22170
msp 1344 s 256 81.8 1 195 gi|24 5833 5953 502 gi|44 37817 37931
msp 1346 s 459 79.6 1 195 gi|24 5834 6058 563 gi|48 21958 22182
msp 1348 s 269 73.3 -1 195 gi|24 5836 5951 290 gi|31 19380 19498
msp 329 s 690 71.5 -1 584 gi|5 36880 37527 195 gi|24 5847 6495
msp 1319 s 290 76.5 1 185 gi|23 19253 19414 195 gi|24 5861 6022
msp 325 s 269 80.7 -1 583 gi|5 36504 36627 195 gi|24 5914 6033
msp 1350 s 284 70.5 -1 195 gi|24 6329 6467 289 gi|31 18876 19020
msp 335 s 317 76.2 -1 585 gi|5 37867 37967 195 gi|24 6365 6465
msp 1352 s 275 80.5 1 195 gi|24 6616 6810 566 gi|48 32200 32406
msp 1354 s 612 75.8 1 195 gi|24 6638 6968 563 gi|48 21056 21390
msp 247 s 268 82.4 -1 12 gi|1 24816 25014 195 gi|24 6669 6858
msp 323 s 261 73.0 -1 583 gi|5 36479 36630 195 gi|24 6748 6896
