index 216
frag gi|25 35343 35935
img_no 10
msp 967 s 395 78.2 -1 115 gi|18 487 771 216 gi|25 35343 35638
msp 1510 s 282 67.7 -1 216 gi|25 35354 35520 478 gi|42 27577 27743
msp 1512 s 261 76.3 -1 216 gi|25 35384 35522 520 gi|46 2442 2586
msp 1514 s 281 70.5 -1 216 gi|25 35418 35600 530 gi|46 29541 29715
msp 1516 s 254 76.5 1 216 gi|25 35422 35523 222 gi|26 20708 20806
msp 1159 s 257 80.8 1 151 gi|20 35113 35565 216 gi|25 35423 35907
msp 1518 s 267 72.4 -1 216 gi|25 35438 35524 516 gi|45 28335 28421
msp 645 s 255 73.0 1 640 gi|9 26220 26378 216 gi|25 35460 35611
msp 1520 s 253 77.2 -1 216 gi|25 35664 35935 480 gi|42 32192 32467
msp 1522 s 250 80.4 1 216 gi|25 35859 35914 293 gi|31 25583 25641
