index 222
frag gi|26 20592 21036
img_no 21
msp 1388 s 529 78.2 -1 222 gi|26 20592 20825 566 gi|48 32282 32518
msp 1219 s 524 79.5 1 172 gi|22 24716 25085 222 gi|26 20629 20983
msp 1390 s 551 78.0 -1 222 gi|26 20649 20834 516 gi|45 28308 28493
msp 249 s 482 77.4 1 12 gi|1 24818 25003 222 gi|26 20649 20834
msp 1495 s 285 76.2 1 215 gi|25 34678 34849 222 gi|26 20685 20856
msp 971 s 453 74.9 -1 115 gi|18 522 700 222 gi|26 20697 20875
msp 1517 s 254 76.5 1 216 gi|25 35422 35523 222 gi|26 20708 20806
msp 545 s 386 72.3 -1 629 gi|8 28740 28851 222 gi|26 20719 20830
msp 1161 s 398 77.2 1 151 gi|20 35136 35403 222 gi|26 20721 20990
msp 1392 s 508 74.0 -1 222 gi|26 20722 20983 399 gi|38 34327 34591
msp 411 s 282 76.3 1 615 gi|7 32216 32329 222 gi|26 20722 20837
msp 1394 s 276 76.7 1 222 gi|26 20723 20885 290 gi|31 19380 19545
msp 635 s 308 75.2 1 640 gi|9 26200 26352 222 gi|26 20723 20869
msp 1297 s 278 73.3 -1 181 gi|23 15065 15199 222 gi|26 20724 20858
msp 1396 s 254 68.3 -1 222 gi|26 20724 20824 534 gi|47 1370 1470
msp 1398 s 524 77.1 1 222 gi|26 20727 21036 545 gi|47 22954 23275
msp 1400 s 365 77.4 -1 222 gi|26 20727 20863 520 gi|46 2381 2520
msp 1402 s 279 69.5 1 222 gi|26 20727 20831 276 gi|30 37288 37392
msp 1459 s 311 79.0 1 202 gi|25 4906 5000 222 gi|26 20728 20822
msp 1404 s 407 81.5 -1 222 gi|26 20728 20819 480 gi|42 32552 32643
msp 1406 s 253 80.8 1 222 gi|26 20773 20819 393 gi|38 24453 24499
