index 230
frag gi|27 55 24567
img_no 23
msp 1424 s 227978 98.6 1 230 gi|27 55 24567 241 gi|28 15716 40245
msp 1426 s 447 48.7 1 230 gi|27 55 173 240 gi|28 15609 15728
msp 1428 s 406 47.1 1 230 gi|27 55 173 239 gi|28 15503 15622
msp 1430 s 318 84.6 1 230 gi|27 3252 3316 531 gi|46 30440 30504
msp 903 s 352 69.8 1 84 gi|15 18662 19055 230 gi|27 4994 5383
msp 1432 s 983 75.4 -1 230 gi|27 7093 9060 414 gi|39 22634 24566
msp 1434 s 464 70.8 -1 230 gi|27 8729 9060 483 gi|43 2675 3006
msp 935 s 439 70.8 -1 127 gi|19 17101 17432 230 gi|27 8729 9060
msp 857 s 488 69.5 1 65 gi|14 4441 4847 230 gi|27 9620 10026
msp 285 s 628 71.9 1 572 gi|5 13791 14456 230 gi|27 10861 11512
msp 289 s 381 73.7 1 573 gi|5 14657 14808 230 gi|27 11725 11876
msp 119 s 22789 95.9 1 261 gi|3 5967 8645 230 gi|27 12400 15067
msp 1436 s 22939 96.4 1 230 gi|27 12409 15062 390 gi|38 17979 20643
msp 791 s 22707 97.0 -1 95 gi|16 22118 24747 230 gi|27 12410 15065
msp 1438 s 23180 97.1 1 230 gi|27 12410 15064 350 gi|34 27168 29839
msp 1440 s 930 98.3 1 230 gi|27 12410 12524 305 gi|32 8874 8989
msp 1442 s 22111 96.8 1 230 gi|27 12505 15064 307 gi|32 10221 12803
msp 1371 s 763 75.7 1 217 gi|26 2004 2851 230 gi|27 12810 13629
msp 1383 s 284 68.2 1 218 gi|26 3436 3658 230 gi|27 14091 14322
msp 1444 s 2007 90.9 -1 230 gi|27 14803 15065 416 gi|39 27664 27926
msp 491 s 323 77.1 -1 621 gi|8 8345 8484 230 gi|27 17754 17893
msp 499 s 267 69.0 -1 624 gi|8 10481 10593 230 gi|27 17781 17893
msp 781 s 1002 76.6 -1 92 gi|16 3801 4940 230 gi|27 21681 22874
