index 241
frag gi|28 15716 40245
img_no 21
msp 1425 s 227978 98.6 1 230 gi|27 55 24567 241 gi|28 15716 40245
msp 1536 s 318 84.6 1 241 gi|28 18930 18994 531 gi|46 30440 30504
msp 901 s 352 69.8 1 84 gi|15 18662 19055 241 gi|28 20672 21061
msp 1538 s 983 75.4 -1 241 gi|28 22771 24738 414 gi|39 22634 24566
msp 1540 s 464 70.8 -1 241 gi|28 24407 24738 483 gi|43 2675 3006
msp 937 s 439 70.8 -1 127 gi|19 17101 17432 241 gi|28 24407 24738
msp 855 s 488 69.5 1 65 gi|14 4441 4847 241 gi|28 25298 25704
msp 283 s 628 71.9 1 572 gi|5 13791 14456 241 gi|28 26539 27190
msp 287 s 381 73.7 1 573 gi|5 14657 14808 241 gi|28 27403 27554
msp 117 s 22789 95.9 1 261 gi|3 5967 8645 241 gi|28 28078 30745
msp 1542 s 22939 96.4 1 241 gi|28 28087 30740 390 gi|38 17979 20643
msp 789 s 22707 97.0 -1 95 gi|16 22118 24747 241 gi|28 28088 30743
msp 1544 s 23180 97.1 1 241 gi|28 28088 30742 350 gi|34 27168 29839
msp 1546 s 930 98.3 1 241 gi|28 28088 28202 305 gi|32 8874 8989
msp 1548 s 22111 96.8 1 241 gi|28 28183 30742 307 gi|32 10221 12803
msp 1369 s 763 75.7 1 217 gi|26 2004 2851 241 gi|28 28488 29307
msp 1381 s 284 68.2 1 218 gi|26 3436 3658 241 gi|28 29769 30000
msp 1550 s 2007 90.9 -1 241 gi|28 30481 30743 416 gi|39 27664 27926
msp 489 s 323 77.1 -1 621 gi|8 8345 8484 241 gi|28 33432 33571
msp 497 s 267 69.0 -1 624 gi|8 10481 10593 241 gi|28 33459 33571
msp 779 s 1002 76.6 -1 92 gi|16 3801 4940 241 gi|28 37359 38552
