index 253
frag gi|29 28413 30135
img_no 8
msp 747 s 13171 93.0 -1 49 gi|12 33149 34814 253 gi|29 28413 30087
msp 1590 s 447 80.2 1 253 gi|29 28484 28574 311 gi|32 16900 16988
msp 377 s 317 91.7 -1 613 gi|7 26563 26610 253 gi|29 28484 28528
msp 739 s 416 81.0 1 49 gi|12 33105 33188 253 gi|29 28489 28574
msp 1592 s 13160 93.5 1 253 gi|29 28490 30135 500 gi|44 32236 33903
msp 1596 s 13054 93.2 -1 253 gi|29 28490 30102 311 gi|32 16929 18547
msp 1594 s 441 80.0 -1 253 gi|29 28490 28574 500 gi|44 33795 33878
msp 1598 s 286 91.7 -1 253 gi|29 28490 28525 458 gi|41 19064 19099
