index 254
frag gi|29 30089 30833
img_no 8
msp 361 s 3334 84.9 1 613 gi|7 25882 26601 254 gi|29 30089 30801
msp 733 s 375 86.2 -1 49 gi|12 33074 33167 254 gi|29 30733 30833
msp 1600 s 358 88.4 1 254 gi|29 30733 30801 500 gi|44 33817 33878
msp 1602 s 358 88.4 -1 254 gi|29 30733 30801 311 gi|32 16905 16966
msp 1606 s 354 86.8 1 254 gi|29 30764 30831 311 gi|32 18510 18575
msp 753 s 301 90.2 1 49 gi|12 34710 34750 254 gi|29 30764 30804
msp 1604 s 323 94.9 -1 254 gi|29 30764 30802 500 gi|44 32235 32273
msp 1608 s 316 92.5 1 254 gi|29 30766 30805 458 gi|41 19064 19103
