index 261
frag gi|3 5967 8649
img_no 10
msp 116 s 22789 95.9 1 261 gi|3 5967 8645 241 gi|28 28078 30745
msp 118 s 22789 95.9 1 261 gi|3 5967 8645 230 gi|27 12400 15067
msp 122 s 22520 96.3 -1 261 gi|3 5973 8642 95 gi|16 22118 24750
msp 120 s 23010 95.8 1 261 gi|3 5973 8640 390 gi|38 17976 20643
msp 124 s 22792 95.5 1 261 gi|3 5977 8649 350 gi|34 27168 29847
msp 126 s 930 98.3 1 261 gi|3 5977 6091 305 gi|32 8874 8989
msp 128 s 22146 96.4 1 261 gi|3 6072 8640 307 gi|32 10221 12801
msp 130 s 875 74.3 1 261 gi|3 6374 7207 217 gi|26 2003 2851
msp 132 s 325 69.8 1 261 gi|3 7669 7900 218 gi|26 3436 3658
msp 134 s 2083 93.1 -1 261 gi|3 8381 8641 416 gi|39 27666 27926
