index 276
frag gi|30 37012 38691
img_no 18
msp 1638 s 2489 74.8 -1 276 gi|30 37012 38691 534 gi|47 14 1710
msp 985 s 296 67.7 -1 115 gi|18 576 826 276 gi|30 37132 37382
msp 1640 s 291 71.3 -1 276 gi|30 37252 37380 516 gi|45 28323 28451
msp 553 s 329 74.0 -1 629 gi|8 28743 28869 276 gi|30 37262 37388
msp 1307 s 263 68.9 -1 181 gi|23 15104 15206 276 gi|30 37276 37380
msp 261 s 338 73.0 1 12 gi|1 24896 25043 276 gi|30 37288 37440
msp 1403 s 279 69.5 1 222 gi|26 20727 20831 276 gi|30 37288 37392
msp 641 s 282 68.6 1 640 gi|9 26204 26308 276 gi|30 37288 37392
msp 1642 s 280 69.5 1 276 gi|30 37288 37382 545 gi|47 22954 23048
msp 979 s 459 69.3 -1 115 gi|18 563 819 276 gi|30 38141 38397
msp 1644 s 326 73.0 -1 276 gi|30 38171 38385 516 gi|45 28320 28531
msp 1646 s 299 75.6 -1 276 gi|30 38173 38573 519 gi|46 1422 1804
msp 1648 s 329 76.0 -1 276 gi|30 38174 38481 399 gi|38 34404 34699
msp 1221 s 330 73.0 1 172 gi|22 24735 24923 276 gi|30 38196 38387
msp 1151 s 251 71.0 1 151 gi|20 35052 35251 276 gi|30 38200 38398
msp 1650 s 640 73.0 -1 276 gi|30 38203 38568 534 gi|47 1192 1554
msp 1293 s 275 74.5 -1 181 gi|23 14886 15206 276 gi|30 38278 38609
msp 551 s 331 68.3 -1 629 gi|8 28743 28843 276 gi|30 38290 38390
