index 281
frag gi|31 4507 6193
img_no 10
msp 1660 s 2668 99.3 -1 281 gi|31 4507 4806 543 gi|47 21549 21844
msp 1662 s 2633 99.0 1 281 gi|31 4507 4806 550 gi|47 33817 34114
msp 821 s 15430 99.2 -1 53 gi|13 5812 7490 281 gi|31 4509 6193
msp 851 s 15377 99.0 1 63 gi|13 28924 30597 281 gi|31 4521 6193
msp 313 s 2648 100.0 1 578 gi|5 23730 24015 281 gi|31 4521 4806
msp 993 s 2648 100.0 -1 116 gi|18 3320 3605 281 gi|31 4521 4806
msp 659 s 4323 94.0 1 644 gi|9 30591 31122 281 gi|31 4525 5056
msp 1664 s 289 87.5 -1 281 gi|31 4525 4572 420 gi|39 36529 36575
msp 1565 s 254 85.1 1 245 gi|29 12772 12818 281 gi|31 4540 4590
msp 1666 s 11596 98.6 1 281 gi|31 4913 6186 314 gi|32 22453 23727
