index 284
frag gi|31 11167 12909
img_no 16
msp 1670 s 1522 77.1 1 284 gi|31 11167 12416 438 gi|40 2206 3458
msp 1672 s 1201 75.2 1 284 gi|31 11174 12572 524 gi|46 14313 15687
msp 1674 s 267 81.7 -1 284 gi|31 11179 11282 517 gi|45 37816 37912
msp 1676 s 5773 77.4 1 284 gi|31 11210 12842 339 gi|33 34170 35812
msp 563 s 3579 79.0 -1 630 gi|8 30898 32579 284 gi|31 11211 12878
msp 1678 s 4699 78.6 1 284 gi|31 11267 12909 521 gi|46 6680 8316
msp 1680 s 5889 79.2 1 284 gi|31 11268 12841 338 gi|33 32329 33918
msp 33 s 1088 75.4 1 431 gi|4 24732 25178 284 gi|31 11321 11812
msp 1267 s 2609 73.7 1 178 gi|23 8052 9562 284 gi|31 11326 12837
msp 1682 s 2390 74.8 1 284 gi|31 11365 12838 340 gi|33 36201 37680
msp 1684 s 1495 77.1 1 284 gi|31 11421 12706 363 gi|35 31880 33192
msp 1686 s 1279 75.7 1 284 gi|31 11603 11911 336 gi|33 31010 31321
msp 1477 s 656 81.0 -1 208 gi|25 20595 20741 284 gi|31 11774 11920
msp 63 s 823 71.6 1 432 gi|4 25174 25536 284 gi|31 11919 12287
msp 1688 s 1867 75.5 1 284 gi|31 12116 12843 337 gi|33 31310 32039
msp 79 s 526 75.8 1 433 gi|4 25469 25984 284 gi|31 12301 12841
