index 336
frag gi|33 30953 31339
img_no 9
msp 583 s 1400 77.7 -1 630 gi|8 31875 32232 336 gi|33 30953 31319
msp 1800 s 688 73.1 1 336 gi|33 30983 31294 438 gi|40 2623 2929
msp 1802 s 602 81.0 1 336 gi|33 31002 31333 363 gi|35 32046 32388
msp 1273 s 986 75.5 1 178 gi|23 8329 8654 336 gi|33 31010 31335
msp 1687 s 1279 75.7 1 284 gi|31 11603 11911 336 gi|33 31010 31321
msp 47 s 811 71.8 1 431 gi|4 24977 25178 336 gi|33 31018 31219
msp 1804 s 1761 81.2 1 336 gi|33 31021 31329 521 gi|46 7024 7334
msp 1806 s 594 80.3 1 336 gi|33 31061 31339 524 gi|46 14781 15059
msp 1483 s 879 82.3 -1 208 gi|25 20597 20749 336 gi|33 31173 31325
