index 337
frag gi|33 31300 32110
img_no 8
msp 67 s 461 81.0 1 432 gi|4 25350 25486 337 gi|33 31300 31436
msp 1689 s 1867 75.5 1 284 gi|31 12116 12843 337 gi|33 31310 32039
msp 565 s 1135 73.6 -1 630 gi|8 30912 31654 337 gi|33 31312 32063
msp 1808 s 316 73.2 1 337 gi|33 31331 31796 438 gi|40 3179 3626
msp 1810 s 1845 75.4 1 337 gi|33 31332 32034 521 gi|46 7554 8262
msp 75 s 766 79.3 1 433 gi|4 25453 25989 337 gi|33 31515 32044
msp 1277 s 791 78.3 1 178 gi|23 9170 9580 337 gi|33 31648 32048
msp 1812 s 481 80.3 1 337 gi|33 31721 32110 363 gi|35 32991 33396
