index 363
frag gi|35 31668 33396
img_no 16
msp 571 s 1824 77.2 -1 630 gi|8 30923 32592 363 gi|35 31668 33348
msp 1825 s 1976 76.7 1 339 gi|33 34172 35886 363 gi|35 31673 33395
msp 1815 s 1618 77.1 1 338 gi|33 32279 33918 363 gi|35 31673 33333
msp 1831 s 1024 74.6 1 340 gi|33 36073 36902 363 gi|35 31711 32528
msp 1261 s 1332 72.8 1 178 gi|23 8013 9567 363 gi|35 31743 33333
msp 1655 s 310 74.5 1 278 gi|31 2913 3171 363 gi|35 31776 32024
msp 1878 s 1758 76.4 1 363 gi|35 31871 33394 521 gi|46 6822 8315
msp 1685 s 1495 77.1 1 284 gi|31 11421 12706 363 gi|35 31880 33192
msp 1880 s 1788 75.8 1 363 gi|35 31880 32859 438 gi|40 2466 3430
msp 1882 s 1058 75.7 1 363 gi|35 31880 32563 524 gi|46 14548 15243
msp 41 s 744 78.1 1 431 gi|4 24858 25217 363 gi|35 31948 32308
msp 1803 s 602 81.0 1 336 gi|33 31002 31333 363 gi|35 32046 32388
msp 1481 s 271 86.8 -1 208 gi|25 20596 20724 363 gi|35 32262 32381
msp 61 s 267 72.6 1 432 gi|4 25172 25437 363 gi|35 32376 32665
msp 1839 s 419 77.9 1 340 gi|33 37180 37590 363 gi|35 32815 33237
msp 1813 s 481 80.3 1 337 gi|33 31721 32110 363 gi|35 32991 33396
