index 390
frag gi|38 17976 20651
img_no 11
msp 121 s 23010 95.8 1 261 gi|3 5973 8640 390 gi|38 17976 20643
msp 1437 s 22939 96.4 1 230 gi|27 12409 15062 390 gi|38 17979 20643
msp 1543 s 22939 96.4 1 241 gi|28 28087 30740 390 gi|38 17979 20643
msp 1851 s 23020 96.2 1 350 gi|34 27168 29836 390 gi|38 17980 20642
msp 793 s 23435 98.1 -1 95 gi|16 22123 24747 390 gi|38 17980 20641
msp 1735 s 925 97.4 1 305 gi|32 8874 8989 390 gi|38 17980 18094
msp 1741 s 22888 97.9 1 307 gi|32 10221 12809 390 gi|38 18075 20651
msp 1365 s 774 75.1 1 217 gi|26 2004 2401 390 gi|38 18378 18779
msp 1375 s 287 71.3 1 217 gi|26 2629 2851 390 gi|38 18991 19210
msp 1385 s 260 69.9 1 218 gi|26 3443 3658 390 gi|38 19685 19903
msp 1942 s 2001 91.5 -1 390 gi|38 20384 20643 416 gi|39 27667 27926
