index 392
frag gi|38 22409 23130
img_no 9
msp 1944 s 433 76.2 1 392 gi|38 22409 22580 472 gi|42 19753 19924
msp 1335 s 739 73.1 -1 189 gi|23 25699 25988 392 gi|38 22411 22700
msp 381 s 1133 74.6 1 614 gi|7 30248 30901 392 gi|38 22413 23062
msp 1613 s 607 71.6 1 270 gi|30 1015 1651 392 gi|38 22422 23058
msp 1103 s 795 72.0 1 143 gi|20 16844 17122 392 gi|38 22422 22700
msp 1621 s 410 71.1 1 271 gi|30 2836 3098 392 gi|38 22439 22701
msp 1125 s 298 71.1 1 144 gi|20 18763 19125 392 gi|38 22483 22839
msp 1111 s 623 78.9 1 143 gi|20 17291 17555 392 gi|38 22863 23130
msp 197 s 260 82.9 1 7 gi|1 14738 14854 392 gi|38 22989 23108
