index 393
frag gi|38 24152 24915
img_no 16
msp 1113 s 469 73.9 1 144 gi|20 18649 19342 393 gi|38 24152 24856
msp 401 s 701 73.0 1 615 gi|7 31997 32729 393 gi|38 24180 24915
msp 1109 s 264 71.8 1 143 gi|20 16857 17300 393 gi|38 24228 24671
msp 1329 s 393 72.6 -1 189 gi|23 25676 25952 393 gi|38 24243 24516
msp 1946 s 353 73.4 -1 393 gi|38 24243 24509 519 gi|46 1588 1863
msp 1617 s 368 76.8 1 270 gi|30 1042 1317 393 gi|38 24245 24514
msp 1948 s 393 78.2 -1 393 gi|38 24302 24503 516 gi|45 28319 28529
msp 1227 s 329 81.1 1 172 gi|22 24779 24921 393 gi|38 24360 24502
msp 391 s 284 74.3 1 614 gi|7 30439 30547 393 gi|38 24397 24505
msp 1950 s 282 76.9 -1 393 gi|38 24398 24540 566 gi|48 32242 32389
msp 631 s 251 74.8 1 640 gi|9 26200 26306 393 gi|38 24403 24509
msp 1301 s 256 81.0 -1 181 gi|23 15100 15199 393 gi|38 24404 24503
msp 981 s 300 81.8 -1 115 gi|18 575 673 393 gi|38 24404 24502
msp 1457 s 312 73.1 1 202 gi|25 4904 5033 393 gi|38 24406 24535
msp 1561 s 289 76.6 -1 243 gi|29 6069 6145 393 gi|38 24426 24502
msp 1407 s 253 80.8 1 222 gi|26 20773 20819 393 gi|38 24453 24499
