index 399
frag gi|38 34057 34877
img_no 22
msp 1287 s 577 77.0 1 181 gi|23 14644 15199 399 gi|38 34057 34589
msp 1952 s 609 72.2 -1 399 gi|38 34067 34699 545 gi|47 22841 23470
msp 525 s 270 79.9 1 629 gi|8 28304 28581 399 gi|38 34073 34345
msp 1954 s 389 71.5 1 399 gi|38 34074 34586 534 gi|47 928 1467
msp 1956 s 1246 74.3 1 399 gi|38 34080 34877 566 gi|48 31877 32677
msp 1555 s 360 71.8 1 243 gi|29 5674 6148 399 gi|38 34087 34570
msp 219 s 1477 73.4 -1 12 gi|1 24687 25390 399 gi|38 34089 34795
msp 1958 s 2109 76.6 1 399 gi|38 34096 34813 516 gi|45 27925 28643
msp 1960 s 530 74.9 1 399 gi|38 34104 34585 480 gi|42 32147 32643
msp 959 s 709 76.6 1 115 gi|18 220 804 399 gi|38 34148 34717
msp 1962 s 629 75.8 1 399 gi|38 34152 34753 520 gi|46 2080 2687
msp 1211 s 985 76.6 -1 172 gi|22 24712 25246 399 gi|38 34155 34700
msp 1145 s 410 75.0 -1 151 gi|20 34901 35445 399 gi|38 34282 34805
msp 629 s 595 77.6 -1 640 gi|9 26200 26511 399 gi|38 34282 34590
msp 1393 s 508 74.0 -1 222 gi|26 20722 20983 399 gi|38 34327 34591
msp 1649 s 329 76.0 -1 276 gi|30 38174 38481 399 gi|38 34404 34699
msp 537 s 429 77.6 1 629 gi|8 28689 28880 399 gi|38 34432 34614
msp 1707 s 305 78.7 -1 290 gi|31 19380 19520 399 gi|38 34451 34590
msp 1045 s 376 78.0 1 110 gi|17 28948 29161 399 gi|38 34456 34666
msp 1964 s 254 70.3 1 399 gi|38 34474 34766 534 gi|47 303 598
msp 1129 s 262 74.8 -1 144 gi|20 18844 18986 399 gi|38 34494 34624
msp 1966 s 264 75.0 1 399 gi|38 34495 34666 508 gi|45 6901 7072
