index 416
frag gi|39 27628 27962
img_no 7
msp 1853 s 2100 90.0 -1 350 gi|34 29551 29881 416 gi|39 27628 27962
msp 785 s 2067 92.5 1 95 gi|16 22116 22380 416 gi|39 27662 27926
msp 1745 s 2054 91.1 -1 307 gi|32 12515 12806 416 gi|39 27663 27962
msp 1445 s 2007 90.9 -1 230 gi|27 14803 15065 416 gi|39 27664 27926
msp 1551 s 2007 90.9 -1 241 gi|28 30481 30743 416 gi|39 27664 27926
msp 135 s 2083 93.1 -1 261 gi|3 8381 8641 416 gi|39 27666 27926
msp 1943 s 2001 91.5 -1 390 gi|38 20384 20643 416 gi|39 27667 27926
