index 432
frag gi|4 25155 25537
img_no 9
msp 48 s 432 71.3 1 432 gi|4 25155 25450 438 gi|40 2945 3246
msp 54 s 611 76.5 1 432 gi|4 25160 25537 521 gi|46 7308 7709
msp 50 s 886 74.3 1 432 gi|4 25160 25474 339 gi|33 34859 35189
msp 52 s 793 77.1 1 432 gi|4 25160 25474 338 gi|33 32966 33296
msp 56 s 487 80.1 -1 432 gi|4 25165 25461 630 gi|8 31568 31883
msp 60 s 267 72.6 1 432 gi|4 25172 25437 363 gi|35 32376 32665
msp 62 s 823 71.6 1 432 gi|4 25174 25536 284 gi|31 11919 12287
msp 64 s 333 73.9 1 432 gi|4 25178 25483 340 gi|33 36756 37070
msp 66 s 461 81.0 1 432 gi|4 25350 25486 337 gi|33 31300 31436
