index 438
frag gi|40 2206 3902
img_no 16
msp 1671 s 1522 77.1 1 284 gi|31 11167 12416 438 gi|40 2206 3458
msp 1892 s 864 75.4 1 438 gi|40 2280 3814 524 gi|46 14365 15879
msp 1894 s 1926 74.8 1 438 gi|40 2308 3894 521 gi|46 6674 8268
msp 575 s 1744 75.2 -1 630 gi|8 30930 32515 438 gi|40 2314 3902
msp 1821 s 1740 75.1 1 338 gi|33 32340 33920 438 gi|40 2314 3894
msp 1827 s 2067 75.7 1 339 gi|33 34236 35809 438 gi|40 2321 3890
msp 1259 s 1652 74.6 1 178 gi|23 8010 9572 438 gi|40 2323 3893
msp 1835 s 1135 75.4 1 340 gi|33 36248 37367 438 gi|40 2457 3564
msp 1881 s 1788 75.8 1 363 gi|35 31880 32859 438 gi|40 2466 3430
msp 45 s 604 75.5 1 431 gi|4 24870 25179 438 gi|40 2546 2867
msp 1801 s 688 73.1 1 336 gi|33 30983 31294 438 gi|40 2623 2929
msp 1635 s 319 78.0 -1 274 gi|30 34028 34136 438 gi|40 2884 2997
msp 49 s 432 71.3 1 432 gi|4 25155 25450 438 gi|40 2945 3246
msp 1809 s 316 73.2 1 337 gi|33 31331 31796 438 gi|40 3179 3626
msp 73 s 337 75.2 1 433 gi|4 25446 25800 438 gi|40 3344 3686
msp 149 s 268 81.4 1 267 gi|3 20704 20843 438 gi|40 3610 3741
