index 446
frag gi|40 11385 11868
img_no 7
msp 881 s 368 75.5 -1 79 gi|15 6418 6744 446 gi|40 11385 11746
msp 689 s 333 79.7 -1 28 gi|11 6355 6507 446 gi|40 11459 11607
msp 1717 s 262 74.1 -1 294 gi|31 26388 26557 446 gi|40 11506 11674
msp 1721 s 685 100.0 -1 295 gi|31 26634 26707 446 gi|40 11531 11604
msp 1715 s 269 77.8 -1 294 gi|31 26290 26559 446 gi|40 11575 11852
msp 691 s 331 78.0 -1 28 gi|11 6358 6480 446 gi|40 11739 11862
msp 1719 s 701 98.8 -1 295 gi|31 26626 26712 446 gi|40 11786 11868
