index 480
frag gi|42 32099 32777
img_no 19
msp 521 s 313 72.9 1 629 gi|8 28279 28581 480 gi|42 32099 32406
msp 1163 s 362 70.7 -1 151 gi|20 35144 35648 480 gi|42 32133 32643
msp 227 s 475 70.5 -1 12 gi|1 24763 25376 480 gi|42 32146 32777
msp 1961 s 530 74.9 1 399 gi|38 34104 34585 480 gi|42 32147 32643
msp 2016 s 490 76.0 1 480 gi|42 32179 32727 566 gi|48 31918 32460
msp 2018 s 433 76.8 1 480 gi|42 32179 32643 516 gi|45 27970 28414
msp 953 s 426 76.1 1 115 gi|18 194 753 480 gi|42 32180 32727
msp 1521 s 253 77.2 -1 216 gi|25 35664 35935 480 gi|42 32192 32467
msp 1557 s 285 73.3 1 243 gi|29 5745 6149 480 gi|42 32213 32629
msp 2020 s 302 78.0 -1 480 gi|42 32216 32729 515 gi|45 23474 23987
msp 1225 s 387 74.6 -1 172 gi|22 24746 25214 480 gi|42 32241 32727
msp 2022 s 251 85.9 1 480 gi|42 32494 32628 501 gi|44 35296 35421
msp 2024 s 331 72.0 1 480 gi|42 32535 32727 534 gi|47 306 498
msp 2026 s 332 77.6 -1 480 gi|42 32537 32643 545 gi|47 22955 23061
msp 1199 s 255 78.2 -1 168 gi|22 15495 15650 480 gi|42 32541 32681
msp 561 s 288 72.4 1 629 gi|8 28747 28909 480 gi|42 32549 32719
msp 1305 s 277 78.3 1 181 gi|23 15104 15195 480 gi|42 32552 32643
msp 1405 s 407 81.5 -1 222 gi|26 20728 20819 480 gi|42 32552 32643
msp 1623 s 258 79.0 -1 271 gi|30 3028 3103 480 gi|42 32552 32624
