index 483
frag gi|43 1 16966
img_no 9
msp 927 s 157276 99.9 1 127 gi|19 14427 31250 483 gi|43 1 16966
msp 1081 s 349 77.7 1 137 gi|20 7376 7496 483 gi|43 1534 1653
msp 1143 s 555 75.1 1 149 gi|20 32149 32589 483 gi|43 2656 3092
msp 1921 s 533 72.2 1 414 gi|39 22628 22979 483 gi|43 2673 3020
msp 1435 s 464 70.8 -1 230 gi|27 8729 9060 483 gi|43 2675 3006
msp 1541 s 464 70.8 -1 241 gi|28 24407 24738 483 gi|43 2675 3006
msp 1611 s 272 89.9 1 258 gi|29 40144 40212 483 gi|43 6061 6150
msp 23 s 2006 75.5 1 429 gi|4 20561 22070 483 gi|43 11857 13354
msp 1795 s 299 78.7 -1 332 gi|33 24029 24122 483 gi|43 12125 12224
