index 50
frag gi|12 37905 40245
img_no 11
msp 756 s 20570 97.8 -1 50 gi|12 37905 40245 81 gi|15 10174 12527
msp 758 s 17301 98.1 -1 50 gi|12 37980 39939 296 gi|31 29953 31927
msp 760 s 258 90.0 1 50 gi|12 38149 38188 296 gi|31 29952 29995
msp 762 s 281 94.9 1 50 gi|12 38150 38188 81 gi|15 10480 10522
msp 764 s 287 95.3 1 50 gi|12 39897 39939 81 gi|15 12230 12268
msp 766 s 287 95.3 1 50 gi|12 39897 39939 296 gi|31 31704 31742
msp 768 s 292 82.8 -1 50 gi|12 39956 40013 80 gi|15 6783 6839
msp 770 s 268 70.0 -1 50 gi|12 40088 40167 80 gi|15 6770 6850
msp 772 s 451 81.8 -1 50 gi|12 40091 40178 79 gi|15 6451 6538
msp 774 s 434 82.4 -1 50 gi|12 40094 40184 294 gi|31 26437 26528
msp 776 s 499 98.4 -1 50 gi|12 40185 40245 295 gi|31 29886 29946
