index 500
frag gi|44 32223 33903
img_no 14
msp 371 s 333 90.3 -1 613 gi|7 26557 26618 500 gi|44 32223 32281
msp 737 s 14935 98.7 -1 49 gi|12 33104 34748 500 gi|44 32235 33880
msp 1749 s 14823 98.2 -1 311 gi|32 16904 18548 500 gi|44 32235 33879
msp 1605 s 323 94.9 -1 254 gi|29 30764 30802 500 gi|44 32235 32273
msp 1593 s 13160 93.5 1 253 gi|29 28490 30135 500 gi|44 32236 33903
msp 1751 s 385 75.0 1 311 gi|32 16905 16988 500 gi|44 32236 32320
msp 741 s 356 75.9 1 49 gi|12 33106 33188 500 gi|44 32236 32320
msp 1907 s 291 94.4 -1 458 gi|41 19064 19099 500 gi|44 32236 32271
msp 1595 s 441 80.0 -1 253 gi|29 28490 28574 500 gi|44 33795 33878
msp 1755 s 367 75.3 1 311 gi|32 18463 18547 500 gi|44 33795 33878
msp 749 s 338 74.1 1 49 gi|12 34663 34747 500 gi|44 33795 33878
msp 365 s 390 90.1 1 613 gi|7 26533 26603 500 gi|44 33817 33880
msp 1601 s 358 88.4 1 254 gi|29 30733 30801 500 gi|44 33817 33878
msp 1909 s 266 91.4 1 458 gi|41 19065 19099 500 gi|44 33844 33878
