index 520
frag gi|46 2080 2690
img_no 16
msp 1963 s 629 75.8 1 399 gi|38 34152 34753 520 gi|46 2080 2687
msp 1709 s 367 71.7 -1 290 gi|31 19382 19554 520 gi|46 2342 2522
msp 1401 s 365 77.4 -1 222 gi|26 20727 20863 520 gi|46 2381 2520
msp 1925 s 327 77.5 1 417 gi|39 27962 28196 520 gi|46 2384 2615
msp 2013 s 272 71.7 1 478 gi|42 27529 27765 520 gi|46 2396 2623
msp 1049 s 274 77.8 1 110 gi|17 28977 29161 520 gi|46 2419 2600
msp 555 s 266 67.3 1 629 gi|8 28744 28847 520 gi|46 2421 2524
msp 1149 s 357 73.6 -1 151 gi|20 35029 35240 520 gi|46 2423 2634
msp 2011 s 419 79.0 1 516 gi|45 28319 28556 520 gi|46 2424 2664
msp 983 s 323 68.2 1 115 gi|18 575 841 520 gi|46 2425 2688
msp 2032 s 266 83.4 1 520 gi|46 2425 2605 566 gi|48 32285 32465
msp 1233 s 393 80.6 -1 172 gi|22 24824 24921 520 gi|46 2425 2522
msp 223 s 295 71.7 -1 12 gi|1 24726 24990 520 gi|46 2426 2690
msp 1073 s 261 79.3 -1 136 gi|20 6964 7142 520 gi|46 2428 2603
msp 1697 s 250 74.0 -1 288 gi|31 18371 18597 520 gi|46 2434 2660
msp 1513 s 261 76.3 -1 216 gi|25 35384 35522 520 gi|46 2442 2586
