index 550
frag gi|47 33793 34114
img_no 8
msp 1931 s 252 89.1 -1 420 gi|39 36529 36629 550 gi|47 33793 33880
msp 303 s 2618 98.4 1 578 gi|5 23699 24015 550 gi|47 33801 34114
msp 843 s 2678 97.8 1 63 gi|13 28892 29209 550 gi|47 33804 34114
msp 1663 s 2633 99.0 1 281 gi|31 4507 4806 550 gi|47 33817 34114
msp 827 s 2624 99.3 -1 53 gi|13 7199 7489 550 gi|47 33821 34114
msp 1563 s 253 85.5 1 245 gi|29 12750 12818 550 gi|47 33821 33898
msp 997 s 2617 99.3 -1 116 gi|18 3320 3605 550 gi|47 33829 34114
msp 663 s 2188 92.5 1 644 gi|9 30591 30872 550 gi|47 33833 34114
