index 566
frag gi|48 31842 32677
img_no 25
msp 1285 s 539 78.1 1 181 gi|23 14638 15199 566 gi|48 31842 32383
msp 1033 s 311 75.6 1 110 gi|17 28565 29060 566 gi|48 31850 32362
msp 1213 s 865 71.9 -1 172 gi|22 24712 25330 566 gi|48 31856 32494
msp 523 s 570 71.3 1 629 gi|8 28298 28963 566 gi|48 31868 32497
msp 1957 s 1246 74.3 1 399 gi|38 34080 34877 566 gi|48 31877 32677
msp 235 s 1079 75.8 -1 12 gi|1 24776 25378 566 gi|48 31897 32500
msp 2017 s 490 76.0 1 480 gi|42 32179 32727 566 gi|48 31918 32460
msp 957 s 725 75.6 1 115 gi|18 220 772 566 gi|48 31945 32480
msp 2005 s 1581 78.0 1 516 gi|45 27989 28597 566 gi|48 31954 32544
msp 2043 s 550 72.0 -1 545 gi|47 22835 23234 566 gi|48 32100 32499
msp 1703 s 312 75.2 -1 290 gi|31 19170 19565 566 gi|48 32193 32587
msp 1353 s 275 80.5 1 195 gi|24 6616 6810 566 gi|48 32200 32406
msp 2039 s 260 73.0 1 534 gi|47 228 564 566 gi|48 32203 32526
msp 1995 s 267 77.3 1 502 gi|44 37764 37913 566 gi|48 32204 32362
msp 1951 s 282 76.9 -1 393 gi|38 24398 24540 566 gi|48 32242 32389
msp 611 s 301 74.4 -1 640 gi|9 25996 26347 566 gi|48 32243 32588
msp 191 s 255 87.0 -1 7 gi|1 14430 14506 566 gi|48 32252 32337
msp 1167 s 260 79.2 -1 151 gi|20 35156 35261 566 gi|48 32256 32367
msp 2015 s 317 75.9 1 478 gi|42 27553 27718 566 gi|48 32280 32442
msp 1389 s 529 78.2 -1 222 gi|26 20592 20825 566 gi|48 32282 32518
msp 1197 s 262 78.5 -1 168 gi|22 15421 15643 566 gi|48 32285 32510
msp 2033 s 266 83.4 1 520 gi|46 2425 2605 566 gi|48 32285 32465
msp 1491 s 330 75.5 -1 215 gi|25 34661 34815 566 gi|48 32285 32439
msp 1121 s 264 69.7 -1 144 gi|20 18756 18986 566 gi|48 32288 32527
msp 1699 s 301 73.1 -1 288 gi|31 18380 18598 566 gi|48 32293 32512
