index 614
frag gi|7 30216 30942
img_no 10
msp 378 s 753 72.8 -1 614 gi|7 30216 30546 189 gi|23 25690 26013
msp 380 s 1133 74.6 1 614 gi|7 30248 30901 392 gi|38 22413 23062
msp 382 s 630 72.0 1 614 gi|7 30248 30861 270 gi|30 1006 1619
msp 384 s 1018 72.1 1 614 gi|7 30251 30942 143 gi|20 16838 17529
msp 386 s 371 76.5 1 614 gi|7 30257 30418 472 gi|42 19766 19927
msp 388 s 392 71.7 1 614 gi|7 30268 30850 144 gi|20 18713 19295
msp 390 s 284 74.3 1 614 gi|7 30439 30547 393 gi|38 24397 24505
msp 392 s 256 82.9 1 614 gi|7 30458 30568 288 gi|31 18521 18634
msp 394 s 418 72.7 1 614 gi|7 30465 30922 271 gi|30 3027 3484
msp 396 s 275 74.0 1 614 gi|7 30766 30861 473 gi|42 19973 20067
