index 644
frag gi|9 30589 31122
img_no 10
msp 652 s 272 84.0 -1 644 gi|9 30589 30638 420 gi|39 36529 36577
msp 654 s 4339 94.2 -1 644 gi|9 30591 31122 53 gi|13 6949 7480
msp 656 s 4298 93.0 1 644 gi|9 30591 31122 63 gi|13 28928 29459
msp 658 s 4323 94.0 1 644 gi|9 30591 31122 281 gi|31 4525 5056
msp 315 s 2227 94.3 1 578 gi|5 23734 24015 644 gi|9 30591 30872
msp 660 s 2213 94.3 -1 644 gi|9 30591 30872 543 gi|47 21549 21830
msp 662 s 2188 92.5 1 644 gi|9 30591 30872 550 gi|47 33833 34114
msp 664 s 2213 94.3 -1 644 gi|9 30591 30872 116 gi|18 3320 3601
msp 666 s 254 88.2 1 644 gi|9 30606 30656 245 gi|29 12772 12818
msp 668 s 1111 90.3 1 644 gi|9 30979 31122 314 gi|32 22453 22596
