index 95
frag gi|16 22116 24750
img_no 11
msp 784 s 2067 92.5 1 95 gi|16 22116 22380 416 gi|39 27662 27926
msp 786 s 22358 98.1 -1 95 gi|16 22117 24652 307 gi|32 10221 12806
msp 123 s 22520 96.3 -1 261 gi|3 5973 8642 95 gi|16 22118 24750
msp 788 s 22707 97.0 -1 95 gi|16 22118 24747 241 gi|28 28088 30743
msp 790 s 22707 97.0 -1 95 gi|16 22118 24747 230 gi|27 12410 15065
msp 794 s 22609 96.6 -1 95 gi|16 22123 24748 350 gi|34 27167 29835
msp 792 s 23435 98.1 -1 95 gi|16 22123 24747 390 gi|38 17980 20641
msp 796 s 305 69.4 -1 95 gi|16 22823 23054 218 gi|26 3436 3658
msp 798 s 287 70.9 -1 95 gi|16 23516 23735 217 gi|26 2629 2851
msp 800 s 821 75.6 -1 95 gi|16 23947 24348 217 gi|26 2004 2401
msp 802 s 875 95.7 -1 95 gi|16 24633 24748 305 gi|32 8873 8989
