1 154
2 156
3 158
3 160
3 162
3 164
3 166
3 168
4 170
4 172
5 174
5 176
5 178
5 180
6 182
7 184
7 186
7 188
7 190
7 192
7 194
7 196
8 198
9 200
10 202
11 204
11 206
11 210
11 208
11 212
12 214
12 216
12 218
12 220
12 222
12 224
12 226
12 230
12 228
12 232
12 234
12 238
12 236
12 240
12 244
12 246
12 242
12 248
12 250
12 252
12 254
12 256
12 258
12 260
12 262
12 264
12 266
12 268
13 270
14 272
15 274
16 276
16 278
17 672
18 674
19 676
20 678
21 680
22 682
23 607
24 481
25 684
26 157
27 686
28 688
28 690
28 692
29 694
30 696
30 698
31 700
31 702
31 704
32 706
33 153
34 451
35 275
36 708
37 710
37 712
37 714
38 483
39 716
40 89
41 718
42 720
43 473
44 722
45 724
46 726
47 728
48 730
49 732
49 734
49 736
49 367
49 738
49 742
49 740
49 744
49 746
49 750
49 748
49 373
49 752
49 754
50 756
50 758
50 760
50 762
50 764
50 766
50 768
50 770
50 772
50 774
50 776
51 812
51 814
51 816
52 818
53 820
53 822
53 655
53 307
53 828
53 824
53 826
53 830
53 832
54 834
55 139
56 459
57 719
58 836
59 838
60 840
61 723
62 151
63 842
63 844
63 846
63 309
63 848
63 850
63 657
63 852
64 87
65 854
65 856
66 858
67 141
68 860
69 862
70 864
71 866
72 868
72 870
73 872
74 835
75 161
75 874
75 13
75 876
75 878
76 147
76 707
77 201
78 199
79 880
79 773
79 882
79 884
80 771
80 886
80 769
81 757
81 888
81 890
81 763
81 892
81 894
81 765
82 896
83 898
84 900
84 902
85 904
86 7
87 359
88 906
88 908
89 675
90 711
90 910
91 273
92 778
92 780
93 649
94 782
95 784
95 786
95 123
95 788
95 790
95 794
95 792
95 796
95 798
95 800
95 802
96 804
97 806
98 808
99 203
100 810
101 1014
102 531
103 679
104 677
105 1016
106 1018
107 1020
107 1022
107 1024
107 1026
108 1028
109 1030
110 1032
110 503
110 1034
110 1036
110 621
110 1038
110 1040
110 1042
110 539
110 1044
110 1046
110 1048
110 1050
110 1052
110 1054
111 1056
112 1058
112 1060
113 1062
114 1064
114 1066
114 1068
115 221
115 948
115 950
115 952
115 954
115 958
115 956
115 533
115 609
115 960
115 962
115 964
115 1043
115 966
115 968
115 970
115 972
115 974
115 976
115 978
115 982
115 980
115 984
115 986
115 988
115 990
116 305
116 829
116 849
116 994
116 992
116 996
116 665
116 998
117 1000
118 1002
119 1004
120 1006
121 783
122 1008
123 1010
123 729
124 1012
125 912
125 914
125 916
125 918
125 920
126 922
126 924
126 145
127 926
127 928
127 930
127 932
127 934
127 936
127 938
127 25
127 940
127 942
128 944
129 946
130 90
130 92
130 94
130 96
130 98
131 100
132 102
132 104
133 106
134 108
135 1070
136 625
136 1072
136 1074
136 1076
136 1078
137 1080
137 929
137 1082
137 1084
138 433
139 1086
139 1088
140 1090
141 1092
141 1094
141 175
141 173
142 1096
142 163
142 1098
142 875
142 11
143 1100
143 385
143 1102
143 1104
143 1106
143 1108
143 407
143 1110
144 1112
144 1114
144 389
144 1116
144 403
144 1118
144 987
144 1120
144 1122
144 1124
144 229
144 1126
144 1128
144 1130
144 639
144 1132
144 1134
145 1009
145 861
146 519
147 1136
147 1138
148 1140
149 1142
149 931
150 471
151 1144
151 1146
151 1148
151 1047
151 975
151 1150
151 1152
151 1154
151 243
151 1156
151 1158
151 1160
151 557
151 1162
151 1164
151 1168
151 1166
151 1170
151 647
151 1172
152 1174
153 1176
154 1097
154 1178
154 169
154 9
154 1180
154 879
155 1182
156 831
157 101
158 453
159 455
160 457
161 1184
162 731
163 1186
164 819
165 1188
166 1190
166 687
167 1192
168 1194
168 1196
168 241
168 1198
168 973
168 1200
168 1133
168 1171
169 1202
170 1204
171 1206
172 1208
172 1212
172 1210
172 1216
172 951
172 1214
172 1218
172 1220
172 623
172 1222
172 187
172 1224
172 1055
172 1226
172 1228
172 527
172 1230
172 1232
172 1131
172 1234
172 1169
172 1085
172 1236
172 1238
172 269
173 1240
173 811
174 1242
175 1244
175 1246
175 1248
175 1250
176 589
176 1252
177 671
178 1254
178 573
178 1256
178 1258
178 31
178 1260
178 1262
178 1264
178 1266
178 1268
178 1270
178 1272
178 1274
178 59
178 1276
178 83
179 1278
180 1280
180 1282
181 501
181 1284
181 1286
181 1288
181 949
181 1290
181 1292
181 1294
181 1296
181 541
181 1298
181 1300
181 1302
181 619
181 1231
181 259
181 1306
181 1308
181 1304
182 167
182 1181
182 17
182 1310
182 1099
183 21
183 177
183 1312
183 1093
184 183
185 1314
185 1318
185 1316
186 1
186 1320
187 1089
188 1322
188 1324
188 1025
189 1326
189 1115
189 1328
189 1330
189 379
189 1332
189 1107
189 1334
189 1336
190 1338
191 1340
192 463
193 597
194 909
195 695
195 1342
195 1344
195 1346
195 1348
195 329
195 1319
195 325
195 1350
195 335
195 1352
195 1354
195 247
195 323
196 839
197 1356
197 1358
198 1360
199 865
200 1013
201 717
202 1195
202 543
202 1303
202 1454
202 991
202 1456
202 1165
202 1458
202 1460
203 1462
204 345
205 1464
206 1466
207 605
208 1468
208 1470
208 1472
208 1474
208 1275
208 1476
208 1478
208 1480
208 1482
208 585
209 817
210 1205
211 905
212 1484
213 1486
214 1488
215 1492
215 1490
215 1494
215 1235
215 1295
215 643
215 1496
215 1498
215 1500
215 1502
215 1504
215 1506
215 1508
216 967
216 1510
216 1512
216 1514
216 1516
216 1159
216 1518
216 645
216 1520
216 1522
217 131
217 1366
217 1368
217 1370
217 1362
217 1364
217 801
217 1372
217 1374
217 799
218 133
218 1376
218 1378
218 1380
218 1382
218 797
218 1384
219 1003
220 1386
221 1175
222 1388
222 1219
222 1390
222 249
222 1495
222 971
222 1517
222 545
222 1161
222 1392
222 411
222 1394
222 635
222 1297
222 1396
222 1398
222 1400
222 1402
222 1459
222 1404
222 1406
223 417
224 699
224 1408
225 1410
225 1412
225 1069
226 1414
226 357
226 479
227 1416
228 1418
229 1420
229 1422
230 1424
230 1426
230 1428
230 1430
230 903
230 1432
230 1434
230 935
230 857
230 285
230 289
230 119
230 1436
230 791
230 1438
230 1440
230 1442
230 1371
230 1383
230 1444
230 491
230 499
230 781
231 913
231 915
231 1446
231 1448
231 1450
232 923
232 1452
232 143
233 1524
234 1241
235 1526
236 1528
236 1449
236 919
236 1530
237 1532
238 1534
239 1429
240 1427
241 1425
241 1536
241 901
241 1538
241 1540
241 937
241 855
241 283
241 287
241 117
241 1542
241 789
241 1544
241 1546
241 1548
241 1369
241 1381
241 1550
241 489
241 497
241 779
242 1193
243 263
243 1552
243 1554
243 1497
243 1556
243 1037
243 509
243 1558
243 627
243 1560
243 1135
244 515
245 1562
245 1564
245 667
246 443
246 1566
246 1568
246 319
247 1177
248 1570
249 1572
249 1574
249 1576
249 1578
250 1580
250 1582
250 1584
250 1586
250 1588
251 907
252 1005
253 747
253 1590
253 377
253 739
253 1592
253 1596
253 1594
253 1598
254 361
254 733
254 1600
254 1602
254 1606
254 753
254 1604
254 1608
255 475
255 355
255 1415
256 867
257 1001
258 1610
258 939
259 110
259 112
260 114
261 116
261 118
261 122
261 120
261 124
261 126
261 128
261 130
261 132
261 134
262 136
263 138
264 140
265 142
265 144
266 146
267 148
268 150
269 152
270 1101
270 399
270 383
270 1612
270 1614
270 1333
270 1616
270 1117
270 1618
271 1327
271 1620
271 405
271 1119
271 1035
271 395
271 1622
271 1559
271 1624
271 265
272 1626
273 1628
273 1630
273 1632
274 1634
275 1636
276 1638
276 985
276 1640
276 553
276 1307
276 261
276 1403
276 641
276 1642
276 979
276 1644
276 1646
276 1648
276 1221
276 1151
276 1650
276 1293
276 551
277 721
278 1652
278 1654
278 1656
278 1265
278 1658
278 587
279 1527
280 871
281 1660
281 1662
281 821
281 851
281 313
281 993
281 659
281 1664
281 1565
281 1666
282 1668
283 1083
283 1509
284 1670
284 1672
284 1674
284 1676
284 563
284 1678
284 1680
284 33
284 1267
284 1682
284 1684
284 1686
284 1477
284 63
284 1688
284 79
285 1690
285 1692
286 1694
287 1189
288 1696
288 1698
288 393
289 1351
289 1017
290 1700
290 1702
290 507
290 617
290 1053
290 185
290 1229
290 1077
290 1395
290 1706
290 1704
290 1349
290 255
290 1708
290 1317
290 1173
290 1461
290 1710
291 193
292 1529
292 1447
292 917
292 1712
293 1505
293 1523
294 1714
294 885
294 1716
294 775
294 889
294 883
295 887
295 1718
295 693
295 1720
295 777
296 761
296 895
296 891
296 759
296 767
296 893
297 1279
298 1722
299 155
300 1724
300 1726
301 725
302 1535
303 1728
304 1730
304 1139
305 1732
305 803
305 127
305 1441
305 1547
305 1734
306 1736
306 1738
306 353
306 441
307 1740
307 787
307 1742
307 1443
307 1549
307 129
307 1363
307 1373
307 1377
307 1744
308 1746
308 1141
309 1387
310 1533
311 751
311 1591
311 1748
311 363
311 743
311 1750
311 1603
311 1752
311 1597
311 1754
311 745
311 369
311 1607
311 1756
312 1758
313 281
313 1760
314 853
314 1667
314 823
314 669
314 425
315 1463
316 517
317 1762
317 813
317 1627
317 1764
318 1695
319 1766
320 1768
321 1575
322 1361
323 1021
323 1770
323 1059
324 1057
325 1772
325 1774
325 1359
326 1776
327 1778
327 1780
327 1782
327 1357
328 1784
328 1786
329 1417
330 1525
331 1788
331 337
331 1790
331 297
331 1792
331 91
332 1794
332 941
333 1453
333 925
334 1796
335 1798
336 583
336 1800
336 1802
336 1273
336 1687
336 47
336 1804
336 1806
336 1483
337 67
337 1689
337 565
337 1808
337 1810
337 75
337 1277
337 1812
338 577
338 1814
338 27
338 1255
338 1816
338 1681
338 1818
338 1820
338 1475
338 53
338 81
339 1822
339 569
339 1677
339 1824
339 1826
339 1263
339 35
339 1828
339 1473
339 51
339 69
340 579
340 1830
340 1653
340 1683
340 1832
340 1271
340 1834
340 1836
340 43
340 1469
340 65
340 1838
340 85
341 1637
342 1840
342 1619
343 1842
344 1183
345 1844
346 1313
346 1095
346 179
346 19
346 171
347 159
347 1179
347 15
347 1311
347 877
348 1846
349 1848
350 1733
350 795
350 125
350 1439
350 1545
350 1850
350 1743
350 1367
350 1379
350 1852
351 1797
351 1799
352 837
353 807
354 897
355 137
356 1864
357 103
357 1866
357 1868
358 943
358 111
359 1870
360 1872
361 1874
362 1876
363 571
363 1825
363 1815
363 1831
363 1261
363 1655
363 1878
363 1685
363 1880
363 1882
363 41
363 1803
363 1481
363 61
363 1839
363 1813
364 1567
364 445
364 317
364 419
365 1884
366 1886
367 1888
367 1890
367 703
368 1579
369 1571
370 495
371 1854
372 713
373 911
373 715
374 683
375 685
376 5
377 3
378 899
379 1856
380 1869
380 1858
381 1765
381 1860
382 1862
383 1938
384 1875
385 727
386 1873
387 859
388 681
389 1283
389 1940
389 1723
389 1691
390 121
390 1437
390 1543
390 1851
390 793
390 1735
390 1741
390 1365
390 1375
390 1385
390 1942
391 1737
391 435
391 351
392 1944
392 1335
392 381
392 1613
392 1103
392 1621
392 1125
392 1111
392 197
393 1113
393 401
393 1109
393 1329
393 1946
393 1617
393 1948
393 1227
393 391
393 1950
393 631
393 1301
393 981
393 1457
393 1561
393 1407
394 1011
395 349
395 437
395 1739
396 869
396 873
397 709
398 809
399 1287
399 1952
399 525
399 1954
399 1956
399 1555
399 219
399 1958
399 1960
399 959
399 1962
399 1211
399 1145
399 629
399 1393
399 1649
399 537
399 1707
399 1045
399 1964
399 1129
399 1966
400 1968
400 271
401 1970
401 1972
401 267
401 1974
401 1976
401 1239
402 1007
403 701
403 1065
403 1889
403 1978
404 1980
404 1982
404 1791
404 299
405 1916
406 291
407 1789
407 93
407 293
407 339
407 1981
408 1777
409 99
410 341
410 1793
410 295
410 1983
411 1779
411 1787
411 1783
412 1918
412 1191
413 1015
414 1920
414 933
414 1433
414 1539
415 485
415 487
415 493
416 1853
416 785
416 1745
416 1445
416 1551
416 135
416 1943
417 1019
417 1922
417 1924
417 233
418 1926
419 805
420 1930
420 301
420 845
420 653
420 1665
420 1928
420 833
420 999
421 1932
421 1251
422 1245
422 1934
422 1936
423 0
424 2
425 4
426 6
427 8
427 10
427 165
427 12
427 14
427 16
428 18
428 20
428 181
429 22
429 24
430 107
431 26
431 28
431 30
431 32
431 34
431 36
431 40
431 38
431 42
431 44
431 46
431 58
432 48
432 54
432 50
432 52
432 56
432 60
432 62
432 64
432 66
433 68
433 70
433 72
433 74
433 76
433 78
433 80
433 82
433 84
434 86
435 88
436 1577
437 1573
438 1671
438 1892
438 1894
438 575
438 1821
438 1827
438 1259
438 1835
438 1881
438 45
438 1801
438 1635
438 49
438 1809
438 73
438 149
439 1896
440 1569
441 347
442 1321
443 1489
443 1487
444 1485
445 1898
445 113
446 881
446 689
446 1717
446 1721
446 1715
446 691
446 1719
447 1763
447 815
447 1861
448 1091
449 1061
449 1323
449 1771
449 1023
449 1900
450 1087
451 105
451 1871
451 1867
451 1859
452 431
453 1341
454 1897
455 447
456 449
457 1902
457 1904
458 735
458 375
458 755
458 1609
458 1599
458 1757
458 1906
458 1753
458 1908
459 1910
460 1912
461 1249
461 1937
461 1933
462 1247
462 1935
463 1243
464 1914
464 593
465 601
466 1919
467 603
468 1331
469 1203
470 1927
471 1419
472 1337
472 1945
472 1105
472 387
472 1615
473 397
473 415
474 469
475 467
476 465
477 461
478 251
478 2012
478 1315
478 1123
478 2014
478 559
478 989
478 1511
479 651
480 521
480 1163
480 227
480 1961
480 2016
480 2018
480 953
480 1521
480 1557
480 2020
480 1225
480 2022
480 2024
480 2026
480 1199
480 561
480 1305
480 1405
480 1623
481 673
482 1775
482 2028
483 927
483 1081
483 1143
483 1921
483 1435
483 1541
483 1611
483 23
483 1795
484 945
485 947
486 1863
487 1845
488 1903
489 1984
490 1986
491 1761
492 1187
493 863
494 1339
495 1988
496 1877
497 1071
498 1465
499 343
500 371
500 737
500 1749
500 1605
500 1593
500 1751
500 741
500 1907
500 1595
500 1755
500 749
500 365
500 1601
500 1909
501 1585
501 1583
501 2023
501 1669
501 1990
501 1501
501 1711
501 1992
501 1587
501 253
502 189
502 963
502 1994
502 1345
503 1781
503 2029
503 1773
503 1785
504 1467
505 1421
506 1423
506 1899
507 1503
508 237
508 1967
508 1996
509 1031
510 1759
511 599
512 421
513 1849
514 423
515 1153
515 2021
516 1969
516 1998
516 217
516 2000
516 1975
516 2002
516 1289
516 1553
516 1959
516 2019
516 2004
516 535
516 961
516 1039
516 2006
516 513
516 1215
516 1923
516 2008
516 1127
516 1705
516 1391
516 1493
516 1201
516 1625
516 2010
516 1949
516 1155
516 1455
516 1645
516 633
516 1641
516 1079
516 1519
517 1675
518 1985
518 1987
519 409
519 965
519 1647
519 1701
519 1041
519 225
519 2009
519 615
519 2030
519 1947
519 1147
519 1209
519 1075
520 1963
520 1709
520 1401
520 1925
520 2013
520 1049
520 555
520 1149
520 2011
520 983
520 2032
520 1233
520 223
520 1073
520 1697
520 1513
521 1823
521 567
521 1895
521 1679
521 1819
521 29
521 1657
521 1269
521 1833
521 1879
521 1805
521 1471
521 55
521 1811
521 71
522 1939
523 595
523 1915
524 1673
524 1893
524 1817
524 581
524 1257
524 1829
524 1659
524 1837
524 1883
524 39
524 1807
524 1479
525 1917
526 1989
526 2034
527 1885
527 697
527 1887
527 1409
528 1891
528 2036
528 1411
528 1979
528 705
529 195
530 1515
531 1431
531 1537
532 427
533 429
534 1639
534 245
534 2007
534 2038
534 1299
534 977
534 1965
534 2025
534 547
534 1997
534 1499
534 1841
534 1955
534 955
534 511
534 1223
534 1651
534 613
534 215
534 549
534 1051
534 1397
534 1309
535 1725
536 1727
537 1843
538 2035
539 1847
540 1991
540 1581
540 1589
541 1911
542 1913
542 1855
543 847
543 1661
543 825
543 311
543 995
543 661
543 1929
544 2040
544 1633
544 1207
545 2003
545 2031
545 231
545 1291
545 2042
545 1217
545 1953
545 1157
545 637
545 969
545 1399
545 1643
545 2027
545 1971
546 591
547 1531
547 1713
547 1451
547 921
548 1029
549 1901
549 1325
549 1027
550 1931
550 303
550 843
550 1663
550 827
550 1563
550 997
550 663
551 1865
552 1857
553 1063
554 841
555 1067
555 2037
555 1413
556 277
557 1767
558 1769
559 1693
559 1941
559 1281
560 1185
561 1253
562 1507
562 1993
563 1355
563 1343
563 331
563 1347
563 327
563 333
564 1729
565 1137
565 1731
565 1747
566 1285
566 1033
566 1213
566 523
566 1957
566 235
566 2017
566 957
566 2005
566 2043
566 1703
566 1353
566 2039
566 1995
566 1951
566 611
566 191
566 1167
566 2015
566 1389
566 1197
566 2033
566 1491
566 1121
566 1699
567 1629
567 1999
567 1973
567 1237
568 2001
568 1977
569 1631
569 2041
570 1905
571 280
572 282
572 284
573 286
573 288
574 290
575 97
575 292
575 294
575 296
575 298
576 209
577 211
578 300
578 302
578 304
578 306
578 308
578 310
578 312
578 314
579 205
580 213
581 316
581 318
581 320
582 207
583 322
583 324
583 326
584 328
584 330
584 332
585 334
586 336
586 95
586 338
586 340
587 342
588 344
589 426
590 428
591 430
592 432
593 434
593 436
593 438
593 440
594 442
594 444
595 446
596 448
597 450
598 452
599 454
600 456
600 458
601 460
602 462
602 464
603 466
604 468
605 470
606 472
607 474
607 476
607 478
608 480
609 346
610 348
610 350
610 439
610 352
611 354
611 477
611 356
612 358
613 360
613 364
613 366
613 362
613 370
613 368
613 372
613 374
613 376
614 378
614 380
614 382
614 384
614 386
614 388
614 390
614 392
614 394
614 396
615 398
615 400
615 402
615 404
615 406
615 408
615 410
615 412
615 414
615 416
616 418
616 321
617 420
618 422
618 424
619 482
620 484
621 486
621 488
621 490
622 492
623 494
624 496
624 498
625 500
625 257
625 502
625 504
625 506
625 508
625 510
625 512
626 514
627 516
627 518
628 115
629 520
629 522
629 524
629 526
629 528
629 239
629 530
629 532
629 534
629 536
629 538
629 540
629 542
629 544
629 548
629 552
629 546
629 550
629 554
629 556
629 558
629 560
630 562
630 566
630 564
630 568
630 570
630 572
630 574
630 576
630 77
630 578
630 580
630 57
630 582
630 584
630 37
630 586
631 588
632 590
633 592
633 594
634 596
635 109
636 598
637 600
637 602
638 604
639 606
640 608
640 610
640 505
640 612
640 614
640 616
640 618
640 620
640 622
640 624
640 529
640 626
640 628
640 634
640 630
640 413
640 632
640 636
640 640
640 638
640 642
640 644
640 646
641 648
642 650
643 279
644 652
644 654
644 656
644 658
644 315
644 660
644 662
644 664
644 666
644 668
645 670
