1 1
2 1
3 6
4 2
5 4
6 1
7 7
8 1
9 1
10 1
11 5
12 28
13 1
14 1
15 1
16 2
17 1
18 1
19 1
20 1
21 1
22 1
23 1
24 1
25 1
26 1
27 1
28 3
29 1
30 2
31 3
32 1
33 1
34 1
35 1
36 1
37 3
38 1
39 1
40 1
41 1
42 1
43 1
44 1
45 1
46 1
47 1
48 1
49 14
50 11
51 3
52 1
53 9
54 1
55 1
56 1
57 1
58 1
59 1
60 1
61 1
62 1
63 8
64 1
65 2
66 1
67 1
68 1
69 1
70 1
71 1
72 2
73 1
74 1
75 5
76 2
77 1
78 1
79 4
80 3
81 7
82 1
83 1
84 2
85 1
86 1
87 1
88 2
89 1
90 2
91 1
92 2
93 1
94 1
95 11
96 1
97 1
98 1
99 1
100 1
101 1
102 1
103 1
104 1
105 1
106 1
107 4
108 1
109 1
110 15
111 1
112 2
113 1
114 3
115 26
116 8
117 1
118 1
119 1
120 1
121 1
122 1
123 2
124 1
125 5
126 3
127 10
128 1
129 1
130 5
131 1
132 2
133 1
134 1
135 1
136 5
137 4
138 1
139 2
140 1
141 4
142 5
143 8
144 17
145 2
146 1
147 2
148 1
149 2
150 1
151 20
152 1
153 1
154 6
155 1
156 1
157 1
158 1
159 1
160 1
161 1
162 1
163 1
164 1
165 1
166 2
167 1
168 8
169 1
170 1
171 1
172 25
173 2
174 1
175 4
176 2
177 1
178 16
179 1
180 2
181 19
182 5
183 4
184 1
185 3
186 2
187 1
188 3
189 9
190 1
191 1
192 1
193 1
194 1
195 14
196 1
197 2
198 1
199 1
200 1
201 1
202 9
203 1
204 1
205 1
206 1
207 1
208 10
209 1
210 1
211 1
212 1
213 1
214 1
215 13
216 10
217 10
218 7
219 1
220 1
221 1
222 21
223 1
224 2
225 3
226 3
227 1
228 1
229 2
230 23
231 5
232 3
233 1
234 1
235 1
236 4
237 1
238 1
239 1
240 1
241 21
242 1
243 11
244 1
245 3
246 4
247 1
248 1
249 4
250 5
251 1
252 1
253 8
254 8
255 3
256 1
257 1
258 2
259 2
260 1
261 10
262 1
263 1
264 1
265 2
266 1
267 1
268 1
269 1
270 9
271 10
272 1
273 3
274 1
275 1
276 18
277 1
278 6
279 1
280 1
281 10
282 1
283 2
284 16
285 2
286 1
287 1
288 3
289 2
290 18
291 1
292 4
293 2
294 6
295 5
296 6
297 1
298 1
299 1
300 2
301 1
302 1
303 1
304 2
305 6
306 4
307 10
308 2
309 1
310 1
311 14
312 1
313 2
314 5
315 1
316 1
317 4
318 1
319 1
320 1
321 1
322 1
323 3
324 1
325 3
326 1
327 4
328 2
329 1
330 1
331 6
332 2
333 2
334 1
335 1
336 9
337 8
338 11
339 11
340 13
341 1
342 2
343 1
344 1
345 1
346 5
347 5
348 1
349 1
350 10
351 2
352 1
353 1
354 1
355 1
356 1
357 3
358 2
359 1
360 1
361 1
362 1
363 16
364 4
365 1
366 1
367 3
368 1
369 1
370 1
371 1
372 1
373 2
374 1
375 1
376 1
377 1
378 1
379 1
380 2
381 2
382 1
383 1
384 1
385 1
386 1
387 1
388 1
389 4
390 11
391 3
392 9
393 16
394 1
395 3
396 2
397 1
398 1
399 22
400 2
401 6
402 1
403 4
404 4
405 1
406 1
407 5
408 1
409 1
410 4
411 3
412 2
413 1
414 4
415 3
416 7
417 4
418 1
419 1
420 8
421 2
422 3
423 1
424 1
425 1
426 1
427 6
428 3
429 2
430 1
431 12
432 9
433 9
434 1
435 1
436 1
437 1
438 16
439 1
440 1
441 1
442 1
443 2
444 1
445 2
446 7
447 3
448 1
449 5
450 1
451 4
452 1
453 1
454 1
455 1
456 1
457 2
458 9
459 1
460 1
461 3
462 2
463 1
464 2
465 1
466 1
467 1
468 1
469 1
470 1
471 1
472 5
473 2
474 1
475 1
476 1
477 1
478 8
479 1
480 19
481 1
482 2
483 9
484 1
485 1
486 1
487 1
488 1
489 1
490 1
491 1
492 1
493 1
494 1
495 1
496 1
497 1
498 1
499 1
500 14
501 10
502 4
503 4
504 1
505 1
506 2
507 1
508 3
509 1
510 1
511 1
512 1
513 1
514 1
515 2
516 34
517 1
518 2
519 13
520 16
521 15
522 1
523 2
524 12
525 1
526 2
527 4
528 5
529 1
530 1
531 2
532 1
533 1
534 23
535 1
536 1
537 1
538 1
539 1
540 3
541 1
542 2
543 7
544 3
545 14
546 1
547 4
548 1
549 3
550 8
551 1
552 1
553 1
554 1
555 3
556 1
557 1
558 1
559 3
560 1
561 1
562 2
563 6
564 1
565 3
566 25
567 4
568 2
569 2
570 1
571 1
572 2
573 2
574 1
575 5
576 1
577 1
578 8
579 1
580 1
581 3
582 1
583 3
584 3
585 1
586 4
587 1
588 1
589 1
590 1
591 1
592 1
593 4
594 2
595 1
596 1
597 1
598 1
599 1
600 2
601 1
602 2
603 1
604 1
605 1
606 1
607 3
608 1
609 1
610 4
611 3
612 1
613 9
614 10
615 10
616 2
617 1
618 2
619 1
620 1
621 3
622 1
623 1
624 2
625 8
626 1
627 2
628 1
629 22
630 16
631 1
632 1
633 2
634 1
635 1
636 1
637 2
638 1
639 1
640 23
641 1
642 1
643 1
644 10
645 1
