frag gi|19 20264 20567
img_no 22
flimg_no 1
edge_no 18
msp 419 s 281 73.7 1 685 gi|5 1901 1976 1000 gi|19 20418 20493
msp 1439 s 281 75.7 -1 59 gi|12 37010 37194 1000 gi|19 20319 20499
msp 1731 s 252 70.1 -1 101 gi|16 17069 17145 1000 gi|19 20418 20494
msp 2095 s 386 75.9 1 1004 gi|17 36065 36209 1000 gi|19 20423 20567
msp 2218 s 223 81.3 1 1000 gi|19 20262 20374 250 gi|24 21129 21233
msp 2220 p 240 76.6 1 1000 gi|19 20262 20374 997 gi|25 6686 6798
msp 2222 s 260 83.7 -1 1000 gi|19 20262 20375 684 gi|49 39100 39216
msp 2224 s 426 82.8 1 1000 gi|19 20262 20375 498 gi|38 6606 6718
msp 2226 p 274 81.1 -1 1000 gi|19 20266 20567 777 gi|54 13037 13318
msp 2228 s 321 68.5 1 1000 gi|19 20268 20375 618 gi|45 13958 14067
msp 2230 s 467 86.6 1 1000 gi|19 20297 20378 500 gi|38 13593 13673
msp 2232 s 279 75.0 1 1000 gi|19 20298 20377 820 gi|56 5416 5493
msp 2234 s 490 78.7 1 1000 gi|19 20302 20493 500 gi|38 13435 13672
msp 2236 s 261 74.1 1 1000 gi|19 20312 20369 822 gi|56 5771 5828
msp 2238 s 272 75.0 1 1000 gi|19 20315 20378 819 gi|56 5238 5300
msp 2240 s 402 75.9 1 1000 gi|19 20352 20492 1002 gi|49 19699 19844
msp 2242 p 264 78.1 -1 1000 gi|19 20353 20567 580 gi|43 8795 9015
msp 2244 s 250 83.3 -1 1000 gi|19 20413 20490 777 gi|54 13210 13287
msp 2246 s 285 75.6 1 1000 gi|19 20417 20494 500 gi|38 13435 13511
msp 2248 s 265 83.8 1 1000 gi|19 20418 20567 618 gi|45 13994 14134
msp 2250 s 267 82.1 1 1000 gi|19 20423 20489 995 gi|23 17949 18015
msp 2252 s 263 83.0 1 1000 gi|19 20431 20489 219 gi|22 24514 24571
edge 2126 s 0 0 1000 59
edge 2127 s 0 0 1000 101
edge 2129 s 0 0 1000 219
edge 2130 s 0 0 1000 250
edge 2131 s 0 0 1000 498
edge 2132 s 0 0 1000 500
edge 2133 p -1 78 1000 580
edge 2134 s 0 0 1000 618
edge 2136 s 0 0 1000 684
edge 2137 s 0 0 1000 685
edge 2138 p -1 81 1000 777
edge 2139 s 0 0 1000 819
edge 2140 s 0 0 1000 820
edge 2141 s 0 0 1000 822
edge 2142 s 0 0 1000 995
edge 2143 p 1 76 1000 997
edge 2193 s 0 0 1002 1000
edge 2200 s 0 0 1004 1000
pcp 20262 997
pcp 20266 777
pcp 20353 580
pcp 20374 997
pcp 20567 580
pcp 20567 777
