frag gi|34 17872 19551
img_no 9
flimg_no 1
edge_no 3
msp 2723 p 2403 94.6 1 62 gi|13 14712 15064 1006 gi|34 17872 18231
msp 2725 s 292 90.7 -1 62 gi|13 14749 14802 1006 gi|34 18168 18231
msp 2727 s 341 88.9 -1 62 gi|13 15004 15075 1006 gi|34 17902 17964
msp 2729 p 2350 92.5 1 63 gi|13 15297 15642 1006 gi|34 17872 18220
msp 2731 s 314 92.1 -1 63 gi|13 15326 15388 1006 gi|34 18168 18221
msp 2733 s 302 91.9 -1 63 gi|13 15590 15626 1006 gi|34 17928 17964
msp 2743 p 1856 80.7 1 1008 gi|13 35798 37387 1006 gi|34 17873 19551
msp 2745 s 334 96.4 -1 1008 gi|13 36073 36127 1006 gi|34 17919 17964
msp 2747 s 322 83.9 -1 1008 gi|13 36122 36183 1006 gi|34 18217 18285
edge 2207 p 1 94 1006 62
edge 2208 p 1 92 1006 63
edge 2212 p 1 80 1008 1006
pcp 19551 1008
pcp 18231 62
pcp 18220 63
pcp 17873 1008
pcp 17872 62
pcp 17872 63
