frag gi|50 11278 11324
img_no 4
flimg_no 3
edge_no 4
msp 3071 p 279 86.1 -1 1013 gi|23 23525 23573 1014 gi|50 11276 11324
msp 3645 p 243 87.5 1 304 gi|28 11708 11755 1014 gi|50 11280 11326
msp 3653 p 266 81.8 1 308 gi|28 20857 20900 1014 gi|50 11280 11323
msp 4007 p 250 83.3 -1 414 gi|33 5152 5199 1014 gi|50 11277 11324
edge 2258 p 1 87 1014 304
edge 2259 p 1 81 1014 308
edge 2261 p -1 83 1014 414
edge 2262 p -1 86 1014 1013
pcp 11276 1013
pcp 11277 414
pcp 11280 308
pcp 11280 304
pcp 11323 308
pcp 11324 1013
pcp 11324 414
pcp 11326 304
