frag gi|16 17067 17201
img_no 11
flimg_no 1
edge_no 9
msp 1726 p 306 75.0 -1 101 gi|16 17064 17139 118 gi|17 14996 15071
msp 1728 s 301 77.2 -1 101 gi|16 17069 17147 816 gi|56 2773 2851
msp 1730 s 252 70.1 -1 101 gi|16 17069 17145 1000 gi|19 20418 20494
msp 1732 p 359 83.3 -1 101 gi|16 17070 17201 1002 gi|49 19612 19724
msp 1734 s 297 76.7 -1 101 gi|16 17070 17159 1002 gi|49 19751 19845
msp 1736 s 287 75.0 -1 101 gi|16 17070 17145 1004 gi|17 36060 36135
msp 1738 s 288 82.4 1 101 gi|16 17072 17145 580 gi|43 8877 8951
msp 1740 s 260 81.3 1 101 gi|16 17076 17166 306 gi|28 12366 12452
msp 1742 s 253 78.6 1 101 gi|16 17076 17145 305 gi|28 12134 12206
msp 1744 s 253 78.6 1 101 gi|16 17076 17145 305 gi|28 12250 12322
msp 1746 s 305 80.4 -1 101 gi|16 17077 17129 995 gi|23 17883 17935
edge 1600 s 0 0 580 101
edge 2098 p -1 75 118 101
edge 2107 s 0 0 995 101
edge 2127 s 0 0 1000 101
edge 2184 p -1 83 1002 101
edge 2195 s 0 0 1004 101
edge 2539 s 0 0 101 305
edge 2540 s 0 0 101 306
edge 2541 s 0 0 101 816
pcp 17201 1002
pcp 17139 118
pcp 17070 1002
pcp 17064 118
