frag gi|44 36751 38151
img_no 12
flimg_no 4
edge_no 12
msp 1665 p 12552 100.0 1 1016 gi|15 31472 32870 1022 gi|44 36752 38150
msp 2259 p 10055 100.0 -1 154 gi|19 21311 22433 1022 gi|44 37028 38150
msp 2291 p 2527 100.0 -1 1017 gi|19 24877 25159 1022 gi|44 36751 37033
msp 3499 p 12560 100.0 1 328 gi|29 8445 9844 1022 gi|44 36752 38151
msp 3531 p 12568 100.0 1 337 gi|29 19574 20974 1022 gi|44 36751 38151
msp 4089 s 264 75.5 1 1034 gi|32 7319 7776 1022 gi|44 37547 38010
msp 4195 p 12410 99.9 1 1020 gi|34 10104 11499 1022 gi|44 36751 38152
msp 4465 s 339 80.1 1 1021 gi|39 749 929 1022 gi|44 37811 38010
msp 4756 p 8910 99.9 -1 1022 gi|44 36752 37753 1024 gi|47 2880 3881
msp 4760 p 2561 96.4 -1 1022 gi|44 37700 38035 1023 gi|47 1 325
msp 4762 p 909 94.8 -1 1022 gi|44 38036 38152 1028 gi|55 39886 40000
msp 5074 s 284 76.9 1 1022 gi|44 37243 38138 1027 gi|51 6824 7697
edge 2450 p -1 100 1022 154
edge 2451 p 1 100 1022 328
edge 2452 p 1 100 1022 337
edge 2458 p 1 100 1022 1016
edge 2459 p -1 100 1022 1017
edge 2460 p 1 99 1022 1020
edge 2461 s 0 0 1022 1021
edge 2472 p -1 96 1023 1022
edge 2480 p -1 99 1024 1022
edge 2493 s 0 0 1027 1022
edge 2501 p -1 94 1028 1022
edge 2528 s 0 0 1034 1022
pcp 36751 1020
pcp 36751 337
pcp 36751 1017
pcp 36752 1016
pcp 36752 328
pcp 36752 1024
pcp 37028 154
pcp 37033 1017
pcp 37700 1023
pcp 37753 1024
pcp 38035 1023
pcp 38036 1028
pcp 38150 154
pcp 38150 1016
pcp 38151 337
pcp 38151 328
pcp 38152 1020
pcp 38152 1028
