frag gi|36 32240 32443
img_no 4
flimg_no 4
edge_no 4
msp 4079 p 839 79.2 1 1033 gi|32 5932 6135 1029 gi|36 32240 32444
msp 4328 p 1389 91.4 1 1029 gi|36 32240 32444 1035 gi|39 6342 6540
msp 4330 p 713 82.2 1 1029 gi|36 32240 32444 1027 gi|51 7493 7696
msp 4332 p 262 81.0 1 1029 gi|36 32241 32440 1021 gi|39 841 1024
edge 2504 p 1 81 1029 1021
edge 2505 p 1 82 1029 1027
edge 2519 p 1 79 1033 1029
edge 2532 p 1 91 1035 1029
pcp 32240 1035
pcp 32240 1033
pcp 32240 1027
pcp 32241 1021
pcp 32440 1021
pcp 32444 1033
pcp 32444 1027
pcp 32444 1035
