frag gi|52 35909 36024
img_no 4
flimg_no 2
edge_no 4
msp 367 p 294 71.8 1 166 gi|2 19152 19222 1041 gi|52 35954 36025
msp 2201 p 629 88.8 -1 146 gi|19 10753 10840 1041 gi|52 35939 36026
msp 2877 p 955 92.4 -1 217 gi|22 23035 23152 1041 gi|52 35909 36026
msp 5083 p 706 91.1 -1 1044 gi|28 31845 31964 1041 gi|52 35909 36021
edge 2614 p -1 88 1041 146
edge 2615 p 1 71 1041 166
edge 2616 p -1 92 1041 217
edge 2622 p -1 91 1044 1041
pcp 35909 1044
pcp 35909 217
pcp 35939 146
pcp 35954 166
pcp 36021 1044
pcp 36025 166
pcp 36026 146
pcp 36026 217
