frag gi|19 13750 13901
img_no 6
flimg_no 6
edge_no 3
msp 2204 p 822 84.5 1 1045 gi|19 13750 13900 1049 gi|30 14049 14194
msp 2206 s 559 76.1 -1 1045 gi|19 13755 13903 1049 gi|30 14088 14236
msp 2208 p 880 84.3 1 1045 gi|19 13750 13900 1047 gi|31 5237 5387
msp 2210 p 552 82.0 1 1045 gi|19 13750 13903 646 gi|47 18460 18612
msp 2212 p 525 75.0 -1 1045 gi|19 13751 13903 646 gi|47 18504 18655
msp 2214 p 508 74.7 -1 1045 gi|19 13753 13903 1047 gi|31 5281 5431
edge 2632 p 1 82 1045 646
edge 2635 p 1 84 1047 1045
edge 2638 p 1 84 1049 1045
pcp 13750 1049
pcp 13750 646
pcp 13750 1047
pcp 13751 646
pcp 13753 1047
pcp 13900 1049
pcp 13900 1047
pcp 13903 646
pcp 13903 646
pcp 13903 1047
