frag gi|23 34242 34614
img_no 7
flimg_no 2
edge_no 4
msp 1007 p 354 79.6 -1 910 gi|8 5218 5634 1057 gi|23 34240 34614
msp 1009 s 317 76.4 -1 910 gi|8 5365 5631 1057 gi|23 34378 34614
msp 2589 p 267 80.3 1 194 gi|21 14030 14156 1057 gi|23 34364 34469
msp 2591 s 224 76.3 1 195 gi|21 14387 14618 1057 gi|23 34241 34480
msp 2593 p 271 80.0 1 195 gi|21 14352 14706 1057 gi|23 34281 34614
msp 3088 s 323 78.4 -1 1057 gi|23 34317 34520 1060 gi|43 28190 28381
msp 5092 p 381 82.5 -1 1057 gi|23 34245 34614 1060 gi|43 28003 28366
edge 2706 p 1 80 1057 194
edge 2707 p 1 80 1057 195
edge 2709 p -1 79 1057 910
edge 2712 p -1 82 1060 1057
pcp 34240 910
pcp 34245 1060
pcp 34281 195
pcp 34364 194
pcp 34469 194
pcp 34614 910
pcp 34614 195
pcp 34614 1060
