frag gi|17 8390 8686
img_no 9
flimg_no 1
edge_no 8
msp 387 s 304 79.7 1 167 gi|2 19678 19864 115 gi|17 8400 8592
msp 1025 s 290 83.3 -1 914 gi|8 16247 16318 115 gi|17 8565 8630
msp 1942 p 345 75.1 -1 115 gi|17 8390 8686 223 gi|22 35630 35935
msp 1944 s 296 86.5 1 115 gi|17 8519 8637 548 gi|40 32956 33068
msp 1946 s 290 75.9 1 115 gi|17 8527 8642 548 gi|40 31989 32110
msp 1948 s 271 79.0 1 115 gi|17 8544 8605 671 gi|49 11020 11085
msp 1950 s 253 72.8 -1 115 gi|17 8546 8637 386 gi|31 32212 32303
msp 1952 s 258 78.3 1 115 gi|17 8549 8617 518 gi|39 27917 27984
msp 1954 s 252 86.0 1 115 gi|17 8550 8592 266 gi|25 10260 10302
edge 1391 s 0 0 266 115
edge 1910 s 0 0 548 115
edge 1971 s 0 0 518 115
edge 1979 p -1 75 223 115
edge 1985 s 0 0 115 167
edge 1986 s 0 0 115 386
edge 1987 s 0 0 115 671
edge 1988 s 0 0 115 914
pcp 8686 223
pcp 8390 223
