frag gi|17 14999 15071
img_no 6
flimg_no 1
edge_no 5
msp 1727 p 306 75.0 -1 101 gi|16 17064 17139 118 gi|17 14996 15071
msp 2040 s 345 84.6 -1 118 gi|17 14996 15060 580 gi|43 8881 8945
msp 2042 s 304 79.7 1 118 gi|17 15006 15058 995 gi|23 17883 17935
msp 2044 p 276 82.8 -1 118 gi|17 15002 15059 305 gi|28 12134 12190
msp 2046 s 276 82.8 -1 118 gi|17 15002 15059 305 gi|28 12250 12306
msp 2048 s 276 82.8 -1 118 gi|17 15002 15059 306 gi|28 12366 12422
edge 1601 s 0 0 580 118
edge 2098 p -1 75 118 101
edge 2099 p -1 82 118 305
edge 2100 s 0 0 118 306
edge 2108 s 0 0 995 118
pcp 15071 101
pcp 15059 305
pcp 15002 305
pcp 14996 101
