frag gi|17 24647 24887
img_no 6
edge_no 4
msp 2056 p 102 72.7 -1 121 gi|17 24647 24714 1040 gi|19 11083 11144
msp 2058 s 318 80.8 -1 121 gi|17 24656 24775 147 gi|19 10816 10931
msp 2060 s 250 73.4 1 121 gi|17 24661 24833 237 gi|23 19101 19281
msp 2062 p 315 75.5 -1 121 gi|17 24668 24818 147 gi|19 10825 10975
msp 2064 p 319 67.5 -1 121 gi|17 24683 24891 237 gi|23 19078 19296
msp 5080 p 278 72.7 -1 121 gi|17 24709 24884 1039 gi|19 10913 11082
edge 2572 p -1 75 121 147
edge 2574 p -1 67 121 237
edge 2577 p -1 72 1040 121
edge 2578 p -1 72 1039 121
pcp 24647 1040
pcp 24668 147
pcp 24683 237
pcp 24709 1039
pcp 24714 1040
pcp 24818 147
pcp 24884 1039
pcp 24891 237
