frag gi|17 35970 36264
img_no 8
edge_no 2
msp 423 s 255 81.2 1 685 gi|5 1913 2103 128 gi|17 36072 36264
msp 1737 s 287 75.0 -1 101 gi|16 17070 17145 128 gi|17 36060 36135
msp 2084 s 252 80.2 1 128 gi|17 35970 36136 674 gi|49 19571 19725
msp 2086 s 306 78.3 -1 128 gi|17 36010 36129 306 gi|28 12366 12480
msp 2088 s 338 77.0 1 128 gi|17 36018 36195 498 gi|38 6599 6776
msp 2090 s 750 93.7 1 128 gi|17 36060 36170 674 gi|49 19770 19884
msp 2092 s 252 86.3 1 128 gi|17 36061 36133 822 gi|56 5761 5835
msp 2094 s 386 75.9 1 128 gi|17 36065 36209 1000 gi|19 20423 20567
edge 2093 s 0 0 685 128
edge 2128 s 0 0 1000 128
