frag gi|19 20243 20567
img_no 22
edge_no 18
msp 419 s 281 73.7 1 685 gi|5 1901 1976 152 gi|19 20418 20493
msp 1439 s 281 75.7 -1 59 gi|12 37010 37194 152 gi|19 20319 20499
msp 1731 s 252 70.1 -1 101 gi|16 17069 17145 152 gi|19 20418 20494
msp 2095 s 386 75.9 1 128 gi|17 36065 36209 152 gi|19 20423 20567
msp 2218 s 265 81.3 1 152 gi|19 20241 20374 250 gi|24 21108 21233
msp 2220 p 293 76.6 1 152 gi|19 20243 20379 265 gi|25 6667 6803
msp 2222 s 281 83.7 -1 152 gi|19 20253 20375 684 gi|49 39100 39225
msp 2224 s 456 82.8 1 152 gi|19 20254 20375 498 gi|38 6598 6718
msp 2226 p 274 81.1 -1 152 gi|19 20266 20567 777 gi|54 13037 13318
msp 2228 s 321 68.5 1 152 gi|19 20268 20375 618 gi|45 13958 14067
msp 2230 s 467 86.6 1 152 gi|19 20297 20378 500 gi|38 13593 13673
msp 2232 s 279 75.0 1 152 gi|19 20298 20377 820 gi|56 5416 5493
msp 2234 s 490 78.7 1 152 gi|19 20302 20493 500 gi|38 13435 13672
msp 2236 s 261 74.1 1 152 gi|19 20312 20369 822 gi|56 5771 5828
msp 2238 s 272 75.0 1 152 gi|19 20315 20378 819 gi|56 5238 5300
msp 2240 s 402 75.9 1 152 gi|19 20352 20492 674 gi|49 19699 19844
msp 2242 p 264 78.1 -1 152 gi|19 20353 20567 580 gi|43 8795 9015
msp 2244 s 250 83.3 -1 152 gi|19 20413 20490 777 gi|54 13210 13287
msp 2246 s 285 75.6 1 152 gi|19 20417 20494 500 gi|38 13435 13511
msp 2248 s 283 83.8 1 152 gi|19 20418 20577 618 gi|45 13994 14144
msp 2250 s 267 82.1 1 152 gi|19 20423 20489 235 gi|23 17949 18015
msp 2252 s 263 83.0 1 152 gi|19 20431 20489 219 gi|22 24514 24571
edge 1560 p -1 81 777 152
edge 1571 s 0 0 152 59
edge 1572 s 0 0 152 101
edge 1573 s 0 0 152 128
edge 1574 s 0 0 152 219
edge 1575 s 0 0 152 235
edge 1576 s 0 0 152 250
edge 1577 p 1 76 152 265
edge 1578 s 0 0 152 498
edge 1579 s 0 0 152 500
edge 1580 p -1 78 152 580
edge 1581 s 0 0 152 618
edge 1582 s 0 0 152 674
edge 1583 s 0 0 152 684
edge 1584 s 0 0 152 685
edge 1585 s 0 0 152 819
edge 1586 s 0 0 152 820
edge 1587 s 0 0 152 822
pcp 20243 265
pcp 20266 777
pcp 20353 580
pcp 20379 265
pcp 20567 580
pcp 20567 777
