frag gi|19 22134 24962
img_no 6
edge_no 6
msp 2278 s 1209 76.7 1 155 gi|19 22134 24514 822 gi|56 5718 8175
msp 2280 p 22104 98.8 1 155 gi|19 22405 24962 883 gi|60 28988 31551
msp 2282 s 1384 76.9 -1 155 gi|19 22413 24514 640 gi|47 714 2897
msp 2284 s 22166 100.0 -1 155 gi|19 22434 24876 772 gi|53 37364 39806
msp 2286 s 1313 77.0 1 155 gi|19 22481 24514 288 gi|26 30874 32979
msp 2713 s 21936 97.4 1 61 gi|13 11782 14510 155 gi|19 22225 24966
edge 2149 s 0 0 61 155
edge 2155 s 0 0 155 288
edge 2156 s 0 0 155 640
edge 2157 s 0 0 155 772
edge 2158 s 0 0 155 822
edge 2159 p 1 98 155 883
pcp 22405 883
pcp 24962 883
