frag gi|22 37734 37804
img_no 9
edge_no 9
msp 641 s 255 83.0 1 869 gi|6 21939 21985 225 gi|22 37733 37779
msp 1937 s 261 79.6 -1 114 gi|17 7084 7132 225 gi|22 37731 37779
msp 2643 s 284 80.8 1 201 gi|21 22353 22404 225 gi|22 37728 37779
msp 3002 s 284 88.9 -1 225 gi|22 37726 37779 375 gi|31 11747 11801
msp 3004 s 254 83.7 1 225 gi|22 37731 37779 353 gi|30 7126 7175
msp 3006 s 328 93.3 -1 225 gi|22 37734 37778 967 gi|35 33976 34020
msp 3008 s 264 86.2 -1 225 gi|22 37734 37791 583 gi|43 21786 21844
msp 3010 p 343 87.3 1 225 gi|22 37734 37788 254 gi|24 28731 28787
msp 3012 p 318 90.1 1 225 gi|22 37734 37804 341 gi|29 28249 28310
edge 813 s 0 0 114 225
edge 900 p 1 90 341 225
edge 913 s 0 0 375 225
edge 931 s 0 0 583 225
edge 962 s 0 0 869 225
edge 1006 s 0 0 201 225
edge 1072 s 0 0 967 225
edge 2549 s 0 0 353 225
edge 2550 p 1 87 225 254
pcp 37804 341
pcp 37788 254
pcp 37734 341
pcp 37734 254
