frag gi|23 3354 3549
img_no 18
edge_no 18
msp 109 s 306 77.1 1 952 gi|1 34073 34155 229 gi|23 3407 3492
msp 165 s 305 81.5 -1 936 gi|3 16440 16563 229 gi|23 3384 3512
msp 855 s 274 78.0 -1 949 gi|7 22204 22285 229 gi|23 3403 3493
msp 1097 s 358 75.4 -1 18 gi|10 5578 5691 229 gi|23 3412 3529
msp 1159 s 383 80.8 -1 25 gi|10 23594 23666 229 gi|23 3420 3493
msp 1571 s 404 80.8 1 87 gi|15 16588 16691 229 gi|23 3378 3481
msp 2785 s 280 72.0 -1 211 gi|22 3856 3955 229 gi|23 3434 3531
msp 3026 p 250 77.2 1 229 gi|23 3354 3495 946 gi|30 23430 23574
msp 3028 s 424 78.1 1 229 gi|23 3375 3479 657 gi|47 37244 37349
msp 3030 s 525 84.2 -1 229 gi|23 3378 3516 461 gi|36 5896 6021
msp 3032 s 274 81.4 -1 229 gi|23 3389 3549 509 gi|38 38445 38592
msp 3034 s 262 78.0 -1 229 gi|23 3409 3499 586 gi|43 32566 32651
msp 3036 s 296 82.0 1 229 gi|23 3411 3488 738 gi|52 11437 11507
msp 3038 s 292 79.8 -1 229 gi|23 3412 3490 947 gi|38 2361 2438
msp 3040 s 276 79.2 1 229 gi|23 3414 3490 724 gi|51 18914 18987
msp 3042 s 245 72.2 -1 229 gi|23 3420 3492 956 gi|51 37351 37427
msp 3044 s 297 85.5 1 229 gi|23 3422 3476 557 gi|41 14553 14612
msp 3046 s 303 75.0 -1 229 gi|23 3434 3489 700 gi|50 1689 1744
edge 21 s 0 0 18 229
edge 41 s 0 0 25 229
edge 58 s 0 0 211 229
edge 139 s 0 0 509 229
edge 150 s 0 0 700 229
edge 161 s 0 0 724 229
edge 216 s 0 0 229 87
edge 217 s 0 0 229 461
edge 218 s 0 0 229 557
edge 219 s 0 0 229 586
edge 220 s 0 0 229 657
edge 221 s 0 0 229 738
edge 311 s 0 0 936 229
edge 407 p 1 77 946 229
edge 432 s 0 0 947 229
edge 451 s 0 0 949 229
edge 473 s 0 0 952 229
edge 506 s 0 0 956 229
pcp 3495 946
pcp 3354 946
