frag gi|24 19781 19983
img_no 15
edge_no 13
msp 247 s 237 97.1 1 941 gi|4 21470 21501 249 gi|24 19937 19968
msp 1225 s 263 83.0 1 32 gi|11 4605 4651 249 gi|24 19861 19907
msp 1543 s 314 87.8 -1 79 gi|15 3029 3077 249 gi|24 19920 19968
msp 1615 s 299 87.5 -1 91 gi|15 21053 21108 249 gi|24 19922 19981
msp 1641 s 274 87.8 1 91 gi|15 21063 21111 249 gi|24 19862 19912
msp 3256 p 284 80.0 -1 249 gi|24 19781 19945 408 gi|32 29626 29783
msp 3258 s 323 83.6 -1 249 gi|24 19802 19911 497 gi|38 6367 6466
msp 3260 s 273 83.1 1 249 gi|24 19841 19911 292 gi|27 10488 10563
msp 3262 s 259 79.1 1 249 gi|24 19850 19916 516 gi|39 21284 21356
msp 3264 s 473 84.7 -1 249 gi|24 19860 19983 678 gi|49 23844 23970
msp 3266 s 421 85.6 1 249 gi|24 19861 19971 678 gi|49 23857 23968
msp 3268 s 261 88.2 1 249 gi|24 19862 19912 672 gi|49 15275 15323
msp 3270 s 260 89.4 1 249 gi|24 19862 19908 492 gi|37 39719 39763
msp 3272 s 302 98.1 1 249 gi|24 19920 19971 267 gi|25 11535 11580
msp 3274 p 256 94.2 1 249 gi|24 19920 19971 935 gi|58 13811 13856
edge 76 s 0 0 267 249
edge 238 s 0 0 79 249
edge 242 s 0 0 249 32
edge 243 s 0 0 249 91
edge 244 s 0 0 249 292
edge 245 p -1 80 249 408
edge 246 s 0 0 249 492
edge 247 s 0 0 249 497
edge 248 s 0 0 249 516
edge 249 s 0 0 249 672
edge 250 s 0 0 249 678
edge 299 p 1 94 935 249
edge 372 s 0 0 941 249
pcp 19971 935
pcp 19945 408
pcp 19920 935
pcp 19781 408
