frag gi|25 9538 11263
img_no 52
edge_no 48
msp 251 s 335 79.6 -1 531 gi|4 24068 24626 266 gi|25 9738 10302
msp 291 s 363 90.2 -1 532 gi|4 24930 24980 266 gi|25 9586 9636
msp 381 s 1639 75.6 1 167 gi|2 19290 20064 266 gi|25 9731 10502
msp 389 p 269 75.9 1 168 gi|2 20427 21015 266 gi|25 10649 11251
msp 397 s 266 77.5 1 169 gi|2 21456 22129 266 gi|25 9732 10396
msp 519 s 294 89.1 1 862 gi|6 3718 3809 266 gi|25 9552 9635
msp 747 s 309 91.5 -1 876 gi|6 36035 36081 266 gi|25 9586 9632
msp 1001 s 304 91.3 -1 909 gi|8 692 737 266 gi|25 9586 9631
msp 1337 s 358 89.8 -1 51 gi|12 20057 20115 266 gi|25 9585 9646
msp 1473 s 277 82.0 -1 60 gi|12 39634 39694 266 gi|25 9570 9631
msp 1647 s 270 95.7 1 91 gi|15 21064 21109 266 gi|25 9586 9631
msp 1831 s 294 86.4 -1 109 gi|16 34679 34744 266 gi|25 9571 9634
msp 1955 s 252 86.0 1 115 gi|17 8550 8592 266 gi|25 10260 10302
msp 2005 s 360 93.8 1 116 gi|17 13340 13387 266 gi|25 9585 9632
msp 2161 s 311 81.3 -1 142 gi|19 1605 1679 266 gi|25 9586 9658
msp 2375 s 331 94.9 1 159 gi|19 33181 33239 266 gi|25 9575 9639
msp 2495 s 281 87.2 1 182 gi|20 22976 23022 266 gi|25 9585 9631
msp 2563 s 281 88.9 1 184 gi|20 30545 30616 266 gi|25 9588 9662
msp 2815 s 348 81.8 -1 212 gi|22 5756 5821 266 gi|25 9585 9649
msp 2943 s 318 91.5 1 222 gi|22 31676 31722 266 gi|25 9586 9632
msp 2977 s 270 87.5 1 224 gi|22 36466 36521 266 gi|25 9575 9631
msp 3116 s 303 86.3 1 266 gi|25 9538 9632 567 gi|42 15777 15875
msp 3118 s 276 83.8 1 266 gi|25 9553 9632 448 gi|35 15092 15170
msp 3120 s 304 85.5 1 266 gi|25 9567 9635 609 gi|44 27251 27314
msp 3122 s 316 83.6 -1 266 gi|25 9568 9634 628 gi|45 39347 39416
msp 3124 s 388 94.2 1 266 gi|25 9569 9637 564 gi|42 11778 11849
msp 3126 s 390 96.8 -1 266 gi|25 9573 9635 749 gi|52 28122 28180
msp 3128 s 336 78.5 -1 266 gi|25 9578 9810 853 gi|58 39360 39600
msp 3130 s 403 88.9 1 266 gi|25 9581 9643 853 gi|58 39605 39670
msp 3132 s 406 92.5 1 266 gi|25 9582 9634 563 gi|41 34622 34674
msp 3134 s 339 88.5 -1 266 gi|25 9582 9633 562 gi|41 32224 32276
msp 3136 s 359 88.7 1 266 gi|25 9583 9635 668 gi|49 2502 2554
msp 3138 s 273 81.6 -1 266 gi|25 9584 9670 842 gi|58 10130 10225
msp 3140 s 271 82.5 1 266 gi|25 9584 9640 577 gi|42 39825 39884
msp 3142 s 313 84.2 -1 266 gi|25 9585 9641 327 gi|29 8251 8306
msp 3144 s 380 89.5 -1 266 gi|25 9585 9641 567 gi|42 15881 15937
msp 3146 s 317 87.8 -1 266 gi|25 9585 9633 711 gi|50 31988 32037
msp 3148 s 318 86.0 1 266 gi|25 9586 9635 775 gi|54 9570 9619
msp 3150 s 300 89.8 -1 266 gi|25 9586 9634 774 gi|54 7963 8013
msp 3152 s 258 95.7 1 266 gi|25 9586 9631 672 gi|49 15276 15321
msp 3154 s 331 86.3 -1 266 gi|25 9586 9680 746 gi|52 21267 21357
msp 3156 s 327 90.2 1 266 gi|25 9586 9636 762 gi|53 13105 13154
msp 3158 s 271 88.7 1 266 gi|25 9586 9647 628 gi|45 39414 39479
msp 3160 s 316 86.0 -1 266 gi|25 9586 9635 385 gi|31 32063 32112
msp 3162 s 304 87.2 -1 266 gi|25 9586 9632 300 gi|28 3043 3089
msp 3164 s 251 91.8 -1 266 gi|25 9586 9634 609 gi|44 27198 27247
msp 3166 s 299 87.0 1 266 gi|25 9586 9631 400 gi|32 14445 14490
msp 3168 p 1211 75.6 1 266 gi|25 9673 11263 518 gi|39 27323 28912
msp 3170 p 816 70.1 1 266 gi|25 9686 10408 519 gi|39 29154 29888
msp 3172 p 431 76.0 -1 266 gi|25 9711 10076 319 gi|29 51 425
msp 3174 s 290 67.5 1 266 gi|25 9717 9842 393 gi|32 6240 6365
msp 3176 s 252 81.5 1 266 gi|25 10250 10352 569 gi|42 22594 22691
edge 588 s 0 0 532 266
edge 640 s 0 0 775 266
edge 693 s 0 0 564 266
edge 871 s 0 0 300 266
edge 984 s 0 0 109 266
edge 1213 s 0 0 672 266
edge 1234 s 0 0 91 266
edge 1259 s 0 0 116 266
edge 1297 s 0 0 182 266
edge 1322 s 0 0 184 266
edge 1353 s 0 0 212 266
edge 1376 s 0 0 224 266
edge 1389 s 0 0 266 51
edge 1390 s 0 0 266 60
edge 1391 s 0 0 266 115
edge 1392 s 0 0 266 142
edge 1393 s 0 0 266 159
edge 1394 s 0 0 266 167
edge 1395 p 1 75 266 168
edge 1396 s 0 0 266 169
edge 1397 s 0 0 266 222
edge 1398 p -1 76 266 319
edge 1399 s 0 0 266 327
edge 1400 s 0 0 266 385
edge 1401 s 0 0 266 393
edge 1402 s 0 0 266 400
edge 1403 s 0 0 266 448
edge 1404 p 1 75 266 518
edge 1405 p 1 70 266 519
edge 1406 s 0 0 266 531
edge 1407 s 0 0 266 562
edge 1408 s 0 0 266 563
edge 1409 s 0 0 266 567
edge 1410 s 0 0 266 569
edge 1411 s 0 0 266 577
edge 1412 s 0 0 266 609
edge 1413 s 0 0 266 628
edge 1414 s 0 0 266 668
edge 1415 s 0 0 266 711
edge 1416 s 0 0 266 746
edge 1417 s 0 0 266 749
edge 1418 s 0 0 266 762
edge 1419 s 0 0 266 774
edge 1420 s 0 0 266 842
edge 1421 s 0 0 266 853
edge 1422 s 0 0 266 862
edge 1423 s 0 0 266 876
edge 1424 s 0 0 266 909
pcp 11263 518
pcp 11251 168
pcp 10649 168
pcp 10408 519
pcp 10076 319
pcp 9711 319
pcp 9686 519
pcp 9673 518
