frag gi|25 11735 12674
img_no 10
edge_no 8
msp 385 s 476 76.1 1 167 gi|2 19668 19993 268 gi|25 12272 12600
msp 393 s 399 75.9 1 169 gi|2 21419 21630 268 gi|25 11747 11956
msp 473 s 387 81.2 1 693 gi|5 19479 19782 268 gi|25 11823 12123
msp 575 s 273 78.7 1 865 gi|6 7146 7370 268 gi|25 11824 12042
msp 703 s 300 77.6 1 874 gi|6 32984 33233 268 gi|25 11801 12040
msp 3196 s 336 73.1 1 268 gi|25 11735 12072 519 gi|39 29141 29485
msp 3198 s 261 76.3 1 268 gi|25 11747 12388 518 gi|39 27350 27988
msp 3200 s 338 73.1 -1 268 gi|25 11824 12042 508 gi|38 35796 36047
msp 3202 s 274 74.2 1 268 gi|25 12094 12562 519 gi|39 29411 29873
msp 3204 s 284 76.3 1 268 gi|25 12203 12674 518 gi|39 27704 28155
edge 1895 s 0 0 169 268
edge 1922 s 0 0 693 268
edge 1946 s 0 0 865 268
edge 1952 s 0 0 874 268
edge 1967 s 0 0 268 167
edge 1968 s 0 0 268 508
edge 1969 s 0 0 268 518
edge 1970 s 0 0 268 519
