frag gi|27 10542 12395
img_no 5
flimg_no 1
edge_no 5
msp 1535 p 250 88.4 1 78 gi|14 29940 30008 293 gi|27 12312 12377
msp 2607 p 272 84.9 1 198 gi|21 18355 18427 293 gi|27 11945 12011
msp 3394 p 1987 72.8 1 293 gi|27 10542 12395 850 gi|58 34140 35984
msp 3396 s 1955 74.9 1 293 gi|27 10605 12228 301 gi|28 3953 5579
msp 3398 s 2303 74.7 1 293 gi|27 10610 12251 752 gi|52 36082 37729
edge 2286 p 1 88 78 293
edge 2287 p 1 84 293 198
edge 2288 s 0 0 293 301
edge 2289 s 0 0 293 752
edge 2290 p 1 72 293 850
pcp 10542 850
pcp 11945 198
pcp 12011 198
pcp 12312 78
pcp 12377 78
pcp 12395 850
