frag gi|27 14168 14301
img_no 5
flimg_no 1
edge_no 5
msp 1377 s 293 77.7 -1 52 gi|12 20828 20930 294 gi|27 14183 14288
msp 3400 p 306 79.8 1 294 gi|27 14165 14248 821 gi|56 5491 5569
msp 3402 p 315 77.8 1 294 gi|27 14170 14254 998 gi|56 1932 2014
msp 3404 p 297 79.4 1 294 gi|27 14171 14301 817 gi|56 3456 3591
msp 3406 s 253 71.4 -1 294 gi|27 14175 14251 444 gi|35 9989 10065
edge 1566 s 0 0 52 294
edge 1595 s 0 0 444 294
edge 2104 p 1 79 817 294
edge 2122 p 1 77 998 294
edge 2803 p 1 79 294 821
pcp 14301 817
pcp 14254 998
pcp 14248 821
pcp 14171 817
pcp 14170 998
pcp 14165 821
