frag gi|28 11706 11752
img_no 4
edge_no 4
msp 153 p 260 89.1 -1 1015 gi|3 13997 14042 304 gi|28 11706 11751
msp 1495 p 294 93.4 -1 72 gi|14 9427 9487 304 gi|28 11703 11752
msp 3073 p 335 91.5 -1 1013 gi|23 23525 23569 304 gi|28 11708 11752
msp 3644 p 243 87.5 1 304 gi|28 11708 11755 1014 gi|50 11280 11326
edge 2239 p -1 92 72 304
edge 2253 p -1 91 1013 304
edge 2258 p 1 87 1014 304
edge 2263 p -1 89 1015 304
pcp 11703 72
pcp 11706 1015
pcp 11708 1013
pcp 11708 1014
pcp 11751 1015
pcp 11752 1013
pcp 11752 72
pcp 11755 1014
