frag gi|28 12250 12473
img_no 6
flimg_no 1
edge_no 5
msp 1741 s 260 81.3 1 101 gi|16 17076 17166 306 gi|28 12366 12452
msp 2049 s 276 82.8 -1 118 gi|17 15002 15059 306 gi|28 12366 12422
msp 2087 s 283 78.3 -1 1004 gi|17 36019 36129 306 gi|28 12366 12471
msp 3277 s 292 78.0 -1 250 gi|24 21122 21230 306 gi|28 12366 12472
msp 3648 p 489 76.2 -1 306 gi|28 12250 12473 1002 gi|49 19609 19839
msp 3650 s 316 81.7 -1 306 gi|28 12366 12474 1002 gi|49 19724 19839
edge 1590 s 0 0 250 306
edge 2100 s 0 0 118 306
edge 2188 p -1 76 1002 306
edge 2196 s 0 0 1004 306
edge 2540 s 0 0 101 306
pcp 12250 1002
pcp 12473 1002
