frag gi|28 20822 20901
img_no 4
flimg_no 3
edge_no 4
msp 151 p 306 81.2 -1 1015 gi|3 13997 14076 308 gi|28 20822 20900
msp 1493 p 277 86.6 -1 72 gi|14 9424 9520 308 gi|28 20820 20904
msp 3075 p 272 79.8 -1 1013 gi|23 23525 23603 308 gi|28 20824 20901
msp 3652 p 266 81.8 1 308 gi|28 20857 20900 1014 gi|50 11280 11323
edge 2240 p -1 86 72 308
edge 2254 p -1 79 1013 308
edge 2259 p 1 81 1014 308
edge 2264 p -1 81 1015 308
pcp 20820 72
pcp 20822 1015
pcp 20824 1013
pcp 20857 1014
pcp 20900 1015
pcp 20900 1014
pcp 20901 1013
pcp 20904 72
