frag gi|29 441 528
img_no 12
flimg_no 1
edge_no 12
msp 629 p 349 88.9 -1 869 gi|6 21923 22003 320 gi|29 441 528
msp 1193 s 321 86.0 1 30 gi|11 3704 3753 320 gi|29 464 513
msp 1911 s 351 89.4 -1 114 gi|17 7024 7089 320 gi|29 441 510
msp 2671 s 267 93.6 -1 201 gi|21 22359 22405 320 gi|29 466 510
msp 3359 s 254 85.7 -1 290 gi|27 5088 5157 320 gi|29 441 510
msp 3430 s 297 86.2 -1 320 gi|29 458 522 380 gi|31 19711 19781
msp 3432 s 323 84.3 1 320 gi|29 460 510 372 gi|31 8623 8673
msp 3434 s 326 89.8 1 320 gi|29 462 510 583 gi|43 21796 21844
msp 3436 s 293 95.7 -1 320 gi|29 465 510 353 gi|30 7129 7177
msp 3438 s 346 91.3 1 320 gi|29 465 510 625 gi|45 32573 32618
msp 3440 s 266 81.8 -1 320 gi|29 466 509 384 gi|31 28020 28063
msp 3442 s 268 94.1 1 320 gi|29 466 499 549 gi|40 35496 35529
edge 771 s 0 0 384 320
edge 792 s 0 0 30 320
edge 817 s 0 0 114 320
edge 845 s 0 0 290 320
edge 933 s 0 0 583 320
edge 951 s 0 0 625 320
edge 964 p -1 88 869 320
edge 970 s 0 0 372 320
edge 1008 s 0 0 201 320
edge 1015 s 0 0 320 353
edge 1016 s 0 0 320 380
edge 1017 s 0 0 320 549
pcp 528 869
pcp 441 869
