frag gi|29 7980 8347
img_no 37
edge_no 35
msp 283 s 412 87.6 1 532 gi|4 24928 25024 327 gi|29 8253 8335
msp 533 s 252 82.5 -1 862 gi|6 3748 3810 327 gi|29 8256 8315
msp 751 s 262 79.6 1 876 gi|6 36035 36088 327 gi|29 8259 8312
msp 941 s 255 81.0 1 909 gi|8 675 737 327 gi|29 8244 8305
msp 1049 s 272 83.6 1 918 gi|8 31819 31873 327 gi|29 8254 8307
msp 1317 s 334 85.9 1 51 gi|12 19988 20115 327 gi|29 8188 8306
msp 1701 s 278 78.9 1 98 gi|16 3182 3252 327 gi|29 8244 8315
msp 1813 s 268 86.5 1 109 gi|16 34675 34726 327 gi|29 8253 8305
msp 1981 s 354 90.2 -1 116 gi|17 13338 13388 327 gi|29 8258 8308
msp 2137 s 265 85.5 1 138 gi|18 29292 29346 327 gi|29 8256 8307
msp 2321 s 337 83.1 1 159 gi|19 33090 33166 327 gi|29 8243 8312
msp 2371 s 293 86.4 -1 159 gi|19 33177 33235 327 gi|29 8257 8317
msp 2469 s 359 83.6 -1 182 gi|20 22950 23022 327 gi|29 8260 8332
msp 2527 s 268 90.0 -1 184 gi|20 30528 30587 327 gi|29 8260 8318
msp 2595 p 296 86.2 -1 196 gi|21 15695 15752 327 gi|29 8246 8307
msp 2823 s 343 87.9 1 212 gi|22 5765 5822 327 gi|29 8252 8307
msp 2911 s 297 84.3 -1 222 gi|22 31672 31722 327 gi|29 8259 8309
msp 3143 s 313 84.2 -1 266 gi|25 9585 9641 327 gi|29 8251 8306
msp 3458 p 303 79.8 -1 327 gi|29 7980 8167 374 gi|31 9375 9562
msp 3460 s 287 82.2 -1 327 gi|29 8062 8303 564 gi|42 11799 12033
msp 3462 s 281 79.6 -1 327 gi|29 8123 8313 400 gi|32 14438 14610
msp 3464 s 388 79.4 -1 327 gi|29 8205 8306 668 gi|49 2504 2605
msp 3466 s 365 83.5 1 327 gi|29 8220 8310 749 gi|52 28088 28177
msp 3468 s 343 79.8 1 327 gi|29 8229 8347 746 gi|52 21276 21398
msp 3470 s 294 84.1 1 327 gi|29 8244 8306 711 gi|50 31976 32037
msp 3472 s 278 82.5 1 327 gi|29 8250 8306 567 gi|42 15880 15937
msp 3474 s 275 84.6 -1 327 gi|29 8256 8307 398 gi|32 11275 11328
msp 3476 s 343 83.3 -1 327 gi|29 8257 8322 567 gi|42 15809 15877
msp 3478 s 291 85.7 -1 327 gi|29 8257 8305 762 gi|53 13105 13153
msp 3480 s 263 90.0 -1 327 gi|29 8258 8317 667 gi|49 1501 1560
msp 3482 s 318 93.9 1 327 gi|29 8258 8306 628 gi|45 39348 39399
msp 3484 s 335 88.0 1 327 gi|29 8258 8307 385 gi|31 32065 32114
msp 3486 s 333 89.8 -1 327 gi|29 8258 8306 563 gi|41 34625 34673
msp 3488 s 265 87.0 -1 327 gi|29 8259 8304 609 gi|44 27266 27311
msp 3490 s 300 79.7 -1 327 gi|29 8259 8317 775 gi|54 9556 9616
msp 3492 s 279 83.3 -1 327 gi|29 8259 8312 853 gi|58 39602 39656
msp 3621 s 319 85.7 1 300 gi|28 3043 3091 327 gi|29 8259 8307
edge 590 s 0 0 532 327
edge 643 s 0 0 775 327
edge 695 s 0 0 564 327
edge 872 s 0 0 300 327
edge 985 s 0 0 109 327
edge 1260 s 0 0 116 327
edge 1298 s 0 0 182 327
edge 1323 s 0 0 184 327
edge 1355 s 0 0 212 327
edge 1399 s 0 0 266 327
edge 1472 s 0 0 746 327
edge 1492 s 0 0 749 327
edge 1517 s 0 0 762 327
edge 1540 s 0 0 853 327
edge 1626 s 0 0 51 327
edge 1658 s 0 0 159 327
edge 1678 s 0 0 222 327
edge 1698 s 0 0 327 98
edge 1699 s 0 0 327 138
edge 1700 p -1 86 327 196
edge 1701 p -1 79 327 374
edge 1702 s 0 0 327 385
edge 1703 s 0 0 327 398
edge 1704 s 0 0 327 400
edge 1705 s 0 0 327 563
edge 1706 s 0 0 327 567
edge 1707 s 0 0 327 609
edge 1708 s 0 0 327 628
edge 1709 s 0 0 327 667
edge 1710 s 0 0 327 668
edge 1711 s 0 0 327 711
edge 1712 s 0 0 327 862
edge 1713 s 0 0 327 876
edge 1714 s 0 0 327 909
edge 1715 s 0 0 327 918
pcp 8307 196
pcp 8246 196
pcp 8167 374
pcp 7980 374
