frag gi|29 8414 9843
img_no 12
flimg_no 2
edge_no 12
msp 1657 p 12536 99.6 1 1016 gi|15 31437 32870 328 gi|29 8410 9843
msp 2261 p 10055 100.0 -1 154 gi|19 21311 22433 328 gi|29 8721 9843
msp 2293 p 2540 97.7 -1 1017 gi|19 24877 25183 328 gi|29 8417 8726
msp 3494 p 12561 99.6 1 328 gi|29 8415 9843 1020 gi|34 10076 11503
msp 3496 p 8923 98.7 -1 328 gi|29 8417 9446 1024 gi|47 2880 3909
msp 3498 p 12560 100.0 1 328 gi|29 8445 9844 1022 gi|44 36752 38151
msp 3500 s 261 77.8 1 328 gi|29 8912 9757 1033 gi|32 5239 6090
msp 3502 s 325 76.9 1 328 gi|29 8936 9737 1027 gi|51 6824 7617
msp 3504 s 297 75.9 1 328 gi|29 9240 9703 1034 gi|32 7319 7776
msp 3506 p 2561 96.4 -1 328 gi|29 9393 9728 1023 gi|47 1 325
msp 3508 s 344 82.0 1 328 gi|29 9504 9703 1021 gi|39 749 929
msp 3510 p 1051 100.0 -1 328 gi|29 9729 9843 1028 gi|55 39886 40000
edge 2335 p -1 100 154 328
edge 2407 p 1 99 1016 328
edge 2419 p -1 97 1017 328
edge 2426 p 1 99 1020 328
edge 2440 s 0 0 1021 328
edge 2451 p 1 100 1022 328
edge 2463 p -1 96 1023 328
edge 2475 p -1 98 1024 328
edge 2482 s 0 0 1027 328
edge 2497 p -1 100 1028 328
edge 2511 s 0 0 1033 328
edge 2522 s 0 0 1034 328
pcp 8410 1016
pcp 8415 1020
pcp 8417 1017
pcp 8417 1024
pcp 8445 1022
pcp 8721 154
pcp 8726 1017
pcp 9393 1023
pcp 9446 1024
pcp 9728 1023
pcp 9729 1028
pcp 9843 1016
pcp 9843 1020
pcp 9843 1028
pcp 9843 154
pcp 9844 1022
