frag gi|29 19546 20973
img_no 12
flimg_no 2
edge_no 12
msp 1659 p 12523 99.0 1 1016 gi|15 31437 32870 337 gi|29 19543 20973
msp 2263 p 10055 100.0 -1 154 gi|19 21311 22433 337 gi|29 19851 20973
msp 2295 p 2527 100.0 -1 1017 gi|19 24877 25159 337 gi|29 19574 19856
msp 3526 p 12579 99.2 1 337 gi|29 19548 20973 1020 gi|34 10078 11503
msp 3528 p 8910 99.6 -1 337 gi|29 19549 20576 1024 gi|47 2880 3907
msp 3530 p 12568 100.0 1 337 gi|29 19574 20974 1022 gi|44 36751 38151
msp 3532 s 261 77.8 1 337 gi|29 20042 20887 1033 gi|32 5239 6090
msp 3534 s 325 76.9 1 337 gi|29 20066 20867 1027 gi|51 6824 7617
msp 3536 s 297 75.9 1 337 gi|29 20370 20833 1034 gi|32 7319 7776
msp 3538 p 2561 96.4 -1 337 gi|29 20523 20858 1023 gi|47 1 325
msp 3540 s 344 82.0 1 337 gi|29 20634 20833 1021 gi|39 749 929
msp 3542 p 1051 100.0 -1 337 gi|29 20859 20973 1028 gi|55 39886 40000
edge 2336 p -1 100 154 337
edge 2408 p 1 99 1016 337
edge 2420 p -1 100 1017 337
edge 2427 p 1 99 1020 337
edge 2441 s 0 0 1021 337
edge 2452 p 1 100 1022 337
edge 2464 p -1 96 1023 337
edge 2476 p -1 99 1024 337
edge 2483 s 0 0 1027 337
edge 2498 p -1 100 1028 337
edge 2512 s 0 0 1033 337
edge 2523 s 0 0 1034 337
pcp 19543 1016
pcp 19548 1020
pcp 19549 1024
pcp 19574 1017
pcp 19574 1022
pcp 19851 154
pcp 19856 1017
pcp 20523 1023
pcp 20576 1024
pcp 20858 1023
pcp 20859 1028
pcp 20973 1016
pcp 20973 1020
pcp 20973 1028
pcp 20973 154
pcp 20974 1022
