frag gi|29 28227 28324
img_no 21
flimg_no 1
edge_no 19
msp 625 s 368 84.7 1 869 gi|6 21915 21986 341 gi|29 28222 28295
msp 1935 s 292 80.4 -1 114 gi|17 7080 7130 341 gi|29 28248 28298
msp 2613 s 276 86.5 1 199 gi|21 19647 19698 341 gi|29 28244 28294
msp 2661 s 382 93.8 1 201 gi|21 22358 22405 341 gi|29 28248 28295
msp 2781 p 251 79.3 -1 965 gi|22 2180 2266 341 gi|29 28227 28324
msp 3013 p 318 90.1 1 225 gi|22 37734 37804 341 gi|29 28249 28310
msp 3311 s 298 89.4 1 254 gi|24 28731 28777 341 gi|29 28249 28295
msp 3357 s 265 89.8 1 290 gi|27 5088 5136 341 gi|29 28249 28296
msp 3371 s 361 92.7 -1 290 gi|27 5145 5199 341 gi|29 28248 28300
msp 3550 s 308 85.5 1 341 gi|29 28234 28295 380 gi|31 19702 19769
msp 3552 s 273 80.0 -1 341 gi|29 28237 28301 372 gi|31 8622 8685
msp 3554 s 311 86.5 -1 341 gi|29 28237 28288 448 gi|35 15127 15178
msp 3556 s 298 90.8 1 341 gi|29 28247 28309 966 gi|44 1669 1726
msp 3558 s 333 94.1 -1 341 gi|29 28248 28298 583 gi|43 21797 21845
msp 3560 s 309 92.0 -1 341 gi|29 28248 28297 625 gi|45 32572 32619
msp 3562 s 381 87.3 1 341 gi|29 28249 28303 583 gi|43 21740 21794
msp 3564 s 324 86.4 -1 341 gi|29 28249 28329 375 gi|31 11720 11791
msp 3566 s 316 93.3 -1 341 gi|29 28249 28293 967 gi|35 33976 34020
msp 3568 s 270 91.3 1 341 gi|29 28250 28295 384 gi|31 28020 28063
msp 3570 s 262 86.0 1 341 gi|29 28252 28294 423 gi|33 24046 24088
msp 3637 s 317 87.8 -1 300 gi|28 3110 3158 341 gi|29 28246 28294
edge 750 s 0 0 199 341
edge 772 s 0 0 384 341
edge 818 s 0 0 114 341
edge 846 s 0 0 290 341
edge 873 s 0 0 300 341
edge 899 s 0 0 341 201
edge 900 p 1 90 341 225
edge 901 s 0 0 341 254
edge 902 s 0 0 341 372
edge 903 s 0 0 341 375
edge 904 s 0 0 341 380
edge 905 s 0 0 341 423
edge 906 s 0 0 341 448
edge 908 s 0 0 341 583
edge 910 s 0 0 341 625
edge 911 s 0 0 341 869
edge 1046 p -1 79 965 341
edge 1060 s 0 0 966 341
edge 1076 s 0 0 967 341
pcp 28227 965
pcp 28249 225
pcp 28310 225
pcp 28324 965
