frag gi|3 1905 2958
img_no 13
edge_no 13
msp 35 p 267 97.3 1 5 gi|1 20038 20074 342 gi|3 1920 1953
msp 122 p 301 90.6 1 342 gi|3 1896 1948 99 gi|16 6475 6525
msp 124 p 256 85.4 -1 342 gi|3 1901 1948 173 gi|20 1915 1967
msp 126 p 251 85.6 -1 342 gi|3 1907 1996 539 gi|40 8139 8217
msp 128 s 310 95.9 -1 342 gi|3 1908 1956 833 gi|57 417 466
msp 130 p 269 89.4 1 342 gi|3 1909 1955 760 gi|53 10037 10083
msp 132 s 260 89.5 1 342 gi|3 1911 1948 683 gi|49 37162 37199
msp 134 p 573 75.3 -1 342 gi|3 1913 2958 627 gi|45 34617 35762
msp 136 s 252 96.7 -1 342 gi|3 1917 1946 775 gi|54 9595 9624
msp 138 s 262 88.3 1 342 gi|3 1919 1978 532 gi|4 24928 24999
msp 140 s 260 96.8 1 342 gi|3 1919 1949 638 gi|46 35093 35123
msp 142 s 254 100.0 1 342 gi|3 1922 1949 626 gi|45 34476 34503
msp 144 s 254 87.5 1 342 gi|3 1924 1963 779 gi|54 16134 16175
edge 556 p 1 97 5 342
edge 558 p 1 90 342 99
edge 559 p -1 84 342 173
edge 560 s 0 0 342 532
edge 561 p -1 84 342 539
edge 562 s 0 0 342 626
edge 563 p -1 75 342 627
edge 564 s 0 0 342 638
edge 565 s 0 0 342 683
edge 566 p 1 89 342 760
edge 567 s 0 0 342 775
edge 568 s 0 0 342 779
edge 569 s 0 0 342 833
pcp 1896 99
pcp 1901 173
pcp 1907 539
pcp 1909 760
pcp 1913 627
pcp 1920 5
pcp 1948 173
pcp 1948 99
pcp 1953 5
pcp 1955 760
pcp 1996 539
pcp 2958 627
