frag gi|30 22790 23105
img_no 9
flimg_no 3
edge_no 3
msp 1785 p 631 73.6 -1 108 gi|16 32003 32297 357 gi|30 22789 23105
msp 1787 s 526 78.7 1 108 gi|16 32003 32279 357 gi|30 22791 23089
msp 3101 p 525 76.0 -1 1038 gi|25 1318 1621 357 gi|30 22791 23106
msp 3103 p 502 75.2 1 1038 gi|25 1319 1621 357 gi|30 22791 23105
msp 3515 s 515 77.5 1 331 gi|29 12349 12539 357 gi|30 22905 23105
msp 3517 p 638 76.7 1 331 gi|29 12391 12707 357 gi|30 22789 23105
msp 3519 s 1361 75.5 -1 331 gi|29 12393 12710 357 gi|30 22788 23105
msp 3521 s 273 77.2 -1 331 gi|29 12437 12550 357 gi|30 22781 22895
msp 3523 s 337 81.0 -1 331 gi|29 12613 12717 357 gi|30 22952 23053
edge 2554 p -1 73 108 357
edge 2557 p 1 76 331 357
edge 2560 p -1 76 1038 357
pcp 22789 331
pcp 22789 108
pcp 22791 1038
pcp 22791 1038
pcp 23105 331
pcp 23105 1038
pcp 23105 108
pcp 23106 1038
