frag gi|31 8612 8676
img_no 11
edge_no 11
msp 901 p 263 73.1 1 906 gi|7 32660 32726 372 gi|31 8613 8682
msp 1907 s 253 86.0 -1 114 gi|17 7023 7065 372 gi|31 8630 8674
msp 2663 s 252 85.4 -1 201 gi|21 22358 22405 372 gi|31 8629 8674
msp 3245 s 302 84.9 -1 247 gi|24 11402 11454 372 gi|31 8623 8675
msp 3373 s 256 84.2 1 290 gi|27 5146 5202 372 gi|31 8624 8677
msp 3433 s 323 84.3 1 320 gi|29 460 510 372 gi|31 8623 8673
msp 3553 s 273 80.0 -1 341 gi|29 28237 28301 372 gi|31 8622 8685
msp 3830 p 268 82.3 -1 372 gi|31 8608 8675 966 gi|44 1669 1743
msp 3832 p 298 88.1 -1 372 gi|31 8616 8673 964 gi|51 24381 24440
msp 3834 s 287 86.0 1 372 gi|31 8625 8674 583 gi|43 21796 21845
msp 3836 s 325 89.4 1 372 gi|31 8628 8674 625 gi|45 32573 32619
edge 758 s 0 0 247 372
edge 790 p 1 72 906 372
edge 820 s 0 0 114 372
edge 848 s 0 0 290 372
edge 902 s 0 0 341 372
edge 935 s 0 0 583 372
edge 953 s 0 0 625 372
edge 969 s 0 0 372 201
edge 970 s 0 0 372 320
edge 1032 p -1 88 964 372
edge 1061 p -1 82 966 372
pcp 8608 966
pcp 8613 906
pcp 8616 964
pcp 8673 964
pcp 8675 966
pcp 8682 906
