frag gi|31 14359 14475
img_no 10
edge_no 3
msp 3852 s 210 77.2 -1 376 gi|31 14372 14456 1072 gi|54 15044 15127
msp 3854 p 359 88.7 1 376 gi|31 14359 14455 614 gi|44 38524 38624
msp 3856 s 471 81.3 -1 376 gi|31 14372 14460 1072 gi|54 14918 15006
msp 3858 s 390 80.0 1 376 gi|31 14372 14456 1072 gi|54 14951 15035
msp 3860 s 335 78.1 -1 376 gi|31 14372 14467 1072 gi|54 14971 15067
msp 3862 s 324 81.6 1 376 gi|31 14372 14461 1071 gi|44 4808 4900
msp 3864 s 266 80.5 -1 376 gi|31 14372 14448 1071 gi|44 4789 4870
msp 3866 s 305 81.2 1 376 gi|31 14377 14456 1072 gi|54 15017 15096
msp 3868 s 297 76.1 -1 376 gi|31 14396 14462 614 gi|44 38567 38632
msp 3870 p 323 82.3 1 376 gi|31 14400 14475 1072 gi|54 14918 14992
edge 2850 p 1 88 614 376
edge 2858 s 0 0 1071 376
edge 2862 p 1 82 1072 376
pcp 14359 614
pcp 14400 1072
pcp 14455 614
pcp 14475 1072
