frag gi|31 19434 19796
img_no 12
flimg_no 1
edge_no 11
msp 651 s 276 85.1 1 869 gi|6 21940 21986 380 gi|31 19723 19769
msp 1877 p 266 78.1 1 114 gi|17 6748 7090 380 gi|31 19434 19796
msp 1939 s 279 79.0 -1 114 gi|17 7084 7140 380 gi|31 19711 19768
msp 2631 s 347 83.8 1 201 gi|21 22339 22412 380 gi|31 19705 19777
msp 3307 s 287 85.7 1 254 gi|24 28731 28779 380 gi|31 19723 19771
msp 3431 s 297 86.2 -1 320 gi|29 458 522 380 gi|31 19711 19781
msp 3551 s 308 85.5 1 341 gi|29 28234 28295 380 gi|31 19702 19769
msp 3916 s 281 78.3 -1 380 gi|31 19682 19773 967 gi|35 33970 34058
msp 3918 s 232 90.6 1 380 gi|31 19709 19780 966 gi|44 1669 1734
msp 3920 s 312 93.8 -1 380 gi|31 19722 19769 625 gi|45 32574 32619
msp 3922 s 312 93.8 -1 380 gi|31 19722 19769 583 gi|43 21800 21845
msp 3924 s 293 100.0 -1 380 gi|31 19734 19773 549 gi|40 35492 35529
edge 822 p 1 78 114 380
edge 904 s 0 0 341 380
edge 937 s 0 0 583 380
edge 954 s 0 0 625 380
edge 965 s 0 0 869 380
edge 1010 s 0 0 201 380
edge 1016 s 0 0 320 380
edge 1062 s 0 0 966 380
edge 1078 s 0 0 967 380
edge 2772 s 0 0 254 380
edge 2773 s 0 0 380 549
pcp 19796 114
pcp 19434 114
