frag gi|31 32958 33081
img_no 5
edge_no 5
msp 1991 s 251 88.9 -1 116 gi|17 13339 13383 388 gi|31 33030 33074
msp 3001 p 273 84.7 -1 224 gi|22 36478 36608 388 gi|31 32958 33069
msp 3984 s 257 82.5 -1 388 gi|31 33025 33081 672 gi|49 15268 15324
msp 3986 s 252 89.6 -1 388 gi|31 33028 33075 701 gi|50 1955 2004
msp 3988 s 250 92.7 -1 388 gi|31 33029 33069 796 gi|55 22486 22529
edge 1215 s 0 0 672 388
edge 1262 s 0 0 116 388
edge 1379 p -1 84 224 388
edge 1433 s 0 0 388 701
edge 1434 s 0 0 388 796
pcp 32958 224
pcp 33069 224
