frag gi|32 29626 29783
img_no 9
flimg_no 1
edge_no 9
msp 497 s 282 84.5 1 697 gi|5 34873 34930 408 gi|32 29654 29709
msp 1625 s 335 85.2 -1 91 gi|15 21062 21115 408 gi|32 29652 29708
msp 3257 p 284 80.0 -1 249 gi|24 19781 19945 408 gi|32 29626 29783
msp 3387 s 250 89.8 -1 292 gi|27 10504 10562 408 gi|32 29661 29720
msp 4170 s 332 77.4 -1 408 gi|32 29655 29787 492 gi|37 39618 39771
msp 4172 s 345 81.8 -1 408 gi|32 29657 29722 672 gi|49 15258 15325
msp 4174 s 287 82.2 1 408 gi|32 29661 29733 681 gi|49 32854 32935
msp 4176 s 328 82.7 -1 408 gi|32 29661 29735 701 gi|50 1928 2004
msp 4178 s 293 79.0 1 408 gi|32 29661 29722 497 gi|38 6368 6429
edge 245 p -1 80 249 408
edge 1216 s 0 0 672 408
edge 1237 s 0 0 91 408
edge 1425 s 0 0 292 408
edge 1435 s 0 0 408 492
edge 1436 s 0 0 408 497
edge 1437 s 0 0 408 681
edge 1438 s 0 0 408 697
edge 1439 s 0 0 408 701
pcp 29626 249
pcp 29783 249
