frag gi|33 23359 24192
img_no 25
edge_no 17
msp 637 s 313 75.9 -1 869 gi|6 21939 22245 423 gi|33 23853 24147
msp 671 s 312 72.7 1 869 gi|6 21943 22041 423 gi|33 24046 24146
msp 1885 s 282 77.9 1 114 gi|17 6999 7129 423 gi|33 24018 24146
msp 1909 s 332 80.6 -1 114 gi|17 7024 7126 423 gi|33 24046 24146
msp 2621 s 297 77.7 1 199 gi|21 19656 19758 423 gi|33 24046 24147
msp 2639 s 359 81.9 -1 201 gi|21 22351 22488 423 gi|33 24031 24154
msp 2679 s 306 77.4 1 201 gi|21 22362 22467 423 gi|33 24046 24146
msp 2779 s 265 80.4 1 965 gi|22 2150 2251 423 gi|33 24045 24150
msp 3361 s 320 78.7 -1 290 gi|27 5088 5195 423 gi|33 24046 24146
msp 3367 s 355 78.7 1 290 gi|27 5091 5198 423 gi|33 24046 24146
msp 3571 s 262 86.0 1 341 gi|29 28252 28294 423 gi|33 24046 24088
msp 3627 s 264 77.2 -1 300 gi|28 3044 3166 423 gi|33 24032 24146
msp 3631 s 341 84.9 1 300 gi|28 3046 3164 423 gi|33 24044 24156
msp 3849 s 408 86.2 -1 375 gi|31 11691 11799 423 gi|33 24034 24146
msp 3935 s 304 75.5 -1 384 gi|31 28020 28296 423 gi|33 23881 24145
msp 3943 s 345 79.0 1 384 gi|31 28021 28120 423 gi|33 24045 24146
msp 4028 p 326 78.3 1 423 gi|33 23359 23865 727 gi|51 22802 23312
msp 4030 s 482 74.8 1 423 gi|33 23616 23905 726 gi|51 22250 22544
msp 4032 s 339 73.0 1 423 gi|33 23788 24009 508 gi|38 35800 36027
msp 4034 s 339 82.2 -1 423 gi|33 24046 24146 967 gi|35 33913 34017
msp 4036 s 271 82.2 1 423 gi|33 24046 24146 967 gi|35 33916 34020
msp 4038 s 387 78.9 -1 423 gi|33 24046 24192 583 gi|43 21693 21841
msp 4040 s 314 78.6 1 423 gi|33 24046 24148 583 gi|43 21743 21846
msp 4042 s 306 83.2 1 423 gi|33 24054 24148 625 gi|45 32520 32620
msp 4044 s 252 85.3 -1 423 gi|33 24072 24146 964 gi|51 24381 24451
edge 752 s 0 0 199 423
edge 773 s 0 0 384 423
edge 823 s 0 0 114 423
edge 850 s 0 0 290 423
edge 878 s 0 0 300 423
edge 905 s 0 0 341 423
edge 915 s 0 0 375 423
edge 920 s 0 0 423 201
edge 922 s 0 0 423 508
edge 923 s 0 0 423 583
edge 924 s 0 0 423 625
edge 925 s 0 0 423 726
edge 926 p 1 78 423 727
edge 927 s 0 0 423 869
edge 1034 s 0 0 964 423
edge 1049 s 0 0 965 423
edge 1080 s 0 0 967 423
pcp 23359 727
pcp 23865 727
