frag gi|33 33453 34849
img_no 7
flimg_no 1
edge_no 6
msp 1027 s 353 78.3 -1 914 gi|8 16579 16684 427 gi|33 33534 33639
msp 1029 s 306 84.3 -1 914 gi|8 16588 16670 427 gi|33 34331 34413
msp 2077 p 1070 74.6 1 125 gi|17 29658 31078 427 gi|33 33453 34849
msp 2083 p 270 77.5 -1 127 gi|17 33856 33953 427 gi|33 34693 34790
msp 4054 p 398 85.3 -1 427 gi|33 34293 34401 515 gi|39 20243 20354
msp 4056 s 303 71.1 -1 427 gi|33 34661 34781 727 gi|51 22849 22971
msp 4058 s 253 68.5 -1 427 gi|33 34704 34792 845 gi|58 22667 22758
edge 2011 s 0 0 845 427
edge 2015 p 1 74 125 427
edge 2585 p -1 77 127 427
edge 2586 p -1 85 427 515
edge 2587 s 0 0 427 727
edge 2588 s 0 0 427 914
pcp 33453 125
pcp 34293 515
pcp 34401 515
pcp 34693 127
pcp 34790 127
pcp 34849 125
