frag gi|35 51 2552
img_no 5
flimg_no 1
edge_no 5
msp 3017 s 285 77.1 1 226 gi|22 37864 38475 441 gi|35 494 1093
msp 3023 s 321 71.2 1 227 gi|22 39636 39913 441 gi|35 2266 2540
msp 4222 p 1352 75.1 -1 441 gi|35 51 2552 804 gi|55 34463 36991
msp 4224 s 255 75.5 -1 441 gi|35 561 976 806 gi|55 38951 39369
msp 4226 s 437 72.3 -1 441 gi|35 2113 2527 805 gi|55 37220 37637
edge 2740 s 0 0 226 441
edge 2743 s 0 0 441 227
edge 2744 p -1 75 441 804
edge 2745 s 0 0 441 805
edge 2746 s 0 0 441 806
pcp 51 804
pcp 2552 804
