frag gi|35 9983 10120
img_no 6
edge_no 6
msp 3407 s 253 71.4 -1 294 gi|27 14175 14251 444 gi|35 9989 10065
msp 4230 p 430 82.0 -1 444 gi|35 9978 10088 818 gi|56 4077 4185
msp 4232 p 314 76.2 1 444 gi|35 9982 10063 1037 gi|57 4008 4090
msp 4234 s 301 76.1 -1 444 gi|35 9990 10081 816 gi|56 2760 2851
msp 4236 p 321 73.8 1 444 gi|35 9991 10120 777 gi|54 13207 13339
msp 4238 s 409 84.8 1 444 gi|35 9992 10116 580 gi|43 8877 8994
edge 1562 p 1 72 777 444
edge 1595 s 0 0 444 294
edge 1596 s 0 0 444 580
edge 1597 s 0 0 444 816
edge 1598 p -1 82 444 818
edge 2542 p 1 76 1037 444
pcp 10120 777
pcp 10088 818
pcp 10063 1037
pcp 9991 777
pcp 9982 1037
pcp 9978 818
