frag gi|36 20328 20518
img_no 11
flimg_no 1
edge_no 11
msp 85 s 572 86.3 1 952 gi|1 34013 34169 465 gi|36 20330 20478
msp 161 p 498 81.2 -1 936 gi|3 16421 16610 465 gi|36 20328 20518
msp 839 p 419 80.5 -1 949 gi|7 22201 22348 465 gi|36 20327 20465
msp 1143 s 379 82.3 -1 25 gi|10 23586 23670 465 gi|36 20382 20470
msp 1257 p 281 84.0 1 932 gi|11 13703 13846 465 gi|36 20328 20461
msp 2787 s 352 75.2 -1 211 gi|22 3870 3970 465 gi|36 20387 20489
msp 3727 p 489 83.4 1 946 gi|30 23430 23574 465 gi|36 20328 20475
msp 4308 p 299 84.7 -1 465 gi|36 20329 20464 956 gi|51 37351 37495
msp 4310 s 408 76.2 -1 465 gi|36 20327 20477 509 gi|38 38482 38640
msp 4312 s 420 84.8 -1 465 gi|36 20372 20503 947 gi|38 2326 2454
msp 4314 s 423 85.1 1 465 gi|36 20377 20470 724 gi|51 18907 18996
edge 46 s 0 0 25 465
edge 63 s 0 0 211 465
edge 141 s 0 0 509 465
edge 162 s 0 0 724 465
edge 280 p 1 84 932 465
edge 315 p -1 81 936 465
edge 410 p 1 83 946 465
edge 434 s 0 0 947 465
edge 453 p -1 80 949 465
edge 475 s 0 0 952 465
edge 509 p -1 84 956 465
pcp 20518 936
pcp 20475 946
pcp 20465 949
pcp 20464 956
pcp 20461 932
pcp 20329 956
pcp 20328 932
pcp 20328 946
pcp 20328 936
pcp 20327 949
