frag gi|37 18941 19655
img_no 5
edge_no 5
msp 2401 p 543 76.2 -1 171 gi|20 60 441 482 gi|37 18941 19320
msp 2579 s 305 74.2 -1 190 gi|20 38496 38844 482 gi|37 18963 19308
msp 4408 p 320 73.7 1 482 gi|37 18967 19262 716 gi|50 38785 39086
msp 4410 s 429 70.7 -1 482 gi|37 19091 19581 706 gi|50 21737 22227
msp 4412 p 353 71.8 -1 482 gi|37 19433 19655 589 gi|43 37986 38199
edge 2656 p -1 76 171 482
edge 2657 s 0 0 482 190
edge 2658 p -1 70 482 589
edge 2659 s 0 0 482 706
edge 2660 p 1 73 482 716
pcp 19655 589
pcp 19433 589
pcp 19320 171
pcp 19262 716
pcp 18967 716
pcp 18941 171
