frag gi|39 27323 28912
img_no 8
flimg_no 1
edge_no 7
msp 375 s 1518 76.6 1 167 gi|2 19251 19995 518 gi|39 27341 28097
msp 391 s 279 75.1 1 168 gi|2 20504 20981 518 gi|39 28381 28876
msp 395 s 515 76.3 1 169 gi|2 21419 22331 518 gi|39 27350 28262
msp 1953 s 258 78.3 1 115 gi|17 8549 8617 518 gi|39 27917 27984
msp 3169 p 1211 75.6 1 266 gi|25 9673 11263 518 gi|39 27323 28912
msp 3199 s 261 76.3 1 268 gi|25 11747 12388 518 gi|39 27350 27988
msp 3205 s 284 76.3 1 268 gi|25 12203 12674 518 gi|39 27704 28155
msp 3423 s 296 73.2 -1 319 gi|29 96 420 518 gi|39 27371 27689
edge 1404 p 1 75 266 518
edge 1897 s 0 0 169 518
edge 1969 s 0 0 268 518
edge 1971 s 0 0 518 115
edge 1972 s 0 0 518 167
edge 1973 s 0 0 518 168
edge 1974 s 0 0 518 319
pcp 28912 266
pcp 27323 266
