frag gi|40 15213 16353
img_no 6
edge_no 6
msp 2683 p 272 74.3 1 203 gi|21 24449 24549 540 gi|40 15529 15629
msp 3321 s 274 77.3 -1 259 gi|24 37004 37311 540 gi|40 16041 16353
msp 3327 s 484 71.1 -1 260 gi|24 38066 38449 540 gi|40 15361 15754
msp 3329 p 670 74.9 -1 261 gi|24 38596 39520 540 gi|40 15339 16247
msp 4486 p 409 77.9 1 540 gi|40 15213 15316 714 gi|50 34815 34919
msp 4488 p 260 82.8 -1 540 gi|40 15224 15648 846 gi|58 23060 23476
edge 2013 p -1 82 846 540
edge 2717 p 1 74 203 540
edge 2718 s 0 0 540 259
edge 2719 s 0 0 540 260
edge 2720 p -1 74 540 261
edge 2721 p 1 77 540 714
pcp 15213 714
pcp 15224 846
pcp 15316 714
pcp 15339 261
pcp 15529 203
pcp 15629 203
pcp 15648 846
pcp 16247 261
