frag gi|41 28593 29467
img_no 6
edge_no 6
msp 483 s 440 79.2 1 693 gi|5 19605 20105 560 gi|41 28984 29436
msp 585 s 343 74.4 1 865 gi|6 7243 7707 560 gi|41 28943 29396
msp 1403 p 1058 75.7 -1 56 gi|12 28739 29578 560 gi|41 28593 29450
msp 2151 s 324 72.1 -1 140 gi|18 36468 36739 560 gi|41 29164 29420
msp 2957 s 277 74.1 -1 223 gi|22 35637 35926 560 gi|41 29190 29467
msp 4415 s 330 79.5 -1 483 gi|37 23311 23940 560 gi|41 28830 29425
edge 1880 p -1 75 56 560
edge 1893 s 0 0 140 560
edge 1907 s 0 0 483 560
edge 1916 s 0 0 560 223
edge 1917 s 0 0 560 693
edge 1918 s 0 0 560 865
pcp 29450 56
pcp 28593 56
