frag gi|43 32554 32649
img_no 5
flimg_no 2
edge_no 5
msp 913 s 341 92.5 -1 925 gi|9 24974 25040 586 gi|43 32584 32650
msp 3035 s 262 78.0 -1 229 gi|23 3409 3499 586 gi|43 32566 32651
msp 3081 s 335 84.1 1 241 gi|23 34010 34072 586 gi|43 32584 32649
msp 4604 p 282 81.6 1 586 gi|43 32552 32649 700 gi|50 1673 1762
msp 4606 p 288 78.5 -1 586 gi|43 32557 32649 738 gi|52 11437 11526
edge 153 p 1 81 700 586
edge 219 s 0 0 229 586
edge 236 p -1 78 738 586
edge 269 s 0 0 241 586
edge 271 s 0 0 586 925
pcp 32649 700
pcp 32649 738
pcp 32557 738
pcp 32552 700
