frag gi|12 36870 37256
img_no 16
edge_no 13
msp 413 s 316 80.5 -1 685 gi|5 1897 1978 59 gi|12 36897 36973
msp 805 s 409 81.5 1 888 gi|7 2378 2458 59 gi|12 36889 36971
msp 1420 s 252 75.5 -1 59 gi|12 36870 36971 250 gi|24 21162 21277
msp 1422 s 1045 84.6 -1 59 gi|12 36886 37210 624 gi|45 31159 31455
msp 1424 s 285 73.5 -1 59 gi|12 36896 36978 819 gi|56 5216 5300
msp 1426 s 277 77.6 -1 59 gi|12 36896 36971 399 gi|32 14256 14329
msp 1428 s 703 100.0 -1 59 gi|12 36897 36971 623 gi|45 30934 31008
msp 1430 s 257 78.0 -1 59 gi|12 36904 37076 500 gi|38 13449 13665
msp 1432 s 1347 85.9 -1 59 gi|12 36905 37224 624 gi|45 31027 31336
msp 1434 s 473 79.0 -1 59 gi|12 36914 37094 624 gi|45 31033 31216
msp 1436 p 255 75.3 -1 59 gi|12 37010 37094 219 gi|22 24498 24575
msp 1438 s 281 75.7 -1 59 gi|12 37010 37194 1000 gi|19 20319 20499
msp 1440 s 258 79.4 -1 59 gi|12 37016 37122 618 gi|45 13966 14068
msp 1442 s 266 77.4 -1 59 gi|12 37024 37076 500 gi|38 13611 13664
msp 1444 s 250 74.1 -1 59 gi|12 37024 37077 995 gi|23 17957 18010
msp 1446 p 256 78.8 -1 59 gi|12 37144 37256 997 gi|25 6686 6793
edge 1588 s 0 0 250 59
edge 1608 s 0 0 624 59
edge 2060 p -1 75 59 219
edge 2063 s 0 0 59 399
edge 2064 s 0 0 59 500
edge 2065 s 0 0 59 618
edge 2066 s 0 0 59 623
edge 2067 s 0 0 59 685
edge 2068 s 0 0 59 819
edge 2069 s 0 0 59 888
edge 2106 s 0 0 995 59
edge 2116 p -1 78 997 59
edge 2126 s 0 0 1000 59
pcp 37010 219
pcp 37094 219
pcp 37144 997
pcp 37256 997
