frag gi|44 7185 7408
img_no 5
flimg_no 1
edge_no 5
msp 1417 s 276 90.9 -1 58 gi|12 36066 36109 597 gi|44 7350 7393
msp 3181 s 251 95.0 1 267 gi|25 11536 11575 597 gi|44 7351 7388
msp 3415 p 376 84.6 -1 299 gi|27 38408 38608 597 gi|44 7185 7408
msp 3699 s 297 91.3 1 352 gi|30 76 121 597 gi|44 7351 7396
msp 4261 p 258 90.9 -1 451 gi|35 23736 23779 597 gi|44 7350 7392
edge 83 s 0 0 267 597
edge 253 s 0 0 597 58
edge 254 p -1 84 597 299
edge 255 s 0 0 597 352
edge 256 p -1 90 597 451
pcp 7185 299
pcp 7350 451
pcp 7392 451
pcp 7408 299
