frag gi|44 27091 27342
img_no 61
edge_no 41
msp 307 s 270 80.4 -1 532 gi|4 24931 24981 609 gi|44 27264 27314
msp 323 s 268 98.0 1 532 gi|4 24932 24982 609 gi|44 27198 27249
msp 529 s 324 87.3 -1 862 gi|6 3744 3814 609 gi|44 27192 27259
msp 565 s 302 92.2 1 862 gi|6 3759 3809 609 gi|44 27266 27314
msp 743 s 416 88.7 -1 876 gi|6 36035 36149 609 gi|44 27201 27311
msp 745 s 361 84.3 1 876 gi|6 36035 36149 609 gi|44 27200 27310
msp 945 s 269 91.5 1 909 gi|8 679 737 609 gi|44 27190 27247
msp 997 s 348 95.6 -1 909 gi|8 692 736 609 gi|44 27266 27310
msp 1201 s 355 82.4 1 32 gi|11 4523 4653 609 gi|44 27192 27306
msp 1323 s 293 77.8 1 51 gi|12 20025 20114 609 gi|44 27157 27247
msp 1477 s 329 95.6 -1 60 gi|12 39634 39678 609 gi|44 27266 27310
msp 1687 s 313 88.6 1 98 gi|16 3146 3233 609 gi|44 27237 27326
msp 1809 s 262 92.7 1 109 gi|16 34672 34726 609 gi|44 27191 27247
msp 1833 s 251 85.1 -1 109 gi|16 34679 34725 609 gi|44 27266 27313
msp 1929 s 266 79.2 -1 114 gi|17 7024 7129 609 gi|44 27201 27310
msp 2033 s 299 89.1 1 116 gi|17 13342 13387 609 gi|44 27266 27311
msp 2157 s 254 78.7 1 142 gi|19 1596 1684 609 gi|44 27169 27252
msp 2325 s 480 88.2 -1 159 gi|19 33100 33234 609 gi|44 27199 27320
msp 2339 s 387 86.5 1 159 gi|19 33108 33233 609 gi|44 27196 27311
msp 2439 s 428 84.2 -1 182 gi|20 22896 23022 609 gi|44 27201 27317
msp 2451 s 392 91.5 1 182 gi|20 22906 23022 609 gi|44 27201 27310
msp 2511 s 271 91.3 1 184 gi|20 30462 30587 609 gi|44 27199 27310
msp 2675 s 311 80.9 1 201 gi|21 22359 22468 609 gi|44 27201 27311
msp 2807 s 285 85.9 -1 212 gi|22 5749 5819 609 gi|44 27266 27326
msp 2913 s 269 94.2 -1 222 gi|22 31674 31725 609 gi|44 27197 27249
msp 2923 s 367 93.8 1 222 gi|22 31675 31722 609 gi|44 27264 27311
msp 3121 s 304 85.5 1 266 gi|25 9567 9635 609 gi|44 27251 27314
msp 3165 s 251 91.8 -1 266 gi|25 9586 9634 609 gi|44 27198 27247
msp 3489 s 265 87.0 -1 327 gi|29 8259 8304 609 gi|44 27266 27311
msp 3601 s 513 86.2 -1 300 gi|28 3043 3158 609 gi|44 27198 27311
msp 3603 s 325 83.8 1 300 gi|28 3043 3159 609 gi|44 27200 27314
msp 3949 s 384 85.9 1 385 gi|31 31972 32113 609 gi|44 27085 27248
msp 3975 s 256 86.3 -1 385 gi|31 32063 32113 609 gi|44 27264 27314
msp 4097 s 355 86.1 1 398 gi|32 11256 11334 609 gi|44 27242 27320
msp 4133 s 257 83.5 1 400 gi|32 14424 14502 609 gi|44 27244 27321
msp 4143 s 283 82.9 -1 400 gi|32 14444 14548 609 gi|44 27136 27248
msp 4251 s 255 86.8 1 448 gi|35 15116 15198 609 gi|44 27259 27342
msp 4259 s 255 83.3 -1 448 gi|35 15123 15170 609 gi|44 27200 27246
msp 4453 s 255 84.2 1 492 gi|37 39712 39768 609 gi|44 27255 27313
msp 4519 s 297 91.3 1 562 gi|41 32203 32248 609 gi|44 27267 27312
msp 4523 s 280 85.9 -1 562 gi|41 32219 32282 609 gi|44 27256 27319
msp 4567 s 286 91.8 -1 563 gi|41 34626 34674 609 gi|44 27198 27247
msp 4573 s 296 83.3 1 563 gi|41 34627 34674 609 gi|44 27266 27313
msp 4593 s 423 88.7 1 583 gi|43 21738 21843 609 gi|44 27199 27304
msp 4621 p 301 83.6 -1 564 gi|42 11778 11972 609 gi|44 27091 27270
msp 4645 s 317 89.4 1 564 gi|42 11797 11843 609 gi|44 27265 27311
msp 4691 s 348 91.8 -1 567 gi|42 15887 15935 609 gi|44 27266 27314
msp 4709 s 264 83.3 1 577 gi|42 39818 39901 609 gi|44 27258 27332
msp 4726 s 647 89.0 1 609 gi|44 27160 27314 853 gi|58 39501 39659
msp 4728 s 416 89.2 -1 609 gi|44 27186 27314 853 gi|58 39541 39666
msp 4730 s 333 93.6 -1 609 gi|44 27187 27311 775 gi|54 9534 9633
msp 4732 s 267 87.5 1 609 gi|44 27193 27272 746 gi|52 21300 21384
msp 4734 s 370 87.5 1 609 gi|44 27194 27249 774 gi|54 7959 8015
msp 4736 s 466 85.1 1 609 gi|44 27195 27315 628 gi|45 39344 39469
msp 4738 s 272 89.7 1 609 gi|44 27196 27253 749 gi|52 28121 28178
msp 4740 s 368 88.6 -1 609 gi|44 27200 27313 628 gi|45 39347 39465
msp 4742 s 258 83.0 1 609 gi|44 27200 27311 762 gi|53 13055 13151
msp 4744 s 252 90.9 -1 609 gi|44 27200 27254 668 gi|49 2498 2551
msp 4746 s 317 89.7 1 609 gi|44 27238 27315 775 gi|54 9545 9620
msp 4748 s 264 86.5 -1 609 gi|44 27262 27313 842 gi|58 10173 10226
msp 4750 s 267 87.5 -1 609 gi|44 27266 27321 749 gi|52 28113 28171
edge 598 s 0 0 532 609
edge 651 s 0 0 775 609
edge 702 p -1 82 564 609
edge 804 s 0 0 32 609
edge 827 s 0 0 114 609
edge 884 s 0 0 300 609
edge 942 s 0 0 583 609
edge 990 s 0 0 109 609
edge 1012 s 0 0 201 609
edge 1269 s 0 0 116 609
edge 1305 s 0 0 182 609
edge 1331 s 0 0 184 609
edge 1363 s 0 0 212 609
edge 1412 s 0 0 266 609
edge 1448 s 0 0 492 609
edge 1478 s 0 0 746 609
edge 1500 s 0 0 749 609
edge 1522 s 0 0 762 609
edge 1549 s 0 0 853 609
edge 1633 s 0 0 51 609
edge 1648 s 0 0 142 609
edge 1666 s 0 0 159 609
edge 1688 s 0 0 222 609
edge 1707 s 0 0 327 609
edge 1723 s 0 0 385 609
edge 1736 s 0 0 398 609
edge 1752 s 0 0 400 609
edge 1768 s 0 0 562 609
edge 1777 s 0 0 563 609
edge 1793 s 0 0 567 609
edge 1804 s 0 0 609 60
edge 1805 s 0 0 609 98
edge 1806 s 0 0 609 448
edge 1807 s 0 0 609 577
edge 1808 s 0 0 609 628
edge 1809 s 0 0 609 668
edge 1810 s 0 0 609 774
edge 1811 s 0 0 609 842
edge 1812 s 0 0 609 862
edge 1813 s 0 0 609 876
edge 1814 s 0 0 609 909
pcp 27091 564
pcp 27270 564
