frag gi|45 39181 39508
img_no 53
flimg_no 1
edge_no 36
msp 281 s 334 88.9 1 532 gi|4 24926 24988 628 gi|45 39339 39409
msp 301 s 276 88.2 -1 532 gi|4 24931 24981 628 gi|45 39413 39468
msp 717 s 491 85.2 1 876 gi|6 36022 36149 628 gi|45 39332 39464
msp 725 s 420 85.3 -1 876 gi|6 36034 36149 628 gi|45 39350 39466
msp 961 s 250 86.5 1 909 gi|8 686 737 628 gi|45 39344 39398
msp 1335 s 351 89.0 1 51 gi|12 20056 20128 628 gi|45 39341 39415
msp 1507 s 363 87.8 -1 74 gi|14 19321 19418 628 gi|45 39322 39413
msp 1817 s 290 94.5 1 109 gi|16 34676 34730 628 gi|45 39343 39401
msp 1851 s 259 91.3 -1 109 gi|16 34681 34726 628 gi|45 39414 39465
msp 1971 s 340 80.7 -1 116 gi|17 13329 13483 628 gi|45 39260 39408
msp 2013 s 257 89.4 1 116 gi|17 13341 13387 628 gi|45 39414 39465
msp 2349 s 413 91.3 -1 159 gi|19 33109 33234 628 gi|45 39348 39468
msp 2431 s 351 81.9 1 182 gi|20 22797 23022 628 gi|45 39244 39464
msp 2453 s 446 87.2 -1 182 gi|20 22906 23022 628 gi|45 39350 39464
msp 2505 s 306 85.9 1 184 gi|20 30441 30589 628 gi|45 39329 39466
msp 2521 s 258 92.7 -1 184 gi|20 30464 30587 628 gi|45 39350 39464
msp 2853 s 291 91.5 1 212 gi|22 5775 5821 628 gi|45 39350 39399
msp 2893 p 405 81.8 1 222 gi|22 31450 31762 628 gi|45 39181 39508
msp 2941 s 269 93.6 -1 222 gi|22 31676 31722 628 gi|45 39349 39398
msp 3123 s 316 83.6 -1 266 gi|25 9568 9634 628 gi|45 39347 39416
msp 3159 s 271 88.7 1 266 gi|25 9586 9647 628 gi|45 39414 39479
msp 3335 s 312 80.6 -1 290 gi|27 5064 5197 628 gi|45 39356 39490
msp 3483 s 318 93.9 1 327 gi|29 8258 8306 628 gi|45 39348 39399
msp 3591 s 295 82.0 -1 300 gi|28 3042 3158 628 gi|45 39347 39466
msp 3619 s 268 81.2 1 300 gi|28 3043 3159 628 gi|45 39349 39468
msp 3971 s 279 86.5 1 385 gi|31 32061 32112 628 gi|45 39344 39398
msp 4099 s 260 88.9 -1 398 gi|32 11256 11327 628 gi|45 39347 39419
msp 4103 s 253 86.6 1 398 gi|32 11259 11325 628 gi|45 39391 39465
msp 4159 s 271 80.0 -1 400 gi|32 14445 14504 628 gi|45 39336 39398
msp 4255 s 272 84.0 -1 448 gi|35 15121 15170 628 gi|45 39349 39399
msp 4513 s 261 89.1 1 562 gi|41 32192 32246 628 gi|45 39401 39464
msp 4533 s 277 88.0 1 562 gi|41 32226 32275 628 gi|45 39350 39401
msp 4541 s 391 88.9 -1 563 gi|41 34614 34676 628 gi|45 39345 39409
msp 4563 s 264 87.2 1 563 gi|41 34626 34672 628 gi|45 39414 39465
msp 4627 s 338 96.2 -1 564 gi|42 11793 11844 628 gi|45 39348 39401
msp 4641 s 260 89.8 1 564 gi|42 11795 11843 628 gi|45 39413 39465
msp 4663 s 330 89.7 -1 567 gi|42 15821 15878 628 gi|45 39346 39409
msp 4695 s 299 92.0 -1 567 gi|42 15887 15936 628 gi|45 39414 39468
msp 4737 s 466 85.1 1 609 gi|44 27195 27315 628 gi|45 39344 39469
msp 4741 s 368 88.6 -1 609 gi|44 27200 27313 628 gi|45 39347 39465
msp 4800 s 297 83.8 1 628 gi|45 39254 39370 683 gi|49 37082 37197
msp 4802 s 267 86.0 -1 628 gi|45 39297 39396 799 gi|55 26696 26774
msp 4804 s 312 91.7 1 628 gi|45 39326 39469 775 gi|54 9514 9620
msp 4806 s 288 79.5 -1 628 gi|45 39340 39466 762 gi|53 13054 13160
msp 4808 s 466 80.2 1 628 gi|45 39343 39468 853 gi|58 39538 39659
msp 4810 s 472 86.1 -1 628 gi|45 39347 39468 853 gi|58 39541 39658
msp 4812 s 274 93.1 1 628 gi|45 39347 39404 842 gi|58 10173 10229
msp 4814 s 371 96.2 1 628 gi|45 39347 39399 749 gi|52 28123 28173
msp 4816 s 280 84.6 1 628 gi|45 39347 39398 774 gi|54 7963 8013
msp 4818 s 267 93.3 -1 628 gi|45 39347 39465 775 gi|54 9534 9618
msp 4820 s 264 92.9 1 628 gi|45 39348 39403 746 gi|52 21306 21362
msp 4822 s 294 90.6 -1 628 gi|45 39349 39401 668 gi|49 2502 2551
msp 4824 s 309 92.2 1 628 gi|45 39349 39399 711 gi|50 31989 32037
edge 599 s 0 0 532 628
edge 625 s 0 0 683 628
edge 652 s 0 0 775 628
edge 703 s 0 0 564 628
edge 855 s 0 0 290 628
edge 886 s 0 0 300 628
edge 991 s 0 0 109 628
edge 1270 s 0 0 116 628
edge 1306 s 0 0 182 628
edge 1332 s 0 0 184 628
edge 1364 s 0 0 212 628
edge 1413 s 0 0 266 628
edge 1479 s 0 0 746 628
edge 1501 s 0 0 749 628
edge 1523 s 0 0 762 628
edge 1550 s 0 0 853 628
edge 1634 s 0 0 51 628
edge 1667 s 0 0 159 628
edge 1689 p 1 81 222 628
edge 1708 s 0 0 327 628
edge 1724 s 0 0 385 628
edge 1737 s 0 0 398 628
edge 1753 s 0 0 400 628
edge 1769 s 0 0 562 628
edge 1778 s 0 0 563 628
edge 1794 s 0 0 567 628
edge 1808 s 0 0 609 628
edge 1815 s 0 0 628 74
edge 1816 s 0 0 628 448
edge 1817 s 0 0 628 668
edge 1818 s 0 0 628 711
edge 1819 s 0 0 628 774
edge 1820 s 0 0 628 799
edge 1821 s 0 0 628 842
edge 1822 s 0 0 628 876
edge 1823 s 0 0 628 909
pcp 39181 222
pcp 39508 222
