frag gi|47 290 3044
img_no 6
edge_no 6
msp 2283 s 1384 76.9 -1 155 gi|19 22413 24514 640 gi|47 714 2897
msp 2715 s 1338 76.9 -1 61 gi|13 11841 14056 640 gi|47 714 3044
msp 3793 s 23593 100.0 -1 288 gi|26 30814 33403 640 gi|47 290 2879
msp 4828 s 23593 100.0 -1 640 gi|47 290 2879 822 gi|56 6010 8599
msp 4832 s 1474 78.0 -1 640 gi|47 714 2907 883 gi|60 28985 31085
msp 4834 s 1439 77.7 1 640 gi|47 714 2819 772 gi|53 37726 39759
edge 2151 s 0 0 61 640
edge 2156 s 0 0 155 640
edge 2160 s 0 0 288 640
edge 2165 s 0 0 640 772
edge 2166 s 0 0 640 822
edge 2167 s 0 0 640 883
