frag gi|49 19571 19943
img_no 13
edge_no 3
msp 421 s 315 82.1 1 685 gi|5 1913 1968 674 gi|49 19782 19837
msp 1733 s 359 83.3 -1 101 gi|16 17070 17201 674 gi|49 19612 19724
msp 1735 s 297 76.7 -1 101 gi|16 17070 17159 674 gi|49 19751 19845
msp 2085 s 252 80.2 1 128 gi|17 35970 36136 674 gi|49 19571 19725
msp 2091 s 750 93.7 1 128 gi|17 36060 36170 674 gi|49 19770 19884
msp 2241 s 402 75.9 1 1000 gi|19 20352 20492 674 gi|49 19699 19844
msp 2865 s 356 81.0 -1 213 gi|22 15240 15429 674 gi|49 19774 19943
msp 3647 s 418 78.4 -1 305 gi|28 12134 12323 674 gi|49 19649 19839
msp 3649 s 496 76.2 -1 306 gi|28 12250 12476 674 gi|49 19606 19839
msp 3651 s 316 81.7 -1 306 gi|28 12366 12474 674 gi|49 19724 19839
msp 4577 p 369 78.5 -1 580 gi|43 8773 9009 674 gi|49 19712 19943
msp 4922 s 263 84.8 1 674 gi|49 19765 19843 822 gi|56 5759 5835
msp 4924 s 299 80.3 -1 674 gi|49 19779 19854 834 gi|57 4007 4083
edge 1603 p -1 78 580 674
edge 2094 s 0 0 685 674
edge 2135 s 0 0 1000 674
pcp 19712 580
pcp 19943 580
