frag gi|49 39075 39227
img_no 7
edge_no 6
msp 2223 s 260 83.7 -1 1000 gi|19 20262 20375 684 gi|49 39100 39216
msp 3111 s 365 82.1 -1 997 gi|25 6721 6798 684 gi|49 39100 39182
msp 4351 s 412 80.8 -1 498 gi|38 6642 6719 684 gi|49 39099 39176
msp 4357 s 398 82.6 -1 500 gi|38 13388 13508 684 gi|49 39100 39227
msp 4365 s 322 81.5 -1 500 gi|38 13595 13675 684 gi|49 39096 39176
msp 4775 s 479 85.8 -1 618 gi|45 13994 14099 684 gi|49 39075 39173
msp 4942 s 276 72.7 -1 684 gi|49 39100 39176 820 gi|56 5417 5491
edge 2085 s 0 0 500 684
edge 2088 s 0 0 618 684
edge 2119 s 0 0 997 684
edge 2136 s 0 0 1000 684
edge 2893 s 0 0 498 684
edge 2894 s 0 0 684 820
