frag gi|5 19404 20105
img_no 16
edge_no 15
msp 454 s 777 80.0 1 693 gi|5 19404 20057 985 gi|20 15314 15937
msp 456 s 284 76.9 1 693 gi|5 19426 19888 569 gi|42 22039 22507
msp 458 s 454 70.4 1 693 gi|5 19430 19736 874 gi|6 32961 33270
msp 460 s 271 71.6 -1 693 gi|5 19451 19879 508 gi|38 35624 36058
msp 462 s 254 79.2 -1 693 gi|5 19458 20043 783 gi|54 27097 27650
msp 464 s 688 78.5 -1 693 gi|5 19463 20062 595 gi|44 4083 4695
msp 466 s 378 78.3 1 693 gi|5 19464 20103 110 gi|16 36767 37379
msp 468 s 291 73.4 1 693 gi|5 19467 19714 569 gi|42 22938 23188
msp 470 s 450 78.9 -1 693 gi|5 19468 20078 56 gi|12 28774 29360
msp 472 s 387 81.2 1 693 gi|5 19479 19782 268 gi|25 11823 12123
msp 474 s 364 75.9 1 693 gi|5 19480 20052 865 gi|6 7146 7694
msp 476 s 355 75.3 -1 693 gi|5 19491 20041 483 gi|37 23364 23914
msp 478 s 297 77.8 -1 693 gi|5 19500 19715 319 gi|29 130 344
msp 480 s 333 76.3 -1 693 gi|5 19538 19744 726 gi|51 22378 22590
msp 482 s 440 79.2 1 693 gi|5 19605 20105 560 gi|41 28984 29436
msp 484 s 256 75.9 1 693 gi|5 19662 20047 200 gi|21 19975 20336
edge 1881 s 0 0 56 693
edge 1908 s 0 0 483 693
edge 1917 s 0 0 560 693
edge 1919 s 0 0 693 110
edge 1921 s 0 0 693 200
edge 1922 s 0 0 693 268
edge 1923 s 0 0 693 319
edge 1924 s 0 0 693 508
edge 1925 s 0 0 693 569
edge 1926 s 0 0 693 595
edge 1927 s 0 0 693 726
edge 1928 s 0 0 693 783
edge 1929 s 0 0 693 865
edge 1930 s 0 0 693 874
edge 2027 s 0 0 985 693
