frag gi|50 1530 1776
img_no 21
edge_no 21
msp 7 s 313 80.8 -1 3 gi|1 14246 14323 700 gi|50 1689 1767
msp 115 s 434 91.8 -1 952 gi|1 34092 34152 700 gi|50 1689 1748
msp 157 s 365 77.7 1 936 gi|3 16320 16525 700 gi|50 1530 1745
msp 865 s 347 88.7 1 949 gi|7 22215 22267 700 gi|50 1698 1749
msp 1107 s 363 85.1 1 18 gi|10 5613 5679 700 gi|50 1683 1750
msp 1169 s 393 95.7 1 25 gi|10 23605 23651 700 gi|50 1698 1744
msp 1573 s 270 85.1 -1 87 gi|15 16605 16691 700 gi|50 1697 1776
msp 2123 p 251 83.3 1 137 gi|18 28717 28758 700 gi|50 1600 1641
msp 2803 s 416 91.9 1 211 gi|22 3898 3971 700 gi|50 1689 1760
msp 3047 s 303 75.0 -1 229 gi|23 3434 3489 700 gi|50 1689 1744
msp 3083 s 303 78.1 1 241 gi|23 34010 34073 700 gi|50 1699 1763
msp 3193 s 280 81.5 -1 267 gi|25 11628 11692 700 gi|50 1693 1757
msp 3739 s 351 90.4 -1 946 gi|30 23508 23559 700 gi|50 1698 1748
msp 4301 s 283 76.7 1 461 gi|36 5920 5992 700 gi|50 1699 1775
msp 4341 s 360 87.7 1 947 gi|38 2371 2427 700 gi|50 1694 1749
msp 4387 s 311 83.8 1 509 gi|38 38498 38571 700 gi|50 1688 1771
msp 4605 p 282 81.6 1 586 gi|43 32552 32649 700 gi|50 1673 1762
msp 4613 s 251 78.3 1 960 gi|43 35442 35487 700 gi|50 1699 1744
msp 4852 s 320 84.5 -1 700 gi|50 1697 1767 724 gi|51 18905 18976
msp 4854 s 302 85.4 1 700 gi|50 1697 1744 956 gi|51 37365 37412
msp 4856 s 414 82.3 -1 700 gi|50 1698 1765 738 gi|52 11434 11501
edge 11 s 0 0 3 700
edge 30 s 0 0 18 700
edge 50 s 0 0 25 700
edge 67 s 0 0 211 700
edge 84 s 0 0 267 700
edge 143 s 0 0 509 700
edge 148 s 0 0 700 87
edge 149 p 1 83 700 137
edge 150 s 0 0 700 229
edge 151 s 0 0 700 241
edge 152 s 0 0 700 461
edge 153 p 1 81 700 586
edge 155 s 0 0 700 724
edge 157 s 0 0 700 738
edge 320 s 0 0 936 700
edge 414 s 0 0 946 700
edge 436 s 0 0 947 700
edge 456 s 0 0 949 700
edge 478 s 0 0 952 700
edge 512 s 0 0 956 700
edge 546 s 0 0 960 700
pcp 1762 586
pcp 1673 586
pcp 1641 137
pcp 1600 137
