frag gi|50 1902 2029
img_no 21
edge_no 20
msp 1217 s 276 91.2 1 32 gi|11 4599 4655 701 gi|50 1950 2005
msp 1619 s 293 84.6 1 91 gi|15 21059 21110 701 gi|50 1954 2005
msp 1857 s 271 88.6 -1 109 gi|16 34685 34728 701 gi|50 1957 2002
msp 2029 s 267 86.0 1 116 gi|17 13341 13383 701 gi|50 1959 2002
msp 2529 s 273 84.5 1 184 gi|20 30531 30588 701 gi|50 1948 2005
msp 2703 s 294 92.6 1 207 gi|21 38629 38682 701 gi|50 1956 2008
msp 2757 s 283 94.0 -1 208 gi|22 1481 1547 701 gi|50 1945 2003
msp 2817 s 283 80.5 -1 212 gi|22 5758 5834 701 gi|50 1940 2029
msp 2983 s 379 96.0 1 224 gi|22 36470 36519 701 gi|50 1955 2003
msp 3379 s 274 79.2 1 292 gi|27 10468 10563 701 gi|50 1902 2005
msp 3987 s 252 89.6 -1 388 gi|31 33028 33075 701 gi|50 1955 2004
msp 4135 s 293 83.1 1 400 gi|32 14427 14491 701 gi|50 1941 2005
msp 4177 s 328 82.7 -1 408 gi|32 29661 29735 701 gi|50 1928 2004
msp 4347 s 297 81.8 -1 497 gi|38 6367 6432 701 gi|50 1940 2005
msp 4451 s 271 87.0 1 492 gi|37 39712 39765 701 gi|50 1950 2004
msp 4477 s 288 86.8 1 516 gi|39 21268 21350 701 gi|50 1925 2005
msp 4858 s 424 88.5 1 701 gi|50 1917 2003 796 gi|55 22437 22529
msp 4907 s 368 80.4 -1 672 gi|49 15149 15245 701 gi|50 1918 2009
msp 4913 s 358 84.2 1 672 gi|49 15222 15322 701 gi|50 1910 2005
msp 4933 s 306 86.4 -1 678 gi|49 23922 24031 701 gi|50 1905 2000
msp 4939 s 352 83.5 -1 681 gi|49 32851 32935 701 gi|50 1930 2007
edge 808 s 0 0 32 701
edge 994 s 0 0 109 701
edge 1223 s 0 0 672 701
edge 1245 s 0 0 91 701
edge 1275 s 0 0 116 701
edge 1336 s 0 0 184 701
edge 1347 s 0 0 207 701
edge 1367 s 0 0 212 701
edge 1386 s 0 0 224 701
edge 1431 s 0 0 292 701
edge 1433 s 0 0 388 701
edge 1439 s 0 0 408 701
edge 1451 s 0 0 492 701
edge 1457 s 0 0 497 701
edge 1460 s 0 0 516 701
edge 1463 s 0 0 701 208
edge 1464 s 0 0 701 400
edge 1465 s 0 0 701 678
edge 1466 s 0 0 701 681
edge 1467 s 0 0 701 796
