frag gi|51 18881 19045
img_no 16
edge_no 16
msp 5 p 535 86.4 1 3 gi|1 14220 14366 724 gi|51 18881 19022
msp 111 s 397 80.7 1 952 gi|1 34083 34196 724 gi|51 18915 19033
msp 159 s 465 79.8 -1 936 gi|3 16406 16539 724 gi|51 18914 19045
msp 847 s 422 91.5 -1 949 gi|7 22201 22269 724 gi|51 18914 18991
msp 1117 s 331 84.7 -1 18 gi|10 5616 5687 724 gi|51 18917 18991
msp 1147 s 405 82.9 -1 25 gi|10 23589 23664 724 gi|51 18916 18993
msp 1263 s 284 86.2 1 932 gi|11 13781 13845 724 gi|51 18917 18988
msp 2789 s 564 90.0 -1 211 gi|22 3882 3971 724 gi|51 18913 19007
msp 3041 s 276 79.2 1 229 gi|23 3414 3490 724 gi|51 18914 18987
msp 3195 s 378 82.8 1 267 gi|25 11642 11705 724 gi|51 18929 18993
msp 3737 s 393 82.5 1 946 gi|30 23498 23574 724 gi|51 18914 18993
msp 4315 s 423 85.1 1 465 gi|36 20377 20470 724 gi|51 18907 18996
msp 4339 s 456 89.3 -1 947 gi|38 2353 2436 724 gi|51 18914 18995
msp 4385 s 300 78.5 -1 509 gi|38 38490 38568 724 gi|51 18914 18995
msp 4853 s 320 84.5 -1 700 gi|50 1697 1767 724 gi|51 18905 18976
msp 4952 s 283 85.7 -1 724 gi|51 18917 18989 957 gi|55 22267 22332
edge 12 p 1 86 3 724
edge 31 s 0 0 18 724
edge 51 s 0 0 25 724
edge 68 s 0 0 211 724
edge 85 s 0 0 267 724
edge 144 s 0 0 509 724
edge 155 s 0 0 700 724
edge 161 s 0 0 724 229
edge 162 s 0 0 724 465
edge 283 s 0 0 932 724
edge 321 s 0 0 936 724
edge 415 s 0 0 946 724
edge 437 s 0 0 947 724
edge 457 s 0 0 949 724
edge 479 s 0 0 952 724
edge 532 s 0 0 957 724
pcp 18881 3
pcp 19022 3
