frag gi|51 22061 22590
img_no 5
edge_no 5
msp 481 s 333 76.3 -1 693 gi|5 19538 19744 726 gi|51 22378 22590
msp 1405 s 266 74.7 1 56 gi|12 28756 29233 726 gi|51 22061 22542
msp 4031 s 482 74.8 1 423 gi|33 23616 23905 726 gi|51 22250 22544
msp 4047 s 312 76.2 1 424 gi|33 24485 24761 726 gi|51 22243 22522
msp 4954 p 265 79.7 -1 726 gi|51 22378 22530 854 gi|59 261 410
edge 925 s 0 0 423 726
edge 1882 s 0 0 56 726
edge 1927 s 0 0 693 726
edge 1931 s 0 0 726 424
edge 1932 p -1 79 726 854
pcp 22378 854
pcp 22530 854
