frag gi|54 13037 13355
img_no 10
edge_no 7
msp 1293 p 259 80.7 -1 47 gi|12 6052 6139 777 gi|54 13037 13134
msp 1387 s 273 75.0 1 52 gi|12 20871 20938 777 gi|54 13111 13179
msp 1389 s 252 77.3 1 52 gi|12 20871 21011 777 gi|54 13214 13355
msp 2227 p 274 81.1 -1 1000 gi|19 20266 20567 777 gi|54 13037 13318
msp 2245 s 250 83.3 -1 1000 gi|19 20413 20490 777 gi|54 13210 13287
msp 3281 s 254 81.8 -1 250 gi|24 21156 21232 777 gi|54 13210 13287
msp 4237 p 321 73.8 1 444 gi|35 9991 10120 777 gi|54 13207 13339
msp 4579 s 409 86.0 1 580 gi|43 8795 8951 777 gi|54 13037 13179
msp 4589 s 382 79.4 1 580 gi|43 8877 9012 777 gi|54 13208 13346
msp 4785 s 253 79.3 -1 624 gi|45 31149 31336 777 gi|54 13112 13295
edge 1558 p -1 80 47 777
edge 1559 s 0 0 777 52
edge 1561 s 0 0 777 250
edge 1562 p 1 72 777 444
edge 1563 s 0 0 777 580
edge 1564 s 0 0 777 624
edge 2138 p -1 81 1000 777
pcp 13339 444
pcp 13318 1000
pcp 13207 444
pcp 13134 47
pcp 13037 47
pcp 13037 1000
