frag gi|55 18809 18858
img_no 5
flimg_no 5
edge_no 5
msp 117 p 261 79.6 -1 952 gi|1 34106 34154 794 gi|55 18809 18858
msp 187 p 252 74.5 1 936 gi|3 16465 16515 794 gi|55 18808 18858
msp 857 p 265 79.6 1 949 gi|7 22204 22252 794 gi|55 18809 18858
msp 1125 p 270 83.3 1 18 gi|10 5619 5666 794 gi|55 18810 18858
msp 4965 p 295 86.5 1 956 gi|51 37353 37404 794 gi|55 18809 18859
edge 33 p 1 83 18 794
edge 324 p 1 74 936 794
edge 460 p 1 79 949 794
edge 481 p -1 79 952 794
edge 514 p 1 86 956 794
pcp 18859 956
pcp 18858 936
pcp 18858 949
pcp 18858 952
pcp 18858 18
pcp 18810 18
pcp 18809 949
pcp 18809 952
pcp 18809 956
pcp 18808 936
