frag gi|55 22401 22591
img_no 15
edge_no 15
msp 1219 s 369 96.2 1 32 gi|11 4605 4656 796 gi|55 22480 22533
msp 1629 s 263 89.1 1 91 gi|15 21063 21108 796 gi|55 22481 22529
msp 2031 s 253 93.5 1 116 gi|17 13341 13386 796 gi|55 22484 22531
msp 2537 s 285 88.3 1 184 gi|20 30535 30594 796 gi|55 22476 22538
msp 2695 p 341 84.9 1 207 gi|21 38623 38741 796 gi|55 22471 22591
msp 2985 s 415 100.0 1 224 gi|22 36471 36523 796 gi|55 22479 22533
msp 3383 s 364 87.5 1 292 gi|27 10493 10564 796 gi|55 22457 22533
msp 3989 s 250 92.7 -1 388 gi|31 33029 33069 796 gi|55 22486 22529
msp 4015 s 318 93.9 1 416 gi|33 7564 7612 796 gi|55 22481 22529
msp 4479 s 354 96.3 1 516 gi|39 21298 21351 796 gi|55 22479 22533
msp 4859 s 424 88.5 1 701 gi|50 1917 2003 796 gi|55 22437 22529
msp 4885 s 285 91.5 1 665 gi|48 33432 33478 796 gi|55 22486 22535
msp 4911 s 486 81.0 1 672 gi|49 15193 15334 796 gi|55 22401 22542
msp 4931 s 264 81.5 -1 678 gi|49 23918 24036 796 gi|55 22414 22530
msp 4937 s 352 89.1 -1 681 gi|49 32845 32908 796 gi|55 22474 22539
edge 809 s 0 0 32 796
edge 1228 s 0 0 672 796
edge 1249 s 0 0 91 796
edge 1281 s 0 0 116 796
edge 1339 s 0 0 184 796
edge 1348 p 1 84 207 796
edge 1388 s 0 0 224 796
edge 1432 s 0 0 292 796
edge 1434 s 0 0 388 796
edge 1442 s 0 0 416 796
edge 1461 s 0 0 516 796
edge 1467 s 0 0 701 796
edge 1529 s 0 0 796 665
edge 1530 s 0 0 796 678
edge 1531 s 0 0 796 681
pcp 22471 207
pcp 22591 207
