frag gi|58 34126 35984
img_no 5
edge_no 5
msp 683 p 256 92.2 -1 873 gi|6 31386 31436 850 gi|58 34125 34186
msp 1551 p 257 85.9 1 84 gi|15 10131 10208 850 gi|58 34128 34204
msp 3395 p 1987 72.8 1 293 gi|27 10542 12395 850 gi|58 34140 35984
msp 3641 s 2094 72.6 1 301 gi|28 3971 5617 850 gi|58 34203 35852
msp 5001 s 2165 75.1 1 752 gi|52 36070 37760 850 gi|58 34181 35871
edge 2290 p 1 72 293 850
edge 2292 s 0 0 301 850
edge 2293 s 0 0 752 850
edge 2294 p 1 85 850 84
edge 2295 p -1 92 850 873
pcp 34125 873
pcp 34128 84
pcp 34140 293
pcp 34186 873
pcp 34204 84
pcp 35984 293
