frag gi|6 31973 33286
img_no 12
flimg_no 1
edge_no 11
msp 231 p 261 84.4 1 988 gi|4 15310 15418 874 gi|6 31976 32093
msp 459 s 454 70.4 1 693 gi|5 19430 19736 874 gi|6 32961 33270
msp 684 p 1572 77.8 1 874 gi|6 31970 33286 569 gi|42 21926 23229
msp 686 s 706 77.9 1 874 gi|6 32085 32568 569 gi|42 22867 23369
msp 688 s 520 80.4 -1 874 gi|6 32112 32789 56 gi|12 28745 29377
msp 690 s 331 78.0 -1 874 gi|6 32188 32759 424 gi|33 24275 24867
msp 692 s 265 78.1 -1 874 gi|6 32304 32801 483 gi|37 23288 23798
msp 694 p 266 74.8 -1 874 gi|6 32497 32595 607 gi|44 25860 25961
msp 696 s 465 77.2 1 874 gi|6 32531 32841 570 gi|42 23608 23931
msp 702 s 300 77.6 1 874 gi|6 32984 33233 268 gi|25 11801 12040
msp 704 s 284 75.5 1 874 gi|6 33016 33231 125 gi|17 30420 30635
msp 706 s 288 78.1 -1 874 gi|6 33019 33233 319 gi|29 142 353
edge 1885 s 0 0 56 874
edge 1909 s 0 0 483 874
edge 1930 s 0 0 693 874
edge 1951 s 0 0 874 125
edge 1952 s 0 0 874 268
edge 1953 s 0 0 874 319
edge 1954 s 0 0 874 424
edge 1956 p 1 77 874 569
edge 1957 s 0 0 874 570
edge 1958 p -1 74 874 607
edge 2031 p 1 84 988 874
pcp 33286 569
pcp 32595 607
pcp 32497 607
pcp 32093 988
pcp 31976 988
pcp 31970 569
