frag gi|7 32640 32719
img_no 4
edge_no 4
msp 61 p 252 87.4 1 963 gi|1 33242 33328 906 gi|7 32645 32716
msp 896 p 278 85.5 -1 906 gi|7 32634 32716 384 gi|31 28020 28091
msp 898 p 286 85.7 -1 906 gi|7 32643 32719 247 gi|24 11402 11472
msp 900 p 263 73.1 1 906 gi|7 32660 32726 372 gi|31 8613 8682
edge 764 p -1 85 247 906
edge 781 p -1 84 384 906
edge 790 p 1 72 906 372
edge 1027 p 1 87 963 906
pcp 32634 384
pcp 32643 247
pcp 32645 963
pcp 32660 372
pcp 32716 384
pcp 32716 963
pcp 32719 247
pcp 32726 372
