frag gi|8 641 816
img_no 41
edge_no 38
msp 313 s 253 81.6 1 532 gi|4 24932 24980 909 gi|8 689 737
msp 563 s 328 89.5 -1 862 gi|6 3758 3814 909 gi|8 683 737
msp 785 s 295 91.3 1 876 gi|6 36036 36081 909 gi|8 692 737
msp 930 s 323 90.3 1 909 gi|8 641 743 746 gi|52 21244 21365
msp 932 s 281 84.5 1 909 gi|8 641 737 385 gi|31 32028 32112
msp 934 p 257 78.2 -1 909 gi|8 658 712 173 gi|20 1917 1970
msp 936 s 297 90.0 -1 909 gi|8 668 737 775 gi|54 9570 9645
msp 938 s 294 89.2 1 909 gi|8 673 737 51 gi|12 20051 20114
msp 940 s 255 81.0 1 909 gi|8 675 737 327 gi|29 8244 8305
msp 942 s 274 81.7 -1 909 gi|8 678 737 762 gi|53 13105 13162
msp 944 s 269 91.5 1 909 gi|8 679 737 609 gi|44 27190 27247
msp 946 s 296 88.3 -1 909 gi|8 681 740 492 gi|37 39717 39776
msp 948 s 377 81.5 1 909 gi|8 681 745 567 gi|42 15880 15944
msp 950 s 270 83.9 1 909 gi|8 682 737 109 gi|16 34672 34726
msp 952 s 304 87.0 1 909 gi|8 684 737 774 gi|54 7958 8013
msp 954 s 275 86.8 1 909 gi|8 685 737 842 gi|58 10169 10223
msp 956 s 305 90.0 -1 909 gi|8 686 735 564 gi|42 11799 11850
msp 958 s 264 88.5 1 909 gi|8 686 737 853 gi|58 39539 39592
msp 960 s 250 86.5 1 909 gi|8 686 737 628 gi|45 39344 39398
msp 962 s 296 84.3 -1 909 gi|8 687 737 563 gi|41 34626 34676
msp 964 s 292 92.0 -1 909 gi|8 688 737 159 gi|19 33189 33236
msp 966 s 358 95.9 -1 909 gi|8 689 737 222 gi|22 31676 31725
msp 968 s 319 91.8 1 909 gi|8 689 737 749 gi|52 28123 28172
msp 970 s 303 91.8 -1 909 gi|8 689 737 398 gi|32 11277 11327
msp 972 s 357 93.8 1 909 gi|8 690 737 60 gi|12 39632 39679
msp 974 s 281 87.5 -1 909 gi|8 690 737 400 gi|32 14445 14492
msp 976 s 268 86.0 1 909 gi|8 690 739 409 gi|32 38611 38660
msp 978 s 271 80.0 1 909 gi|8 690 759 142 gi|19 1632 1708
msp 980 s 281 87.5 -1 909 gi|8 690 737 116 gi|17 13341 13388
msp 982 s 291 89.4 -1 909 gi|8 691 737 562 gi|41 32201 32247
msp 984 s 284 91.5 1 909 gi|8 691 737 562 gi|41 32225 32272
msp 986 s 283 83.0 1 909 gi|8 691 743 212 gi|22 5774 5826
msp 988 s 273 91.5 -1 909 gi|8 691 737 98 gi|16 3169 3218
msp 990 s 312 97.9 -1 909 gi|8 691 737 309 gi|28 20921 20968
msp 992 s 269 91.5 -1 909 gi|8 691 737 711 gi|50 31963 32011
msp 994 s 365 80.8 -1 909 gi|8 692 816 668 gi|49 2420 2550
msp 996 s 348 95.6 -1 909 gi|8 692 736 609 gi|44 27266 27310
msp 998 s 263 95.7 1 909 gi|8 692 737 300 gi|28 3044 3089
msp 1000 s 304 91.3 -1 909 gi|8 692 737 266 gi|25 9586 9631
msp 1002 s 253 87.0 -1 909 gi|8 692 737 853 gi|58 39610 39655
msp 1004 s 271 85.2 -1 909 gi|8 695 755 577 gi|42 39803 39872
edge 575 p -1 78 173 909
edge 614 s 0 0 532 909
edge 660 s 0 0 775 909
edge 718 s 0 0 564 909
edge 897 s 0 0 300 909
edge 1004 s 0 0 109 909
edge 1286 s 0 0 116 909
edge 1375 s 0 0 212 909
edge 1424 s 0 0 266 909
edge 1453 s 0 0 492 909
edge 1485 s 0 0 746 909
edge 1511 s 0 0 749 909
edge 1528 s 0 0 762 909
edge 1557 s 0 0 853 909
edge 1639 s 0 0 51 909
edge 1653 s 0 0 142 909
edge 1675 s 0 0 159 909
edge 1697 s 0 0 222 909
edge 1714 s 0 0 327 909
edge 1730 s 0 0 385 909
edge 1742 s 0 0 398 909
edge 1761 s 0 0 400 909
edge 1775 s 0 0 562 909
edge 1785 s 0 0 563 909
edge 1802 s 0 0 567 909
edge 1814 s 0 0 609 909
edge 1823 s 0 0 628 909
edge 1831 s 0 0 668 909
edge 1840 s 0 0 711 909
edge 1847 s 0 0 774 909
edge 1850 s 0 0 876 909
edge 1851 s 0 0 909 60
edge 1852 s 0 0 909 98
edge 1853 s 0 0 909 309
edge 1854 s 0 0 909 409
edge 1855 s 0 0 909 577
edge 1856 s 0 0 909 842
edge 1857 s 0 0 909 862
pcp 712 173
pcp 658 173
