frag gi|15 21003 21171
img_no 27
edge_no 25
msp 505 s 275 85.2 -1 697 gi|5 34879 34932 91 gi|15 21059 21110
msp 1227 s 306 83.2 1 32 gi|11 4606 4712 91 gi|15 21063 21167
msp 1602 p 256 78.2 -1 91 gi|15 21003 21112 389 gi|31 33025 33143
msp 1604 s 402 86.0 -1 91 gi|15 21018 21110 681 gi|49 32853 32948
msp 1606 p 302 74.2 -1 91 gi|15 21027 21115 467 gi|36 23606 23693
msp 1608 s 265 85.3 -1 91 gi|15 21035 21109 114 gi|17 7024 7087
msp 1610 s 287 85.1 -1 91 gi|15 21041 21127 672 gi|49 15133 15220
msp 1612 s 319 83.9 1 91 gi|15 21043 21129 207 gi|21 38611 38696
msp 1614 s 299 87.5 -1 91 gi|15 21053 21108 249 gi|24 19922 19981
msp 1616 s 284 90.9 1 91 gi|15 21057 21111 116 gi|17 13334 13388
msp 1618 s 293 84.6 1 91 gi|15 21059 21110 701 gi|50 1954 2005
msp 1620 s 275 88.9 -1 91 gi|15 21060 21113 746 gi|52 21304 21360
msp 1622 s 382 89.4 1 91 gi|15 21062 21127 492 gi|37 39718 39783
msp 1624 s 335 85.2 -1 91 gi|15 21062 21115 408 gi|32 29652 29708
msp 1626 s 463 100.0 1 91 gi|15 21063 21112 672 gi|49 15275 15324
msp 1628 s 263 89.1 1 91 gi|15 21063 21108 796 gi|55 22481 22529
msp 1630 s 314 80.7 -1 91 gi|15 21063 21171 497 gi|38 6313 6414
msp 1632 s 256 83.3 1 91 gi|15 21063 21110 516 gi|39 21300 21350
msp 1634 s 297 83.3 1 91 gi|15 21063 21110 184 gi|20 30541 30588
msp 1636 s 327 88.0 1 91 gi|15 21063 21112 416 gi|33 7564 7616
msp 1638 s 322 88.5 1 91 gi|15 21063 21114 224 gi|22 36473 36526
msp 1640 s 274 87.8 1 91 gi|15 21063 21111 249 gi|24 19862 19912
msp 1642 s 283 88.7 -1 91 gi|15 21063 21115 758 gi|53 7537 7596
msp 1644 s 282 91.7 1 91 gi|15 21063 21110 292 gi|27 10516 10563
msp 1646 s 270 95.7 1 91 gi|15 21064 21109 266 gi|25 9586 9631
msp 1648 s 294 90.0 1 91 gi|15 21064 21113 564 gi|42 11796 11846
msp 1650 s 291 92.6 -1 91 gi|15 21064 21117 749 gi|52 28118 28172
edge 243 s 0 0 249 91
edge 684 s 0 0 564 91
edge 794 s 0 0 32 91
edge 810 s 0 0 114 91
edge 1206 s 0 0 672 91
edge 1230 s 0 0 91 116
edge 1231 s 0 0 91 184
edge 1232 s 0 0 91 207
edge 1233 s 0 0 91 224
edge 1234 s 0 0 91 266
edge 1235 s 0 0 91 292
edge 1236 p -1 78 91 389
edge 1237 s 0 0 91 408
edge 1238 s 0 0 91 416
edge 1239 p -1 74 91 467
edge 1240 s 0 0 91 492
edge 1241 s 0 0 91 497
edge 1242 s 0 0 91 516
edge 1243 s 0 0 91 681
edge 1244 s 0 0 91 697
edge 1245 s 0 0 91 701
edge 1246 s 0 0 91 746
edge 1247 s 0 0 91 749
edge 1248 s 0 0 91 758
edge 1249 s 0 0 91 796
pcp 21115 467
pcp 21112 389
pcp 21027 467
pcp 21003 389
