frag gi|11 13703 13845
img_no 15
flimg_no 9
edge_no 15
msp 91 p 494 82.4 1 952 gi|1 34013 34157 932 gi|11 13705 13848
msp 193 p 381 81.1 -1 936 gi|3 16468 16610 932 gi|11 13705 13845
msp 235 p 692 82.7 -1 941 gi|4 21359 21501 932 gi|11 13703 13846
msp 859 p 337 76.2 -1 949 gi|7 22205 22347 932 gi|11 13703 13846
msp 1103 s 395 86.7 -1 18 gi|10 5617 5699 932 gi|11 13770 13848
msp 1161 s 270 78.5 -1 25 gi|10 23595 23710 932 gi|11 13732 13846
msp 1248 p 922 91.2 -1 932 gi|11 13705 13845 957 gi|55 22267 22407
msp 1250 p 843 88.7 1 932 gi|11 13703 13846 954 gi|18 22589 22728
msp 1252 p 409 82.5 -1 932 gi|11 13704 13845 956 gi|51 37353 37495
msp 1254 p 383 83.9 1 932 gi|11 13703 13845 946 gi|30 23430 23570
msp 1256 p 281 84.0 1 932 gi|11 13703 13846 465 gi|36 20328 20461
msp 1258 s 303 83.6 -1 932 gi|11 13740 13848 947 gi|38 2356 2474
msp 1260 s 304 77.8 1 932 gi|11 13759 13848 267 gi|25 11605 11704
msp 1262 s 284 86.2 1 932 gi|11 13781 13845 724 gi|51 18917 18988
msp 1264 s 297 87.5 -1 932 gi|11 13783 13846 211 gi|22 3897 3965
edge 273 s 0 0 932 18
edge 274 s 0 0 932 25
edge 276 s 0 0 932 211
edge 277 s 0 0 932 267
edge 280 p 1 84 932 465
edge 283 s 0 0 932 724
edge 327 p -1 81 936 932
edge 373 p -1 82 941 932
edge 418 p 1 83 946 932
edge 439 s 0 0 947 932
edge 461 p -1 76 949 932
edge 482 p 1 82 952 932
edge 493 p 1 88 954 932
edge 516 p -1 82 956 932
edge 533 p -1 91 957 932
pcp 13848 952
pcp 13846 465
pcp 13846 954
pcp 13846 941
pcp 13846 949
pcp 13845 936
pcp 13845 946
pcp 13845 956
pcp 13845 957
pcp 13705 936
pcp 13705 957
pcp 13705 952
pcp 13704 956
pcp 13703 941
pcp 13703 946
pcp 13703 949
pcp 13703 954
pcp 13703 465
