frag gi|4 21359 21501
img_no 9
flimg_no 5
edge_no 9
msp 93 p 309 77.9 -1 952 gi|1 34013 34155 941 gi|4 21360 21501
msp 191 p 370 80.0 1 936 gi|3 16466 16610 941 gi|4 21360 21501
msp 234 p 692 82.7 -1 941 gi|4 21359 21501 932 gi|11 13703 13846
msp 236 s 345 80.5 1 941 gi|4 21359 21433 18 gi|10 5616 5695
msp 238 p 758 83.4 1 941 gi|4 21360 21501 957 gi|55 22267 22407
msp 240 s 257 82.1 1 941 gi|4 21359 21414 211 gi|22 3896 3955
msp 244 p 292 76.4 -1 941 gi|4 21360 21465 48 gi|12 7304 7411
msp 246 s 237 97.1 1 941 gi|4 21470 21501 249 gi|24 19937 19968
msp 5044 p 585 83.6 -1 941 gi|4 21360 21501 954 gi|18 22595 22728
edge 369 s 0 0 941 18
edge 370 p -1 76 941 48
edge 371 s 0 0 941 211
edge 372 s 0 0 941 249
edge 373 p -1 82 941 932
edge 375 p 1 80 941 936
edge 486 p -1 77 952 941
edge 496 p -1 83 954 941
edge 535 p 1 83 957 941
pcp 21359 932
pcp 21360 957
pcp 21360 936
pcp 21360 954
pcp 21360 952
pcp 21360 48
pcp 21465 48
pcp 21501 954
pcp 21501 952
pcp 21501 932
pcp 21501 936
pcp 21501 957
