frag gi|1 34014 34218
img_no 23
flimg_no 1
edge_no 23
msp 76 p 371 77.6 1 952 gi|1 34013 34155 954 gi|18 22589 22728
msp 78 p 613 85.0 1 952 gi|1 34013 34154 946 gi|30 23434 23570
msp 80 p 491 81.8 -1 952 gi|1 34013 34155 956 gi|51 37351 37493
msp 82 p 377 81.4 -1 952 gi|1 34013 34156 957 gi|55 22267 22405
msp 84 s 572 86.3 1 952 gi|1 34013 34169 465 gi|36 20330 20478
msp 86 s 786 85.1 -1 952 gi|1 34013 34157 936 gi|3 16464 16608
msp 88 p 624 74.2 -1 952 gi|1 34013 34218 509 gi|38 38428 38637
msp 90 p 494 82.4 1 952 gi|1 34013 34157 932 gi|11 13705 13848
msp 92 p 309 77.9 -1 952 gi|1 34013 34155 941 gi|4 21360 21501
msp 94 s 284 80.8 1 952 gi|1 34020 34144 87 gi|15 16550 16691
msp 96 p 334 71.0 -1 952 gi|1 34022 34128 107 gi|16 30195 30301
msp 98 s 598 84.2 -1 952 gi|1 34036 34212 25 gi|10 23536 23710
msp 100 s 583 82.2 -1 952 gi|1 34042 34159 947 gi|38 2355 2476
msp 102 p 326 77.9 -1 952 gi|1 34045 34145 960 gi|43 35439 35545
msp 104 s 355 78.8 1 952 gi|1 34057 34155 267 gi|25 11606 11700
msp 106 s 504 87.9 -1 952 gi|1 34070 34160 18 gi|10 5612 5700
msp 108 s 306 77.1 1 952 gi|1 34073 34155 229 gi|23 3407 3492
msp 110 s 397 80.7 1 952 gi|1 34083 34196 724 gi|51 18915 19033
msp 112 s 439 84.2 -1 952 gi|1 34088 34169 211 gi|22 3880 3964
msp 114 s 434 91.8 -1 952 gi|1 34092 34152 700 gi|50 1689 1748
msp 116 p 261 79.6 -1 952 gi|1 34106 34154 794 gi|55 18809 18858
msp 118 s 251 88.4 1 952 gi|1 34130 34172 32 gi|11 4622 4670
msp 5050 p 664 82.9 -1 952 gi|1 34015 34155 949 gi|7 22205 22348
edge 467 s 0 0 952 18
edge 468 s 0 0 952 25
edge 469 s 0 0 952 32
edge 470 s 0 0 952 87
edge 471 p -1 71 952 107
edge 472 s 0 0 952 211
edge 473 s 0 0 952 229
edge 474 s 0 0 952 267
edge 475 s 0 0 952 465
edge 476 p -1 74 952 509
edge 478 s 0 0 952 700
edge 479 s 0 0 952 724
edge 481 p -1 79 952 794
edge 482 p 1 82 952 932
edge 484 s 0 0 952 936
edge 486 p -1 77 952 941
edge 487 p 1 85 952 946
edge 488 s 0 0 952 947
edge 489 p -1 82 952 949
edge 499 p 1 77 954 952
edge 522 p -1 81 956 952
edge 539 p -1 81 957 952
edge 550 p -1 77 960 952
pcp 34013 957
pcp 34013 956
pcp 34013 954
pcp 34013 509
pcp 34013 946
pcp 34013 932
pcp 34013 941
pcp 34015 949
pcp 34022 107
pcp 34045 960
pcp 34106 794
pcp 34128 107
pcp 34145 960
pcp 34154 794
pcp 34154 946
pcp 34155 956
pcp 34155 954
pcp 34155 949
pcp 34155 941
pcp 34156 957
pcp 34157 932
pcp 34218 509
