frag gi|55 22267 22406
img_no 15
flimg_no 6
edge_no 15
msp 27 s 227 82.9 -1 3 gi|1 14257 14325 957 gi|55 22267 22332
msp 83 p 377 81.4 -1 952 gi|1 34013 34156 957 gi|55 22267 22405
msp 239 p 758 83.4 1 941 gi|4 21360 21501 957 gi|55 22267 22407
msp 843 p 272 76.5 1 949 gi|7 22203 22347 957 gi|55 22267 22407
msp 1123 p 368 83.8 1 18 gi|10 5619 5748 957 gi|55 22269 22385
msp 1155 s 276 76.0 1 25 gi|10 23593 23709 957 gi|55 22267 22380
msp 1249 p 922 91.2 -1 932 gi|11 13705 13845 957 gi|55 22267 22407
msp 2113 p 585 82.8 -1 954 gi|18 22593 22726 957 gi|55 22269 22407
msp 2801 p 274 84.3 1 211 gi|22 3897 3965 957 gi|55 22267 22330
msp 3729 s 286 76.5 -1 946 gi|30 23451 23569 957 gi|55 22269 22383
msp 4337 s 325 84.7 1 947 gi|38 2359 2474 957 gi|55 22267 22373
msp 4609 s 145 72.7 1 960 gi|43 35439 35515 957 gi|55 22277 22340
msp 4953 s 283 85.7 -1 724 gi|51 18917 18989 957 gi|55 22267 22332
msp 4963 s 287 76.9 1 956 gi|51 37352 37464 957 gi|55 22267 22373
msp 5041 p 250 77.8 1 936 gi|3 16467 16596 957 gi|55 22267 22407
edge 527 s 0 0 957 3
edge 528 p 1 82 957 18
edge 529 s 0 0 957 25
edge 530 p 1 84 957 211
edge 532 s 0 0 957 724
edge 533 p -1 91 957 932
edge 534 p 1 77 957 936
edge 535 p 1 83 957 941
edge 536 s 0 0 957 946
edge 537 s 0 0 957 947
edge 538 p 1 76 957 949
edge 539 p -1 81 957 952
edge 540 p -1 82 957 954
edge 541 s 0 0 957 956
edge 552 s 0 0 960 957
pcp 22407 932
pcp 22407 954
pcp 22407 941
pcp 22407 949
pcp 22407 936
pcp 22405 952
pcp 22385 18
pcp 22330 211
pcp 22269 954
pcp 22269 18
pcp 22267 936
pcp 22267 952
pcp 22267 941
pcp 22267 949
pcp 22267 211
pcp 22267 932
