frag gi|43 35439 35545
img_no 11
flimg_no 5
edge_no 11
msp 103 p 326 77.9 -1 952 gi|1 34045 34145 960 gi|43 35439 35545
msp 195 p 384 78.0 1 936 gi|3 16477 16576 960 gi|43 35440 35545
msp 863 p 304 78.0 1 949 gi|7 22214 22313 960 gi|43 35440 35545
msp 1127 s 341 81.9 1 18 gi|10 5627 5695 960 gi|43 35439 35515
msp 1167 p 388 78.6 1 25 gi|10 23604 23701 960 gi|43 35440 35545
msp 1769 s 251 80.0 1 107 gi|16 30193 30272 960 gi|43 35451 35538
msp 3189 s 256 82.9 -1 267 gi|25 11622 11692 960 gi|43 35439 35504
msp 3731 s 258 81.7 -1 946 gi|30 23462 23543 960 gi|43 35457 35545
msp 4608 s 145 72.7 1 960 gi|43 35439 35515 957 gi|55 22277 22340
msp 4610 p 394 76.3 1 960 gi|43 35439 35549 956 gi|51 37364 37467
msp 4612 s 251 78.3 1 960 gi|43 35442 35487 700 gi|50 1699 1744
edge 542 s 0 0 960 18
edge 543 p 1 78 960 25
edge 544 s 0 0 960 107
edge 545 s 0 0 960 267
edge 546 s 0 0 960 700
edge 547 p 1 78 960 936
edge 548 s 0 0 960 946
edge 549 p 1 78 960 949
edge 550 p -1 77 960 952
edge 551 p 1 76 960 956
edge 552 s 0 0 960 957
pcp 35549 956
pcp 35545 949
pcp 35545 952
pcp 35545 936
pcp 35545 25
pcp 35440 936
pcp 35440 949
pcp 35440 25
pcp 35439 956
pcp 35439 952
