frag gi|51 24381 24477
img_no 12
flimg_no 1
edge_no 12
msp 67 s 255 88.9 -1 963 gi|1 33277 33329 964 gi|51 24381 24437
msp 439 p 336 88.5 -1 689 gi|5 16798 16858 964 gi|51 24381 24444
msp 1895 p 287 84.5 1 114 gi|17 7023 7126 964 gi|51 24381 24477
msp 2625 s 283 87.3 -1 199 gi|21 19679 19757 964 gi|51 24381 24454
msp 2761 s 234 83.5 1 965 gi|22 2153 2219 964 gi|51 24381 24455
msp 3251 p 265 90.6 1 247 gi|24 11404 11467 964 gi|51 24381 24441
msp 3833 p 298 88.1 -1 372 gi|31 8616 8673 964 gi|51 24381 24440
msp 3941 s 324 90.1 1 384 gi|31 28020 28090 964 gi|51 24382 24450
msp 4045 s 252 85.3 -1 423 gi|33 24072 24146 964 gi|51 24381 24451
msp 4279 s 237 85.9 1 967 gi|35 33914 33991 964 gi|51 24381 24451
msp 4603 s 320 88.3 -1 583 gi|43 21769 21844 964 gi|51 24381 24451
msp 4793 s 302 88.8 -1 625 gi|45 32535 32618 964 gi|51 24381 24454
edge 1028 p 1 84 964 114
edge 1029 s 0 0 964 199
edge 1031 p 1 90 964 247
edge 1032 p -1 88 964 372
edge 1033 s 0 0 964 384
edge 1034 s 0 0 964 423
edge 1036 s 0 0 964 583
edge 1037 s 0 0 964 625
edge 1038 p -1 88 964 689
edge 1039 s 0 0 964 963
edge 1054 s 0 0 965 964
edge 1084 s 0 0 967 964
pcp 24477 114
pcp 24444 689
pcp 24441 247
pcp 24440 372
pcp 24381 114
pcp 24381 372
pcp 24381 689
pcp 24381 247
