frag gi|35 33910 34103
img_no 28
flimg_no 1
edge_no 18
msp 667 s 308 80.4 -1 869 gi|6 21940 22041 967 gi|35 33913 34020
msp 669 s 282 80.1 1 869 gi|6 21940 22080 967 gi|35 33913 34047
msp 1901 s 520 85.2 1 114 gi|17 7022 7129 967 gi|35 33911 34020
msp 1915 s 333 86.0 -1 114 gi|17 7024 7133 967 gi|35 33910 34020
msp 2525 s 262 83.2 1 184 gi|20 30478 30596 967 gi|35 33924 34028
msp 2651 p 474 83.8 1 201 gi|21 22356 22565 967 gi|35 33910 34103
msp 2669 s 359 87.2 -1 201 gi|21 22359 22467 967 gi|35 33913 34020
msp 2765 s 282 73.8 1 965 gi|22 2148 2250 967 gi|35 33913 34023
msp 3007 s 328 93.3 -1 225 gi|22 37734 37778 967 gi|35 33976 34020
msp 3305 s 365 88.9 -1 254 gi|24 28722 28775 967 gi|35 33976 34029
msp 3333 s 424 79.3 -1 290 gi|27 5038 5203 967 gi|35 33910 34083
msp 3349 s 348 87.8 1 290 gi|27 5088 5198 967 gi|35 33910 34020
msp 3567 s 316 93.3 -1 341 gi|29 28249 28293 967 gi|35 33976 34020
msp 3583 s 297 85.5 -1 300 gi|28 3039 3155 967 gi|35 33913 34025
msp 3633 s 446 86.4 1 300 gi|28 3047 3156 967 gi|35 33914 34021
msp 3843 s 281 80.2 -1 375 gi|31 11686 11791 967 gi|35 33913 34025
msp 3851 s 307 86.1 1 375 gi|31 11691 11791 967 gi|35 33913 34020
msp 3917 s 281 78.3 -1 380 gi|31 19682 19773 967 gi|35 33970 34058
msp 3937 s 384 73.3 1 384 gi|31 28020 28120 967 gi|35 33914 34020
msp 4035 s 339 82.2 -1 423 gi|33 24046 24146 967 gi|35 33913 34017
msp 4037 s 271 82.2 1 423 gi|33 24046 24146 967 gi|35 33916 34020
msp 4276 s 449 82.8 -1 967 gi|35 33910 34024 583 gi|43 21736 21848
msp 4278 s 237 85.9 1 967 gi|35 33914 33991 964 gi|51 24381 24451
msp 4280 p 294 84.5 -1 967 gi|35 33911 34020 966 gi|44 1671 1774
msp 4282 s 437 82.2 -1 967 gi|35 33912 34012 625 gi|45 32517 32619
msp 4284 s 464 91.7 1 967 gi|35 33913 34020 583 gi|43 21740 21844
msp 4286 s 269 81.5 1 967 gi|35 33913 34020 966 gi|44 1671 1772
msp 4288 s 269 89.0 1 967 gi|35 33921 34020 625 gi|45 32517 32618
edge 1069 s 0 0 967 114
edge 1070 s 0 0 967 184
edge 1071 p 1 83 967 201
edge 1072 s 0 0 967 225
edge 1073 s 0 0 967 254
edge 1074 s 0 0 967 290
edge 1075 s 0 0 967 300
edge 1076 s 0 0 967 341
edge 1077 s 0 0 967 375
edge 1078 s 0 0 967 380
edge 1079 s 0 0 967 384
edge 1080 s 0 0 967 423
edge 1081 s 0 0 967 583
edge 1082 s 0 0 967 625
edge 1083 s 0 0 967 869
edge 1084 s 0 0 967 964
edge 1085 s 0 0 967 965
edge 1086 p -1 84 967 966
pcp 33910 201
pcp 33911 966
pcp 34020 966
pcp 34103 201
