frag gi|10 2664 2827
img_no 7
flimg_no 7
edge_no 4
msp 875 p 466 75.9 -1 973 gi|7 25507 25670 968 gi|10 2664 2827
msp 877 p 406 81.3 1 973 gi|7 25506 25670 968 gi|10 2663 2827
msp 1084 p 368 80.6 1 968 gi|10 2663 2827 971 gi|33 4977 5143
msp 1086 p 451 77.0 1 968 gi|10 2663 2827 978 gi|21 18009 18173
msp 1088 p 491 77.0 -1 968 gi|10 2664 2827 971 gi|33 4978 5143
msp 1090 p 363 82.4 -1 968 gi|10 2664 2827 978 gi|21 18010 18173
msp 1092 p 252 76.4 -1 968 gi|10 2669 2827 972 gi|51 1652 1807
edge 1112 p 1 80 971 968
edge 1118 p -1 76 972 968
edge 1120 p 1 81 973 968
edge 1128 p -1 82 978 968
pcp 2663 978
pcp 2663 973
pcp 2663 971
pcp 2664 971
pcp 2664 978
pcp 2664 973
pcp 2669 972
pcp 2827 973
pcp 2827 978
pcp 2827 972
pcp 2827 971
pcp 2827 973
pcp 2827 971
pcp 2827 978
