frag gi|21 24636 25257
img_no 12
edge_no 11
msp 1089 s 812 71.8 1 82 gi|15 31018 31219 157 gi|21 24977 25178
msp 1117 s 1085 74.8 1 710 gi|15 32282 32880 157 gi|21 24639 25178
msp 1147 s 1277 78.4 1 85 gi|15 34316 34773 157 gi|21 24768 25178
msp 1173 s 781 78.8 1 86 gi|15 36326 36650 157 gi|21 24859 25186
msp 1392 s 1245 74.3 1 157 gi|21 24700 25178 552 gi|46 6691 7222
msp 1394 s 1088 76.5 1 157 gi|21 24702 25185 535 gi|45 8012 8545
msp 1396 s 1088 75.4 1 157 gi|21 24732 25178 504 gi|43 11321 11812
msp 1398 s 917 73.3 -1 157 gi|21 24849 25197 709 gi|39 31950 32307
msp 1400 s 569 74.5 1 157 gi|21 24858 25179 555 gi|46 14616 14940
msp 1402 s 744 78.1 1 157 gi|21 24858 25217 307 gi|30 31948 32308
msp 1404 s 604 75.5 1 157 gi|21 24870 25179 364 gi|35 2546 2867
msp 1412 s 307 74.7 1 157 gi|21 25167 25257 535 gi|45 8638 8728
edge 957 s 0 0 82 157
edge 967 s 0 0 157 85
edge 968 s 0 0 157 86
edge 969 s 0 0 157 307
edge 970 s 0 0 157 364
edge 972 s 0 0 157 504
edge 973 s 0 0 157 535
edge 974 s 0 0 157 552
edge 975 s 0 0 157 555
edge 1064 s 0 0 709 157
edge 1075 s 0 0 710 157
