frag gi|21 25160 25536
img_no 9
flimg_no 1
edge_no 9
msp 1097 s 484 81.0 1 83 gi|15 31300 31436 158 gi|21 25350 25486
msp 1131 s 850 78.2 1 710 gi|15 32966 33296 158 gi|21 25160 25474
msp 1153 s 891 75.5 1 85 gi|15 34859 35189 158 gi|21 25160 25474
msp 1177 s 366 74.6 1 86 gi|15 36756 37070 158 gi|21 25178 25483
msp 1406 s 432 71.3 1 158 gi|21 25155 25450 364 gi|35 2945 3246
msp 1408 p 611 76.5 1 158 gi|21 25160 25537 552 gi|46 7308 7709
msp 1410 s 487 80.1 -1 158 gi|21 25165 25461 709 gi|39 31568 31883
msp 1414 s 267 72.6 1 158 gi|21 25172 25437 307 gi|30 32376 32665
msp 1416 p 823 71.6 1 158 gi|21 25174 25536 504 gi|43 11919 12287
edge 989 s 0 0 307 158
edge 1003 s 0 0 364 158
edge 1025 p 1 71 504 158
edge 1043 p 1 76 552 158
edge 1052 s 0 0 85 158
edge 1054 s 0 0 86 158
edge 1057 s 0 0 83 158
edge 1065 s 0 0 709 158
edge 1076 s 0 0 710 158
pcp 25160 552
pcp 25174 504
pcp 25536 504
pcp 25537 552
