frag gi|10 38496 39701
img_no 4
flimg_no 1
edge_no 4
msp 233 p 779 81.3 -1 456 gi|4 38255 38479 24 gi|10 39436 39696
msp 235 p 9623 92.9 1 457 gi|4 38496 39699 24 gi|10 38496 39707
msp 694 p 1789 92.9 -1 24 gi|10 38759 38983 172 gi|22 38007 38235
msp 696 p 5206 94.4 -1 24 gi|10 39060 39700 171 gi|22 37379 38010
edge 630 p -1 94 24 171
edge 631 p -1 92 24 172
edge 632 p -1 81 24 456
edge 633 p 1 92 24 457
pcp 38496 457
pcp 38759 172
pcp 38983 172
pcp 39060 171
pcp 39436 456
pcp 39696 456
pcp 39700 171
pcp 39707 457
