frag gi|26 34661 35265
img_no 13
edge_no 13
msp 45 s 250 76.2 1 291 gi|3 20685 20856 240 gi|26 34678 34849
msp 681 s 337 75.5 1 21 gi|10 24828 24921 240 gi|26 34722 34815
msp 709 s 375 76.9 -1 27 gi|11 5710 6150 240 gi|26 34734 35186
msp 769 s 260 75.0 1 34 gi|11 21827 21910 240 gi|26 34735 34818
msp 1209 s 267 72.3 -1 110 gi|17 20708 20790 240 gi|26 35083 35165
msp 1259 s 324 75.5 -1 114 gi|17 32285 32439 240 gi|26 34661 34815
msp 1730 s 279 78.0 -1 240 gi|26 34661 34824 471 gi|40 28310 28474
msp 1732 s 256 69.1 -1 240 gi|26 34731 34853 538 gi|45 15064 15185
msp 1734 s 343 74.4 -1 240 gi|26 34993 35265 406 gi|38 879 1173
msp 1736 s 268 82.0 -1 240 gi|26 35030 35179 394 gi|36 36569 36709
msp 1738 p 267 73.5 -1 240 gi|26 35044 35164 462 gi|40 6539 6659
msp 1740 p 273 66.0 1 240 gi|26 35056 35152 514 gi|43 25552 25649
msp 1742 s 334 85.5 1 240 gi|26 35085 35160 503 gi|43 10343 10415
edge 274 s 0 0 114 240
edge 374 s 0 0 471 240
edge 442 s 0 0 21 240
edge 455 s 0 0 240 27
edge 456 s 0 0 240 34
edge 457 s 0 0 240 110
edge 458 s 0 0 240 291
edge 459 s 0 0 240 394
edge 460 s 0 0 240 406
edge 461 p -1 73 240 462
edge 462 s 0 0 240 503
edge 463 p 1 66 240 514
edge 464 s 0 0 240 538
pcp 35164 462
pcp 35152 514
pcp 35056 514
pcp 35044 462
