frag gi|28 27477 27792
img_no 8
edge_no 8
msp 477 s 317 74.2 -1 680 gi|5 24864 25072 268 gi|28 27477 27685
msp 1255 s 320 75.5 1 114 gi|17 32280 32442 268 gi|28 27553 27718
msp 1573 s 293 75.5 1 195 gi|24 578 761 268 gi|28 27561 27744
msp 1610 s 272 71.7 1 268 gi|28 27529 27765 551 gi|46 2396 2623
msp 1612 p 260 82.6 1 268 gi|28 27531 27754 542 gi|45 19219 19434
msp 1614 s 312 74.6 -1 268 gi|28 27545 27792 323 gi|31 18761 19005
msp 1616 s 290 76.4 1 268 gi|28 27556 27661 436 gi|39 28746 28851
msp 1745 s 282 67.7 -1 241 gi|26 35354 35520 268 gi|28 27577 27743
edge 275 s 0 0 114 268
edge 300 s 0 0 195 268
edge 345 s 0 0 323 268
edge 465 s 0 0 268 241
edge 466 s 0 0 268 436
edge 467 p 1 82 268 542
edge 468 s 0 0 268 551
edge 593 s 0 0 680 268
pcp 27754 542
pcp 27531 542
