frag gi|11 5654 6380
img_no 13
edge_no 13
msp 489 s 343 75.0 -1 680 gi|5 24912 25412 27 gi|11 5654 6148
msp 706 s 519 72.2 1 27 gi|11 5670 6148 471 gi|40 27912 28399
msp 708 s 375 76.9 -1 27 gi|11 5710 6150 240 gi|26 34734 35186
msp 710 s 285 73.3 1 27 gi|11 5745 6149 270 gi|28 32213 32629
msp 712 s 770 73.0 1 27 gi|11 5748 6380 528 gi|44 28668 29295
msp 714 s 376 75.8 1 27 gi|11 5769 5950 432 gi|39 14697 14878
msp 716 s 254 71.1 -1 27 gi|11 6056 6145 125 gi|19 3030 3120
msp 718 s 309 68.9 1 27 gi|11 6059 6164 195 gi|24 564 670
msp 720 s 324 79.4 -1 27 gi|11 6069 6175 280 gi|29 26193 26299
msp 722 s 293 77.1 -1 27 gi|11 6070 6152 323 gi|31 18902 18988
msp 724 s 262 73.1 1 27 gi|11 6072 6149 436 gi|39 28751 28828
msp 889 s 281 76.6 -1 649 gi|9 24426 24502 27 gi|11 6069 6145
msp 915 s 340 72.3 1 655 gi|9 34087 34570 27 gi|11 5674 6148
edge 296 s 0 0 195 27
edge 327 s 0 0 270 27
edge 342 s 0 0 323 27
edge 369 s 0 0 471 27
edge 415 s 0 0 649 27
edge 427 s 0 0 655 27
edge 455 s 0 0 240 27
edge 469 s 0 0 280 27
edge 505 s 0 0 436 27
edge 520 s 0 0 528 27
edge 536 s 0 0 27 125
edge 537 s 0 0 27 432
edge 588 s 0 0 680 27
