frag gi|29 30590 30872
img_no 9
flimg_no 7
edge_no 9
msp 229 p 276 83.7 -1 698 gi|4 36529 36577 284 gi|29 30589 30638
msp 735 s 269 87.2 1 29 gi|11 12772 12818 284 gi|29 30606 30656
msp 1477 p 2227 94.3 1 700 gi|23 23734 24015 284 gi|29 30591 30872
msp 1587 p 2227 94.3 -1 697 gi|24 3320 3601 284 gi|29 30591 30872
msp 1678 p 2213 94.3 -1 284 gi|29 30591 30872 415 gi|38 21549 21830
msp 1680 p 2188 92.5 1 284 gi|29 30591 30872 699 gi|38 33833 34114
msp 1682 p 2213 94.3 1 284 gi|29 30591 30872 501 gi|43 4525 4806
msp 1684 p 2213 94.3 -1 284 gi|29 30591 30872 567 gi|47 7199 7480
msp 1686 p 2172 92.2 1 284 gi|29 30591 30872 578 gi|47 28928 29209
edge 743 s 0 0 29 284
edge 761 p -1 94 284 415
edge 764 p 1 94 284 501
edge 765 p -1 94 284 567
edge 766 p 1 92 284 578
edge 782 p -1 94 697 284
edge 790 p -1 82 698 284
edge 799 p 1 92 699 284
edge 806 p 1 94 700 284
pcp 30589 698
pcp 30591 700
pcp 30591 699
pcp 30591 415
pcp 30591 567
pcp 30591 501
pcp 30591 697
pcp 30591 578
pcp 30638 698
pcp 30872 578
pcp 30872 699
pcp 30872 697
pcp 30872 501
pcp 30872 415
pcp 30872 567
pcp 30872 700
