frag gi|3 3437 3658
img_no 7
flimg_no 7
edge_no 7
msp 18 p 319 68.6 1 287 gi|3 3436 3658 140 gi|20 7669 7900
msp 20 p 284 68.2 1 287 gi|3 3436 3658 208 gi|25 11838 12069
msp 22 p 295 68.2 -1 287 gi|3 3436 3658 338 gi|32 22823 23054
msp 24 p 284 68.2 1 287 gi|3 3436 3658 672 gi|34 29769 30000
msp 26 p 284 68.2 1 287 gi|3 3436 3658 678 gi|7 14091 14322
msp 28 p 260 69.9 1 287 gi|3 3443 3658 646 gi|9 19685 19903
msp 289 p 286 69.7 1 668 gi|1 28867 29097 287 gi|3 3436 3658
edge 76 p 1 68 140 287
edge 87 p 1 68 208 287
edge 97 p -1 68 287 338
edge 100 p 1 69 287 646
edge 171 p 1 69 668 287
edge 193 p 1 68 672 287
edge 229 p 1 68 678 287
pcp 3436 208
pcp 3436 678
pcp 3436 672
pcp 3436 140
pcp 3436 668
pcp 3436 338
pcp 3443 646
pcp 3658 208
pcp 3658 672
pcp 3658 668
pcp 3658 338
pcp 3658 140
pcp 3658 646
pcp 3658 678
