frag gi|31 16760 17555
img_no 9
edge_no 8
msp 585 s 1018 72.1 1 634 gi|8 30251 30942 322 gi|31 16838 17529
msp 607 s 477 69.4 1 635 gi|8 32069 32724 322 gi|31 16884 17536
msp 851 s 872 72.0 1 648 gi|9 22422 22700 322 gi|31 16844 17122
msp 859 s 597 79.1 1 648 gi|9 22863 23130 322 gi|31 17291 17555
msp 863 s 309 71.8 1 649 gi|9 24228 24671 322 gi|31 16857 17300
msp 1293 p 878 74.1 1 124 gi|19 941 1686 322 gi|31 16760 17515
msp 1305 s 256 68.0 1 125 gi|19 2836 3144 322 gi|31 16861 17169
msp 1603 s 367 76.4 1 263 gi|28 19766 19930 322 gi|31 16844 17008
msp 1814 s 739 75.2 -1 322 gi|31 16845 17130 546 gi|45 25691 25976
edge 420 s 0 0 649 322
edge 547 s 0 0 125 322
edge 560 p 1 74 124 322
edge 567 s 0 0 546 322
edge 572 s 0 0 634 322
edge 576 s 0 0 635 322
edge 578 s 0 0 648 322
edge 585 s 0 0 322 263
pcp 17515 124
pcp 16760 124
