frag gi|31 18649 19368
img_no 17
edge_no 17
msp 459 s 481 71.3 1 680 gi|5 24765 24994 323 gi|31 18769 18993
msp 589 s 392 71.7 1 634 gi|8 30268 30850 323 gi|31 18713 19295
msp 603 s 845 71.8 1 635 gi|8 32056 32698 323 gi|31 18729 19368
msp 641 s 271 73.5 1 17 gi|10 15554 15700 323 gi|31 18900 19052
msp 679 s 270 79.1 1 21 gi|10 24826 24954 323 gi|31 18894 19013
msp 723 s 293 77.1 -1 27 gi|11 6070 6152 323 gi|31 18902 18988
msp 857 s 352 70.6 1 648 gi|9 22483 22839 323 gi|31 18763 19125
msp 861 p 482 74.3 1 649 gi|9 24152 24856 323 gi|31 18649 19342
msp 945 s 292 72.5 -1 655 gi|9 34494 34624 323 gi|31 18844 18986
msp 1263 s 310 70.8 -1 114 gi|17 32288 32527 323 gi|31 18756 18986
msp 1299 s 463 73.9 1 124 gi|19 1048 1419 323 gi|31 18717 19106
msp 1307 s 656 73.0 1 125 gi|19 2852 3281 323 gi|31 18735 19164
msp 1571 s 320 73.2 -1 195 gi|24 576 821 323 gi|31 18755 18988
msp 1615 s 312 74.6 -1 268 gi|28 27545 27792 323 gi|31 18761 19005
msp 1673 s 281 75.8 1 280 gi|29 26204 26298 323 gi|31 18894 18988
msp 1816 p 508 75.9 -1 323 gi|31 18681 19008 546 gi|45 25674 26014
msp 1818 s 318 70.9 -1 323 gi|31 18792 19021 471 gi|40 28291 28523
edge 265 s 0 0 17 323
edge 279 s 0 0 114 323
edge 304 s 0 0 195 323
edge 341 s 0 0 323 21
edge 342 s 0 0 323 27
edge 343 s 0 0 323 124
edge 344 s 0 0 323 125
edge 345 s 0 0 323 268
edge 346 s 0 0 323 280
edge 347 s 0 0 323 471
edge 348 p -1 74 323 546
edge 350 s 0 0 323 634
edge 351 s 0 0 323 635
edge 352 s 0 0 323 648
edge 353 p 1 74 323 649
edge 354 s 0 0 323 655
edge 596 s 0 0 680 323
pcp 19342 649
pcp 19008 546
pcp 18681 546
pcp 18649 649
