frag gi|11 17757 18193
img_no 4
edge_no 4
msp 750 p 300 84.5 -1 33 gi|11 17757 17917 363 gi|35 2117 2272
msp 752 p 328 78.3 1 33 gi|11 17793 18119 222 gi|25 35315 35646
msp 754 p 335 79.4 -1 33 gi|11 17850 18193 362 gi|35 1742 2084
msp 756 p 273 81.2 -1 33 gi|11 17985 18080 312 gi|30 39159 39256
edge 824 p 1 78 33 222
edge 825 p -1 81 33 312
edge 826 p -1 79 33 362
edge 827 p -1 84 33 363
pcp 17757 363
pcp 17793 222
pcp 17850 362
pcp 17917 363
pcp 17985 312
pcp 18080 312
pcp 18119 222
pcp 18193 362
