frag gi|11 20088 22234
img_no 6
edge_no 3
msp 758 p 844 74.8 -1 34 gi|11 20088 20674 411 gi|38 16455 17036
msp 760 s 578 75.5 -1 34 gi|11 20104 20663 394 gi|36 35012 35555
msp 762 p 1450 73.3 -1 34 gi|11 20107 22234 394 gi|36 34997 37135
msp 764 s 312 79.8 -1 34 gi|11 21700 21961 394 gi|36 36874 37131
msp 766 s 289 71.3 -1 34 gi|11 21702 22210 411 gi|38 16481 17013
msp 768 s 260 75.0 1 34 gi|11 21827 21910 240 gi|26 34735 34818
edge 456 s 0 0 240 34
edge 553 p -1 73 394 34
edge 828 p -1 74 34 411
pcp 20088 411
pcp 20107 394
pcp 20674 411
pcp 22234 394
