frag gi|11 30089 30833
img_no 8
edge_no 5
msp 561 p 3334 84.9 1 633 gi|8 25882 26601 38 gi|11 30089 30801
msp 790 s 384 87.1 -1 38 gi|11 30733 30833 99 gi|16 33074 33167
msp 792 s 358 88.4 1 38 gi|11 30733 30801 393 gi|36 33817 33878
msp 794 s 358 88.4 -1 38 gi|11 30733 30801 212 gi|25 16905 16966
msp 796 s 299 90.2 1 38 gi|11 30764 30804 99 gi|16 34710 34750
msp 798 s 323 94.9 -1 38 gi|11 30764 30802 393 gi|36 32235 32273
msp 800 s 354 86.8 1 38 gi|11 30764 30831 212 gi|25 18510 18575
msp 802 s 316 92.5 1 38 gi|11 30766 30805 168 gi|22 19064 19103
edge 838 s 0 0 99 38
edge 843 s 0 0 168 38
edge 847 s 0 0 212 38
edge 851 s 0 0 393 38
edge 853 p 1 84 633 38
pcp 30089 633
pcp 30801 633
