frag gi|38 14 1710
img_no 22
flimg_no 1
edge_no 16
msp 59 s 254 68.3 -1 291 gi|3 20724 20824 406 gi|38 1370 1470
msp 445 s 272 76.9 -1 680 gi|5 24691 25072 406 gi|38 1288 1669
msp 473 s 338 74.5 -1 680 gi|5 24816 25234 406 gi|38 56 498
msp 663 s 438 72.9 -1 21 gi|10 24742 25099 406 gi|38 1177 1554
msp 911 s 389 71.5 1 655 gi|9 34074 34586 406 gi|38 928 1467
msp 943 s 254 70.3 1 655 gi|9 34474 34766 406 gi|38 303 598
msp 1185 p 272 75.9 1 88 gi|15 40078 40243 406 gi|38 889 1065
msp 1323 p 2489 74.8 -1 131 gi|19 37012 38691 406 gi|38 14 1710
msp 1345 s 640 73.0 -1 131 gi|19 38203 38568 406 gi|38 1192 1554
msp 1545 s 266 72.3 1 195 gi|24 206 769 406 gi|38 1000 1566
msp 1567 s 409 76.2 1 195 gi|24 544 753 406 gi|38 293 498
msp 1633 s 331 72.0 1 270 gi|28 32535 32727 406 gi|38 306 498
msp 1655 s 451 74.8 -1 280 gi|29 26037 26436 406 gi|38 1232 1634
msp 1735 s 343 74.4 -1 240 gi|26 34993 35265 406 gi|38 879 1173
msp 1984 s 392 72.8 1 406 gi|38 110 597 471 gi|40 28127 28594
msp 1986 s 315 75.2 1 406 gi|38 287 415 538 gi|45 15079 15196
msp 1988 s 384 74.3 1 406 gi|38 315 415 436 gi|39 28743 28843
msp 1990 s 297 83.2 1 406 gi|38 392 498 463 gi|40 6969 7072
msp 1992 s 353 78.0 1 406 gi|38 1146 1641 432 gi|39 14779 15260
msp 1994 s 357 76.3 1 406 gi|38 1367 1615 436 gi|39 28743 29006
msp 1996 s 279 77.0 1 406 gi|38 1368 1550 528 gi|44 28979 29161
msp 1998 s 348 79.6 1 406 gi|38 1375 1467 538 gi|45 15104 15196
edge 307 s 0 0 195 406
edge 333 s 0 0 270 406
edge 379 s 0 0 471 406
edge 432 s 0 0 655 406
edge 446 s 0 0 21 406
edge 460 s 0 0 240 406
edge 474 s 0 0 280 406
edge 484 s 0 0 291 406
edge 507 s 0 0 436 406
edge 522 s 0 0 528 406
edge 527 s 0 0 538 406
edge 538 p -1 74 131 406
edge 541 p 1 75 406 88
edge 542 s 0 0 406 432
edge 543 s 0 0 406 463
edge 600 s 0 0 680 406
pcp 1710 131
pcp 1065 88
pcp 889 88
pcp 14 131
