frag gi|41 439 1158
img_no 6
edge_no 6
msp 259 s 789 74.8 1 662 gi|1 10315 10806 475 gi|41 525 983
msp 403 s 538 73.5 -1 661 gi|5 3249 3799 475 gi|41 526 1040
msp 537 s 338 79.4 -1 623 gi|6 37344 37450 475 gi|41 799 905
msp 1383 s 368 75.9 -1 153 gi|21 17707 18112 475 gi|41 757 1158
msp 1811 s 437 77.1 1 321 gi|31 15978 16566 475 gi|41 439 1004
msp 1974 s 323 85.1 -1 475 gi|41 768 1002 539 gi|45 16291 16528
edge 21 s 0 0 153 475
edge 25 s 0 0 475 321
edge 26 s 0 0 475 539
edge 28 s 0 0 475 623
edge 37 s 0 0 661 475
edge 43 s 0 0 662 475
