frag gi|43 4507 4806
img_no 9
flimg_no 3
edge_no 9
msp 225 s 289 87.2 -1 698 gi|4 36529 36575 501 gi|43 4525 4572
msp 737 s 254 85.1 1 29 gi|11 12772 12818 501 gi|43 4540 4590
msp 1475 p 2648 100.0 1 700 gi|23 23730 24015 501 gi|43 4521 4806
msp 1581 p 2648 100.0 -1 697 gi|24 3320 3605 501 gi|43 4521 4806
msp 1683 p 2213 94.3 1 284 gi|29 30591 30872 501 gi|43 4525 4806
msp 2009 p 2666 99.3 -1 415 gi|38 21549 21844 501 gi|43 4507 4806
msp 2031 p 2632 99.0 1 699 gi|38 33817 34114 501 gi|43 4507 4806
msp 2086 p 2648 100.0 -1 501 gi|43 4509 4806 567 gi|47 7199 7490
msp 2088 p 2585 98.6 1 501 gi|43 4521 4806 578 gi|47 28924 29209
edge 745 s 0 0 29 501
edge 764 p 1 94 284 501
edge 771 p -1 99 501 415
edge 773 p -1 100 501 567
edge 774 p 1 98 501 578
edge 786 p -1 100 697 501
edge 793 s 0 0 698 501
edge 800 p 1 99 699 501
edge 808 p 1 100 700 501
pcp 4507 699
pcp 4507 415
pcp 4509 567
pcp 4521 700
pcp 4521 697
pcp 4521 578
pcp 4525 284
pcp 4806 699
pcp 4806 697
pcp 4806 567
pcp 4806 578
pcp 4806 284
pcp 4806 415
pcp 4806 700
