frag gi|43 11167 12909
img_no 16
edge_no 16
msp 1085 s 1309 76.0 1 82 gi|15 31010 31321 504 gi|43 11603 11911
msp 1099 s 1827 75.6 1 83 gi|15 31310 32039 504 gi|43 12116 12843
msp 1123 s 5968 79.4 1 710 gi|15 32329 33918 504 gi|43 11268 12841
msp 1139 s 5792 77.5 1 85 gi|15 34170 35812 504 gi|43 11210 12842
msp 1163 s 2399 74.7 1 86 gi|15 36201 37680 504 gi|43 11365 12838
msp 1397 s 1088 75.4 1 157 gi|21 24732 25178 504 gi|43 11321 11812
msp 1417 p 823 71.6 1 158 gi|21 25174 25536 504 gi|43 11919 12287
msp 1425 s 526 75.8 1 159 gi|21 25469 25984 504 gi|43 12301 12841
msp 1709 p 656 81.0 -1 232 gi|26 20595 20741 504 gi|43 11774 11920
msp 1863 s 1517 77.5 1 307 gi|30 31880 33192 504 gi|43 11421 12706
msp 1925 s 1545 77.2 1 364 gi|35 2206 3458 504 gi|43 11167 12416
msp 1973 p 252 80.4 -1 472 gi|40 37816 37912 504 gi|43 11179 11282
msp 2055 p 3536 79.0 -1 709 gi|39 30918 32579 504 gi|43 11211 12858
msp 2090 s 1201 75.2 1 504 gi|43 11174 12572 555 gi|46 14313 15687
msp 2092 s 4699 78.6 1 504 gi|43 11267 12909 552 gi|46 6680 8316
msp 2094 s 2525 73.7 1 504 gi|43 11326 12837 535 gi|45 8052 9562
edge 962 s 0 0 82 504
edge 972 s 0 0 157 504
edge 981 p -1 81 232 504
edge 993 s 0 0 307 504
edge 1006 s 0 0 364 504
edge 1021 s 0 0 504 83
edge 1023 s 0 0 504 85
edge 1024 s 0 0 504 86
edge 1025 p 1 71 504 158
edge 1026 s 0 0 504 159
edge 1027 p -1 80 504 472
edge 1028 s 0 0 504 535
edge 1029 s 0 0 504 552
edge 1030 s 0 0 504 555
edge 1071 p -1 79 709 504
edge 1081 s 0 0 710 504
pcp 11179 472
pcp 11211 709
pcp 11282 472
pcp 11774 232
pcp 11919 158
pcp 11920 232
pcp 12287 158
pcp 12858 709
