frag gi|46 6617 8329
img_no 15
edge_no 15
msp 1091 s 1761 81.2 1 82 gi|15 31021 31329 552 gi|46 7024 7334
msp 1105 s 1845 75.4 1 83 gi|15 31332 32034 552 gi|46 7554 8262
msp 1125 s 5312 77.2 1 710 gi|15 32339 33971 552 gi|46 6681 8329
msp 1135 s 5455 77.5 1 85 gi|15 34163 35832 552 gi|46 6615 8294
msp 1165 s 2140 77.1 1 86 gi|15 36239 37694 552 gi|46 6813 8278
msp 1393 s 1245 74.3 1 157 gi|21 24700 25178 552 gi|46 6691 7222
msp 1409 p 611 76.5 1 158 gi|21 25160 25537 552 gi|46 7308 7709
msp 1419 p 1066 75.7 1 159 gi|21 25427 26038 552 gi|46 7714 8313
msp 1707 p 932 83.9 -1 232 gi|26 20595 20749 552 gi|46 7176 7330
msp 1857 s 1758 76.4 1 307 gi|30 31871 33394 552 gi|46 6822 8315
msp 1929 s 1926 74.8 1 364 gi|35 2308 3894 552 gi|46 6674 8268
msp 2057 p 3202 74.2 -1 709 gi|39 30918 32583 552 gi|46 6617 8285
msp 2079 s 2521 74.7 1 535 gi|45 8058 9598 552 gi|46 6742 8293
msp 2081 p 436 74.7 1 498 gi|43 2927 3171 552 gi|46 6730 6975
msp 2093 s 4699 78.6 1 504 gi|43 11267 12909 552 gi|46 6680 8316
edge 964 s 0 0 82 552
edge 974 s 0 0 157 552
edge 983 p -1 83 232 552
edge 995 s 0 0 307 552
edge 1008 s 0 0 364 552
edge 1029 s 0 0 504 552
edge 1037 s 0 0 535 552
edge 1039 s 0 0 552 83
edge 1041 s 0 0 552 85
edge 1042 s 0 0 552 86
edge 1043 p 1 76 552 158
edge 1044 p 1 75 552 159
edge 1045 p 1 74 552 498
edge 1073 p -1 74 709 552
edge 1083 s 0 0 710 552
pcp 6617 709
pcp 6730 498
pcp 6975 498
pcp 7176 232
pcp 7308 158
pcp 7330 232
pcp 7709 158
pcp 7714 159
pcp 8285 709
pcp 8313 159
