frag gi|46 27230 27453
img_no 5
flimg_no 1
edge_no 5
msp 81 p 307 77.5 1 294 gi|3 32438 32579 559 gi|46 27319 27454
msp 965 s 315 76.0 1 658 gi|9 38873 38993 559 gi|46 27327 27453
msp 1195 s 409 70.1 1 103 gi|17 8279 8415 559 gi|46 27318 27454
msp 1871 p 358 76.4 1 311 gi|30 38094 38330 559 gi|46 27230 27453
msp 2069 s 268 73.0 1 489 gi|42 10876 10986 559 gi|46 27330 27440
edge 1101 s 0 0 103 559
edge 1103 p 1 77 294 559
edge 1105 p 1 76 559 311
edge 1106 s 0 0 559 489
edge 1107 s 0 0 559 658
pcp 27454 294
pcp 27453 311
pcp 27319 294
pcp 27230 311
