frag gi|5 5451 5777
img_no 5
edge_no 5
msp 251 s 491 74.8 -1 4 gi|1 8817 9042 601 gi|5 5484 5706
msp 305 p 269 78.9 -1 14 gi|1 39413 39597 601 gi|5 5567 5748
msp 406 s 340 76.1 -1 601 gi|5 5451 5705 320 gi|31 14922 15179
msp 408 p 375 81.6 1 601 gi|5 5474 5777 540 gi|45 18165 18465
msp 410 s 276 79.0 1 601 gi|5 5573 5686 154 gi|21 19736 19855
edge 7 s 0 0 4 601
edge 9 s 0 0 154 601
edge 12 s 0 0 320 601
edge 13 p 1 81 540 601
edge 14 p -1 78 601 14
pcp 5474 540
pcp 5567 14
pcp 5748 14
pcp 5777 540
