frag gi|1 10244 10942
img_no 5
flimg_no 1
edge_no 5
msp 256 p 373 72.8 -1 662 gi|1 10244 10942 661 gi|5 3157 3878
msp 258 s 789 74.8 1 662 gi|1 10315 10806 475 gi|41 525 983
msp 260 s 549 79.2 -1 662 gi|1 10382 10818 153 gi|21 17864 18312
msp 262 s 279 75.7 -1 662 gi|1 10578 10799 539 gi|45 16309 16557
msp 264 s 363 77.5 -1 662 gi|1 10613 10816 623 gi|6 37250 37456
edge 42 s 0 0 662 153
edge 43 s 0 0 662 475
edge 44 s 0 0 662 539
edge 45 s 0 0 662 623
edge 46 p -1 72 662 661
pcp 10244 661
pcp 10942 661
