frag gi|25 8876 8981
img_no 6
flimg_no 6
edge_no 6
msp 273 p 772 96.9 1 668 gi|1 27167 27275 670 gi|25 8881 8981
msp 343 p 924 100.0 1 678 gi|7 12411 12517 670 gi|25 8875 8981
msp 835 p 916 99.1 1 646 gi|9 17981 18087 670 gi|25 8875 8981
msp 1363 p 924 100.0 1 140 gi|20 5978 6084 670 gi|25 8875 8981
msp 1498 p 866 97.2 -1 670 gi|25 8875 8981 338 gi|32 24640 24746
msp 1500 p 924 100.0 1 670 gi|25 8875 8981 672 gi|34 28089 28195
edge 177 p 1 100 670 140
edge 178 p -1 97 670 338
edge 181 p 1 99 670 646
edge 182 p 1 96 670 668
edge 199 p 1 100 672 670
edge 233 p 1 100 678 670
pcp 8875 140
pcp 8875 678
pcp 8875 672
pcp 8875 646
pcp 8875 338
pcp 8881 668
pcp 8981 140
pcp 8981 672
pcp 8981 646
pcp 8981 668
pcp 8981 338
pcp 8981 678
