frag gi|34 28087 30741
img_no 10
flimg_no 5
edge_no 10
msp 9 p 763 75.7 1 286 gi|3 2004 2851 672 gi|34 28488 29307
msp 25 p 284 68.2 1 287 gi|3 3436 3658 672 gi|34 29769 30000
msp 191 s 1986 90.9 -1 675 gi|4 27668 27926 672 gi|34 30481 30739
msp 277 p 23195 97.1 1 668 gi|1 27168 29839 672 gi|34 28088 30742
msp 831 p 22974 96.4 1 646 gi|9 17979 20643 672 gi|34 28087 30740
msp 1359 p 22694 95.9 1 140 gi|20 5975 8642 672 gi|34 28086 30742
msp 1501 p 924 100.0 1 670 gi|25 8875 8981 672 gi|34 28089 28195
msp 1505 p 22127 96.9 1 208 gi|25 10221 12803 672 gi|34 28183 30742
msp 1771 p 22698 97.0 -1 338 gi|32 22119 24747 672 gi|34 28088 30742
msp 2121 p 25102 100.0 1 678 gi|7 12426 15064 672 gi|34 28087 30742
edge 190 p 1 95 672 140
edge 191 p 1 96 672 208
edge 192 p 1 75 672 286
edge 193 p 1 68 672 287
edge 194 p -1 97 672 338
edge 197 p 1 96 672 646
edge 198 p 1 97 672 668
edge 199 p 1 100 672 670
edge 217 s 0 0 675 672
edge 234 p 1 100 678 672
pcp 28086 140
pcp 28087 678
pcp 28087 646
pcp 28088 668
pcp 28088 338
pcp 28089 670
pcp 28183 208
pcp 28195 670
pcp 28488 286
pcp 29307 286
pcp 29769 287
pcp 30000 287
pcp 30740 646
pcp 30742 140
pcp 30742 338
pcp 30742 208
pcp 30742 668
pcp 30742 678
