frag gi|34 30743 40245
img_no 8
flimg_no 1
edge_no 8
msp 307 p 89815 100.0 1 679 gi|7 15082 24567 673 gi|34 30743 40245
msp 319 s 279 78.8 1 677 gi|7 2907 2958 673 gi|34 32330 32381
msp 1077 p 253 74.8 -1 78 gi|15 27255 27361 673 gi|34 32327 32439
msp 1767 p 1002 76.6 -1 333 gi|32 3801 4940 673 gi|34 37359 38552
msp 1890 s 312 72.3 -1 673 gi|34 32309 32391 392 gi|36 29986 30071
msp 1892 s 290 70.1 -1 673 gi|34 32315 32391 395 gi|36 37225 37301
msp 1894 s 310 77.1 -1 673 gi|34 33432 33571 428 gi|39 8345 8484
msp 1896 p 265 69.0 -1 673 gi|34 33459 33571 431 gi|39 10481 10593
edge 183 p -1 74 673 78
edge 184 p -1 76 673 333
edge 185 s 0 0 673 392
edge 186 s 0 0 673 395
edge 187 s 0 0 673 428
edge 188 p -1 69 673 431
edge 225 p 1 100 679 673
edge 249 s 0 0 677 673
pcp 30743 679
pcp 32327 78
pcp 32439 78
pcp 33459 431
pcp 33571 431
pcp 37359 333
pcp 38552 333
pcp 40245 679
