frag gi|31 6964 7142
img_no 8
flimg_no 3
edge_no 8
msp 209 s 257 81.2 -1 452 gi|4 28003 28103 681 gi|31 7042 7142
msp 885 s 232 82.1 1 649 gi|9 24406 24501 681 gi|31 7049 7142
msp 1301 s 260 72.0 1 124 gi|19 1207 1299 681 gi|31 7050 7142
msp 1665 p 295 78.3 1 280 gi|29 26118 26296 681 gi|31 6964 7142
msp 1792 p 261 79.3 -1 681 gi|31 6964 7142 551 gi|46 2428 2603
msp 1794 p 251 75.1 -1 681 gi|31 6966 7142 550 gi|46 1598 1774
msp 1796 s 258 86.3 1 681 gi|31 7041 7142 511 gi|43 19378 19476
msp 1798 s 252 85.3 -1 681 gi|31 7048 7142 471 gi|40 28323 28417
edge 613 s 0 0 681 124
edge 614 p 1 78 681 280
edge 615 s 0 0 681 452
edge 616 s 0 0 681 471
edge 617 s 0 0 681 511
edge 618 p -1 75 681 550
edge 619 p -1 79 681 551
edge 620 s 0 0 681 649
pcp 6964 551
pcp 6964 280
pcp 6966 550
pcp 7142 551
pcp 7142 550
pcp 7142 280
