frag gi|11 4355 5583
img_no 8
flimg_no 7
edge_no 8
msp 377 p 11074 98.2 1 688 gi|7 29378 30616 682 gi|11 4355 5582
msp 549 p 11105 98.2 -1 690 gi|8 6978 8220 682 gi|11 4354 5585
msp 698 p 10979 97.8 -1 682 gi|11 4354 5585 695 gi|37 488 1732
msp 700 p 11080 98.2 -1 682 gi|11 4354 5582 684 gi|34 3970 5209
msp 702 p 11086 98.2 1 682 gi|11 4355 5584 685 gi|36 27515 28755
msp 704 p 284 91.3 1 682 gi|11 5546 5585 686 gi|40 38037 38076
msp 845 p 11055 98.2 1 692 gi|9 21029 22272 682 gi|11 4353 5584
msp 899 p 10816 97.9 -1 694 gi|9 26166 27408 682 gi|11 4361 5582
edge 683 p -1 98 684 682
edge 691 p 1 98 685 682
edge 696 p 1 91 686 682
edge 702 p 1 98 688 682
edge 712 p -1 98 690 682
edge 719 p 1 98 692 682
edge 725 p -1 97 694 682
edge 732 p -1 97 695 682
pcp 4353 692
pcp 4354 695
pcp 4354 690
pcp 4354 684
pcp 4355 685
pcp 4355 688
pcp 4361 694
pcp 5546 686
pcp 5582 694
pcp 5582 684
pcp 5582 688
pcp 5584 685
pcp 5584 692
pcp 5585 686
pcp 5585 690
pcp 5585 695
