frag gi|40 38037 38076
img_no 5
flimg_no 4
edge_no 5
msp 379 p 148 86.1 1 688 gi|7 30580 30623 686 gi|40 38037 38072
msp 545 p 237 88.0 -1 690 gi|8 6976 7017 686 gi|40 38037 38078
msp 705 p 284 91.3 1 682 gi|11 5546 5585 686 gi|40 38037 38076
msp 1899 p 261 88.6 -1 695 gi|37 488 527 686 gi|40 38037 38076
msp 1915 p 172 91.8 1 685 gi|36 28717 28757 686 gi|40 38037 38078
edge 696 p 1 91 686 682
edge 697 p 1 91 686 685
edge 705 p 1 86 688 686
edge 715 p -1 88 690 686
edge 735 p -1 88 695 686
pcp 38037 685
pcp 38037 695
pcp 38037 682
pcp 38037 690
pcp 38037 688
pcp 38072 688
pcp 38076 695
pcp 38076 682
pcp 38078 685
pcp 38078 690
