frag gi|7 29375 30619
img_no 8
flimg_no 7
edge_no 8
msp 364 p 11375 99.5 -1 688 gi|7 29377 30616 690 gi|8 6981 8222
msp 366 p 11461 99.7 -1 688 gi|7 29376 30622 695 gi|37 488 1732
msp 368 p 11578 99.8 1 688 gi|7 29374 30620 685 gi|36 27513 28759
msp 370 p 11654 100.0 1 688 gi|7 29374 30616 692 gi|9 21028 22269
msp 372 p 11250 97.9 -1 688 gi|7 29375 30616 694 gi|9 26166 27407
msp 374 p 11395 99.0 -1 688 gi|7 29376 30623 684 gi|34 3961 5210
msp 376 p 11074 98.2 1 688 gi|7 29378 30616 682 gi|11 4355 5582
msp 378 p 148 86.1 1 688 gi|7 30580 30623 686 gi|40 38037 38072
edge 702 p 1 98 688 682
edge 703 p -1 99 688 684
edge 704 p 1 99 688 685
edge 705 p 1 86 688 686
edge 716 p -1 99 690 688
edge 722 p 1 100 692 688
edge 728 p -1 97 694 688
edge 736 p -1 99 695 688
pcp 29374 685
pcp 29374 692
pcp 29375 694
pcp 29376 684
pcp 29376 695
pcp 29377 690
pcp 29378 682
pcp 30580 686
pcp 30616 682
pcp 30616 694
pcp 30616 692
pcp 30616 690
pcp 30620 685
pcp 30622 695
pcp 30623 684
pcp 30623 686
