frag gi|37 489 1731
img_no 8
flimg_no 6
edge_no 8
msp 367 p 11461 99.7 -1 688 gi|7 29376 30622 695 gi|37 488 1732
msp 699 p 10979 97.8 -1 682 gi|11 4354 5585 695 gi|37 488 1732
msp 839 p 11485 99.5 -1 692 gi|9 21028 22272 695 gi|37 489 1732
msp 897 p 11210 97.8 1 694 gi|9 26166 27407 695 gi|37 491 1732
msp 1877 p 11663 100.0 1 684 gi|34 3970 5209 695 gi|37 491 1730
msp 1898 p 261 88.6 -1 695 gi|37 488 527 686 gi|40 38037 38076
msp 1913 p 11653 100.0 -1 685 gi|36 27515 28753 695 gi|37 491 1729
msp 2131 p 11157 99.0 1 690 gi|8 6978 8222 695 gi|37 488 1717
edge 732 p -1 97 695 682
edge 733 p 1 100 695 684
edge 734 p -1 100 695 685
edge 735 p -1 88 695 686
edge 736 p -1 99 695 688
edge 737 p 1 99 695 690
edge 738 p -1 99 695 692
edge 739 p 1 97 695 694
pcp 488 686
pcp 488 682
pcp 488 690
pcp 488 688
pcp 489 692
pcp 491 684
pcp 491 694
pcp 491 685
pcp 527 686
pcp 1717 690
pcp 1729 685
pcp 1730 684
pcp 1732 694
pcp 1732 688
pcp 1732 682
pcp 1732 692
