frag gi|38 33818 34114
img_no 8
flimg_no 4
edge_no 8
msp 223 p 202 89.1 -1 698 gi|4 36529 36610 699 gi|38 33812 33880
msp 729 p 253 85.5 1 29 gi|11 12750 12818 699 gi|38 33821 33898
msp 1465 p 2509 98.4 1 700 gi|23 23712 24015 699 gi|38 33814 34114
msp 1585 p 2617 99.3 -1 697 gi|24 3320 3605 699 gi|38 33829 34114
msp 1681 p 2188 92.5 1 284 gi|29 30591 30872 699 gi|38 33833 34114
msp 2028 p 2609 97.8 1 699 gi|38 33812 34114 578 gi|47 28900 29209
msp 2030 p 2632 99.0 1 699 gi|38 33817 34114 501 gi|43 4507 4806
msp 2032 p 2620 99.3 -1 699 gi|38 33821 34114 567 gi|47 7199 7489
edge 797 p 1 85 699 29
edge 799 p 1 92 699 284
edge 800 p 1 99 699 501
edge 801 p -1 99 699 567
edge 802 p 1 97 699 578
edge 803 p -1 99 699 697
edge 804 p -1 89 699 698
edge 813 p 1 98 700 699
pcp 33812 698
pcp 33812 578
pcp 33814 700
pcp 33817 501
pcp 33821 29
pcp 33821 567
pcp 33829 697
pcp 33833 284
pcp 33880 698
pcp 33898 29
pcp 34114 697
pcp 34114 501
pcp 34114 284
pcp 34114 567
pcp 34114 578
pcp 34114 700
