frag gi|37 6 394
img_no 5
flimg_no 3
edge_no 5
msp 147 p 1306 75.4 -1 704 gi|4 10415 10806 701 gi|37 5 396
msp 157 p 1117 75.2 -1 444 gi|4 11877 12259 701 gi|37 10 391
msp 1073 s 505 74.0 1 707 gi|15 20131 20277 701 gi|37 5 151
msp 1463 p 325 69.2 -1 181 gi|23 18484 18795 701 gi|37 6 317
msp 1489 p 420 77.2 -1 708 gi|23 38684 39059 701 gi|37 5 396
edge 931 p -1 69 701 181
edge 934 p -1 75 701 444
edge 944 p -1 75 704 701
edge 949 s 0 0 707 701
edge 954 p -1 77 708 701
pcp 5 708
pcp 5 704
pcp 6 181
pcp 10 444
pcp 317 181
pcp 391 444
pcp 396 704
pcp 396 708
