frag gi|15 19788 20642
img_no 6
flimg_no 1
edge_no 6
msp 161 s 853 76.7 -1 445 gi|4 12125 12587 707 gi|15 19807 20269
msp 967 p 513 71.0 1 703 gi|9 39909 40242 707 gi|15 19787 20123
msp 1068 p 1084 72.8 -1 707 gi|15 19790 20642 708 gi|23 38551 39412
msp 1070 s 683 69.0 -1 707 gi|15 19788 20258 181 gi|23 18669 19145
msp 1072 s 505 74.0 1 707 gi|15 20131 20277 701 gi|37 5 151
msp 2135 p 1001 76.8 -1 704 gi|4 10388 11148 707 gi|15 19811 20552
edge 946 s 0 0 707 181
edge 948 s 0 0 707 445
edge 949 s 0 0 707 701
edge 950 p 1 71 707 703
edge 951 p -1 76 707 704
edge 956 p -1 72 708 707
pcp 19787 703
pcp 19790 708
pcp 19811 704
pcp 20123 703
pcp 20552 704
pcp 20642 708
