frag gi|39 30922 32581
img_no 16
flimg_no 4
edge_no 16
msp 1079 p 1426 78.2 -1 82 gi|15 30953 31319 709 gi|39 31875 32232
msp 1101 p 1147 73.9 -1 83 gi|15 31312 32057 709 gi|39 30918 31654
msp 1113 p 3879 76.5 -1 710 gi|15 32282 33925 709 gi|39 30934 32583
msp 1137 p 4002 78.2 -1 85 gi|15 34165 35837 709 gi|39 30919 32581
msp 1157 s 3186 76.4 -1 86 gi|15 36023 37646 709 gi|39 30980 32583
msp 1399 s 917 73.3 -1 157 gi|21 24849 25197 709 gi|39 31950 32307
msp 1411 s 487 80.1 -1 158 gi|21 25165 25461 709 gi|39 31568 31883
msp 1423 s 388 74.0 -1 159 gi|21 25460 25989 709 gi|39 30939 31465
msp 1717 p 645 77.5 1 232 gi|26 20603 20749 709 gi|39 31875 32021
msp 1851 p 1885 77.2 -1 307 gi|30 31677 33348 709 gi|39 30923 32583
msp 1931 s 1810 75.2 -1 364 gi|35 2314 3902 709 gi|39 30930 32515
msp 2054 p 3536 79.0 -1 709 gi|39 30918 32579 504 gi|43 11211 12858
msp 2056 p 3202 74.2 -1 709 gi|39 30918 32583 552 gi|46 6617 8285
msp 2058 p 3000 72.8 -1 709 gi|39 30926 32514 535 gi|45 8004 9580
msp 2060 s 1274 77.6 -1 709 gi|39 31151 32515 555 gi|46 14399 15745
msp 2062 s 360 74.5 -1 709 gi|39 32222 32366 498 gi|43 3028 3171
edge 1059 p -1 78 709 82
edge 1060 p -1 72 709 83
edge 1062 p -1 78 709 85
edge 1063 s 0 0 709 86
edge 1064 s 0 0 709 157
edge 1065 s 0 0 709 158
edge 1066 s 0 0 709 159
edge 1067 p 1 77 709 232
edge 1068 p -1 77 709 307
edge 1069 s 0 0 709 364
edge 1070 s 0 0 709 498
edge 1071 p -1 79 709 504
edge 1072 p -1 72 709 535
edge 1073 p -1 74 709 552
edge 1074 s 0 0 709 555
edge 1085 p -1 76 710 709
pcp 30918 83
pcp 30918 552
pcp 30918 504
pcp 30919 85
pcp 30923 307
pcp 30926 535
pcp 30934 710
pcp 31654 83
pcp 31875 82
pcp 31875 232
pcp 32021 232
pcp 32232 82
pcp 32514 535
pcp 32579 504
pcp 32581 85
pcp 32583 552
pcp 32583 307
pcp 32583 710
