frag gi|15 36013 37694
img_no 13
edge_no 12
msp 1156 s 3186 76.4 -1 86 gi|15 36023 37646 709 gi|39 30980 32583
msp 1158 s 1024 74.6 1 86 gi|15 36073 36902 307 gi|30 31711 32528
msp 1160 p 450 78.3 1 86 gi|15 36132 36384 498 gi|43 2900 3155
msp 1162 s 2399 74.7 1 86 gi|15 36201 37680 504 gi|43 11365 12838
msp 1164 s 2140 77.1 1 86 gi|15 36239 37694 552 gi|46 6813 8278
msp 1166 s 2083 75.9 1 86 gi|15 36239 37672 535 gi|45 8129 9563
msp 1168 s 1135 75.4 1 86 gi|15 36248 37367 364 gi|35 2457 3564
msp 1170 s 1209 76.1 1 86 gi|15 36257 37018 555 gi|46 14548 15306
msp 1172 s 781 78.8 1 86 gi|15 36326 36650 157 gi|21 24859 25186
msp 1174 s 394 78.3 -1 86 gi|15 36626 36754 232 gi|26 20594 20722
msp 1176 s 366 74.6 1 86 gi|15 36756 37070 158 gi|21 25178 25483
msp 1178 s 419 77.9 1 86 gi|15 37180 37590 307 gi|30 32815 33237
msp 1180 s 303 70.6 1 86 gi|15 37385 37680 159 gi|21 25696 25985
edge 968 s 0 0 157 86
edge 978 s 0 0 232 86
edge 988 s 0 0 307 86
edge 1000 s 0 0 364 86
edge 1024 s 0 0 504 86
edge 1034 s 0 0 535 86
edge 1042 s 0 0 552 86
edge 1048 s 0 0 555 86
edge 1054 s 0 0 86 158
edge 1055 s 0 0 86 159
edge 1056 p 1 78 86 498
edge 1063 s 0 0 709 86
pcp 36132 498
pcp 36384 498
