index 111
frag gi|17 1187 1943
img_no 14
msp 1678 s 341 75.5 -1 111 gi|17 1187 1721 325 gi|30 32187 32724
msp 971 s 319 74.3 1 35 gi|11 400 808 111 gi|17 1417 1825
msp 1680 s 268 74.5 1 111 gi|17 1422 1856 234 gi|25 14821 15255
msp 711 s 299 75.6 -1 626 gi|7 38173 38573 111 gi|17 1422 1804
msp 1682 s 505 77.2 -1 111 gi|17 1431 1943 153 gi|19 19137 19643
msp 1521 s 499 77.0 1 105 gi|16 28857 29247 111 gi|17 1469 1856
msp 1451 s 359 71.6 -1 90 gi|15 24729 25031 111 gi|17 1555 1857
msp 877 s 381 77.7 1 58 gi|12 28287 28582 111 gi|17 1562 1857
msp 1684 s 405 77.8 -1 111 gi|17 1585 1854 457 gi|39 26037 26309
msp 1686 s 290 74.9 -1 111 gi|17 1586 1864 541 gi|44 22779 23059
msp 153 s 353 73.4 -1 309 gi|3 24243 24509 111 gi|17 1588 1863
msp 1688 s 291 76.8 -1 111 gi|17 1592 1828 407 gi|36 35005 35241
msp 1690 s 321 77.8 -1 111 gi|17 1595 1833 185 gi|21 24684 24921
msp 1692 s 265 75.1 -1 111 gi|17 1598 1774 392 gi|36 6966 7142
