index 112
frag gi|17 2080 2690
img_no 14
msp 209 s 629 75.8 1 314 gi|3 34152 34753 112 gi|17 2080 2687
msp 1694 s 341 72.9 -1 112 gi|17 2342 2522 153 gi|19 19382 19554
msp 1696 s 363 77.9 -1 112 gi|17 2381 2520 348 gi|33 20727 20863
msp 1698 s 295 77.2 1 112 gi|17 2384 2615 422 gi|37 27962 28196
msp 781 s 272 71.7 1 29 gi|10 27529 27765 112 gi|17 2396 2623
msp 1525 s 274 77.8 1 105 gi|16 28977 29161 112 gi|17 2419 2600
msp 1700 s 343 73.6 -1 112 gi|17 2423 2634 407 gi|36 35029 35240
msp 887 s 419 79.0 1 58 gi|12 28319 28556 112 gi|17 2424 2664
msp 987 s 323 68.2 1 35 gi|11 575 841 112 gi|17 2425 2688
msp 1702 s 266 83.4 1 112 gi|17 2425 2605 203 gi|22 32285 32465
msp 1704 s 357 80.6 -1 112 gi|17 2425 2522 185 gi|21 24824 24921
msp 1449 s 295 71.7 -1 90 gi|15 24726 24990 112 gi|17 2426 2690
msp 1706 s 257 79.0 -1 112 gi|17 2428 2603 392 gi|36 6964 7142
msp 359 s 261 76.3 -1 16 gi|1 35384 35522 112 gi|17 2442 2586
