index 113
frag gi|17 6615 8329
img_no 15
msp 1708 s 5387 77.7 1 113 gi|17 6615 8294 258 gi|26 34163 35832
msp 1710 s 3296 74.3 -1 113 gi|17 6617 8291 239 gi|25 30912 32583
msp 1712 s 1925 74.9 1 113 gi|17 6674 8268 128 gi|18 2308 3894
msp 1714 s 4647 78.6 1 113 gi|17 6680 8316 148 gi|19 11267 12909
msp 1716 s 5181 77.4 1 113 gi|17 6681 8329 257 gi|26 32339 33971
msp 1718 s 1232 76.9 1 113 gi|17 6691 7222 365 gi|34 24700 25178
msp 1720 s 488 74.8 1 113 gi|17 6730 6975 142 gi|19 2927 3171
msp 473 s 2521 74.7 1 592 gi|5 8058 9598 113 gi|17 6742 8293
msp 1722 s 2016 77.1 1 113 gi|17 6813 8278 259 gi|26 36239 37694
msp 1724 s 1681 75.9 1 113 gi|17 6822 8315 524 gi|43 31871 33394
msp 1726 s 1744 81.3 1 113 gi|17 7024 7334 255 gi|26 31021 31329
msp 295 s 932 83.9 -1 7 gi|1 20595 20749 113 gi|17 7176 7330
msp 1728 s 634 77.9 1 113 gi|17 7308 7709 366 gi|34 25160 25537
msp 1730 s 1828 75.6 1 113 gi|17 7554 8262 256 gi|26 31332 32034
msp 1732 s 1058 75.2 1 113 gi|17 7714 8313 367 gi|34 25427 26038
