index 116
frag gi|17 14313 15879
img_no 12
msp 1738 s 1207 75.3 1 116 gi|17 14313 15687 148 gi|19 11174 12572
msp 1740 s 884 75.1 1 116 gi|17 14365 15879 128 gi|18 2280 3814
msp 1742 s 767 74.7 1 116 gi|17 14383 15748 257 gi|26 32321 33713
msp 1744 s 1334 77.3 -1 116 gi|17 14399 15745 239 gi|25 31151 32515
msp 459 s 1328 78.1 1 592 gi|5 8006 8830 116 gi|17 14404 15231
msp 1746 s 942 76.7 1 116 gi|17 14539 15311 258 gi|26 34376 35148
msp 1748 s 306 76.7 1 116 gi|17 14543 14675 142 gi|19 3023 3155
msp 1750 s 1217 76.0 1 116 gi|17 14548 15306 259 gi|26 36257 37018
msp 1752 s 1090 76.2 1 116 gi|17 14548 15243 524 gi|43 31880 32563
msp 1754 s 541 74.8 1 116 gi|17 14616 14940 365 gi|34 24858 25179
msp 1756 s 580 80.3 1 116 gi|17 14781 15059 255 gi|26 31061 31339
msp 305 s 447 86.8 -1 7 gi|1 20596 20746 116 gi|17 14896 15045
