index 145
frag gi|19 4507 4806
img_no 8
msp 1554 s 2668 99.3 -1 145 gi|19 4507 4806 539 gi|44 21549 21844
msp 1556 s 2633 99.0 1 145 gi|19 4507 4806 546 gi|44 33817 34114
msp 921 s 2648 100.0 -1 644 gi|9 7199 7490 145 gi|19 4509 4806
msp 1001 s 2648 100.0 -1 36 gi|11 3320 3605 145 gi|19 4521 4806
msp 1558 s 2648 100.0 1 145 gi|19 4521 4806 270 gi|27 23730 24015
msp 947 s 2576 98.6 1 652 gi|9 28924 29209 145 gi|19 4521 4806
msp 1560 s 2227 94.3 1 145 gi|19 4525 4806 462 gi|39 30591 30872
msp 1562 s 289 87.5 -1 145 gi|19 4525 4572 424 gi|37 36529 36575
