index 170
frag gi|2 27146 29881
img_no 10
msp 406 s 918 95.6 1 170 gi|2 27146 27282 430 gi|38 8860 8989
msp 408 s 22598 96.6 -1 170 gi|2 27167 29835 485 gi|40 22123 24748
msp 416 s 22784 95.5 1 170 gi|2 27168 29847 220 gi|24 5977 8649
msp 410 s 23195 97.1 1 170 gi|2 27168 29839 569 gi|46 28088 30742
msp 412 s 23195 97.1 1 170 gi|2 27168 29839 176 gi|20 12410 15064
msp 414 s 23020 96.2 1 170 gi|2 27168 29836 307 gi|3 17980 20642
msp 418 s 22136 96.7 1 170 gi|2 27263 29839 432 gi|38 10221 12804
msp 420 s 833 75.5 1 170 gi|2 27573 28405 341 gi|33 2004 2851
msp 422 s 286 69.7 1 170 gi|2 28867 29097 342 gi|33 3436 3658
msp 424 s 2100 90.0 -1 170 gi|2 29551 29881 421 gi|37 27628 27962
