index 181
frag gi|21 15389 15965
img_no 10
msp 267 s 1383 73.0 1 2 gi|1 4734 5321 181 gi|21 15389 15965
msp 1894 s 262 78.5 -1 181 gi|21 15421 15643 203 gi|22 32285 32510
msp 1463 s 272 76.7 1 90 gi|15 24783 24988 181 gi|21 15438 15640
msp 819 s 278 75.9 -1 31 gi|10 32541 32681 181 gi|21 15495 15650
msp 979 s 389 83.4 -1 35 gi|11 528 714 181 gi|21 15501 15713
msp 221 s 267 78.5 -1 314 gi|3 34412 34588 181 gi|21 15546 15716
msp 885 s 262 81.4 -1 58 gi|12 28316 28417 181 gi|21 15546 15647
msp 173 s 286 76.7 1 309 gi|3 24406 24624 181 gi|21 15547 15756
msp 1896 s 271 73.5 1 181 gi|21 15554 15700 400 gi|36 18900 19052
msp 1898 s 264 80.6 1 181 gi|21 15562 15669 407 gi|36 35158 35264
