index 220
frag gi|24 5967 8649
img_no 10
msp 1821 s 22770 95.8 1 176 gi|20 12400 15067 220 gi|24 5967 8645
msp 1868 s 22789 95.9 1 220 gi|24 5967 8645 569 gi|46 28078 30745
msp 1870 s 22520 96.3 -1 220 gi|24 5973 8642 485 gi|40 22118 24750
msp 107 s 23023 95.8 1 307 gi|3 17976 20643 220 gi|24 5973 8640
msp 417 s 22784 95.5 1 170 gi|2 27168 29847 220 gi|24 5977 8649
msp 1872 s 930 98.3 1 220 gi|24 5977 6091 430 gi|38 8874 8989
msp 1874 s 22146 96.4 1 220 gi|24 6072 8640 432 gi|38 10221 12801
msp 1876 s 875 74.3 1 220 gi|24 6374 7207 341 gi|33 2003 2851
msp 1878 s 325 69.8 1 220 gi|24 7669 7900 342 gi|33 3436 3658
msp 1880 s 2083 93.1 -1 220 gi|24 8381 8641 421 gi|37 27666 27926
