index 239
frag gi|25 30898 32598
img_no 16
msp 1567 s 3675 78.8 -1 148 gi|19 11211 12878 239 gi|25 30898 32579
msp 1711 s 3296 74.3 -1 113 gi|17 6617 8291 239 gi|25 30912 32583
msp 2178 s 1135 73.6 -1 239 gi|25 30912 31654 256 gi|26 31312 32063
msp 2180 s 3911 78.1 -1 239 gi|25 30919 32581 258 gi|26 34165 35837
msp 2182 s 1824 77.2 -1 239 gi|25 30923 32592 524 gi|43 31668 33348
msp 457 s 3129 72.7 -1 592 gi|5 8004 9580 239 gi|25 30926 32514
msp 1631 s 1810 75.2 -1 128 gi|18 2314 3902 239 gi|25 30930 32515
msp 2184 s 3736 76.6 -1 239 gi|25 30934 32598 257 gi|26 32267 33925
msp 2186 s 395 73.8 -1 239 gi|25 30939 31465 367 gi|34 25460 25989
msp 2188 s 3064 76.2 -1 239 gi|25 30980 32593 259 gi|26 36013 37646
msp 1745 s 1334 77.3 -1 116 gi|17 14399 15745 239 gi|25 31151 32515
msp 2190 s 492 81.3 -1 239 gi|25 31568 31883 366 gi|34 25165 25461
msp 2192 s 1400 77.7 -1 239 gi|25 31875 32232 255 gi|26 30953 31319
msp 311 s 645 77.5 1 7 gi|1 20603 20749 239 gi|25 31875 32021
msp 2194 s 894 74.0 -1 239 gi|25 31950 32307 365 gi|34 24849 25197
msp 1551 s 349 74.3 -1 142 gi|19 3028 3171 239 gi|25 32222 32366
