index 257
frag gi|26 32267 33971
img_no 11
msp 2185 s 3736 76.6 -1 239 gi|25 30934 32598 257 gi|26 32267 33925
msp 2114 s 1618 77.1 1 257 gi|26 32279 33918 524 gi|43 31673 33333
msp 2116 s 1091 74.8 1 257 gi|26 32279 32880 365 gi|34 24636 25178
msp 455 s 2655 74.7 1 592 gi|5 7979 9452 257 gi|26 32315 33800
msp 1743 s 767 74.7 1 116 gi|17 14383 15748 257 gi|26 32321 33713
msp 1569 s 5889 79.2 1 148 gi|19 11268 12841 257 gi|26 32329 33918
msp 1717 s 5181 77.4 1 113 gi|17 6681 8329 257 gi|26 32339 33971
msp 1629 s 1587 75.1 1 128 gi|18 2314 3894 257 gi|26 32340 33920
msp 299 s 824 80.7 -1 7 gi|1 20595 20749 257 gi|26 32834 32988
msp 2118 s 850 78.2 1 257 gi|26 32966 33296 366 gi|34 25160 25474
msp 2120 s 711 75.8 1 257 gi|26 33444 33935 367 gi|34 25517 26007
