index 258
frag gi|26 34163 35886
img_no 11
msp 1709 s 5387 77.7 1 113 gi|17 6615 8294 258 gi|26 34163 35832
msp 2181 s 3911 78.1 -1 239 gi|25 30919 32581 258 gi|26 34165 35837
msp 1565 s 5773 77.4 1 148 gi|19 11210 12842 258 gi|26 34170 35812
msp 2122 s 1976 76.7 1 258 gi|26 34172 35886 524 gi|43 31673 33395
msp 1633 s 1996 75.5 1 128 gi|18 2321 3890 258 gi|26 34236 35809
msp 467 s 3014 75.3 1 592 gi|5 8048 9559 258 gi|26 34286 35803
msp 2124 s 1277 78.4 1 258 gi|26 34316 34773 365 gi|34 24768 25178
msp 1747 s 942 76.7 1 116 gi|17 14539 15311 258 gi|26 34376 35148
msp 297 s 867 81.9 -1 7 gi|1 20595 20749 258 gi|26 34727 34881
msp 2126 s 891 75.5 1 258 gi|26 34859 35189 366 gi|34 25160 25474
msp 2128 s 784 77.1 1 258 gi|26 35241 35830 367 gi|34 25408 26003
