index 270
frag gi|27 23696 24015
img_no 8
msp 1994 s 289 84.9 -1 270 gi|27 23696 23781 424 gi|37 36529 36616
msp 1996 s 2618 98.4 1 270 gi|27 23699 24015 546 gi|44 33801 34114
msp 999 s 2662 97.8 -1 36 gi|11 3320 3636 270 gi|27 23702 24015
msp 919 s 2677 99.3 -1 644 gi|9 7199 7498 270 gi|27 23714 24015
msp 945 s 2581 98.3 1 652 gi|9 28921 29209 270 gi|27 23727 24015
msp 1998 s 2641 99.7 -1 270 gi|27 23729 24015 539 gi|44 21549 21835
msp 1559 s 2648 100.0 1 145 gi|19 4521 4806 270 gi|27 23730 24015
msp 2000 s 2227 94.3 1 270 gi|27 23734 24015 462 gi|39 30591 30872
