index 293
frag gi|28 28413 30135
img_no 9
msp 1091 s 13171 93.0 -1 71 gi|13 33149 34814 293 gi|28 28413 30087
msp 2052 s 447 80.2 1 293 gi|28 28484 28574 436 gi|38 16900 16988
msp 2050 s 322 91.1 -1 293 gi|28 28484 28528 323 gi|30 26563 26610
msp 1085 s 416 81.0 1 71 gi|13 33105 33188 293 gi|28 28489 28574
msp 2054 s 260 88.4 1 293 gi|28 28489 28531 406 gi|36 34705 34746
msp 33 s 13146 93.6 1 476 gi|4 32236 33903 293 gi|28 28490 30135
msp 2056 s 13054 93.2 -1 293 gi|28 28490 30102 436 gi|38 16929 18547
msp 41 s 431 79.8 -1 476 gi|4 33795 33878 293 gi|28 28490 28574
msp 593 s 276 91.7 -1 634 gi|8 19064 19099 293 gi|28 28490 28525
