index 294
frag gi|28 30089 30833
img_no 8
msp 2058 s 3385 84.7 1 294 gi|28 30089 30801 323 gi|30 25882 26601
msp 1081 s 375 86.2 -1 71 gi|13 33074 33167 294 gi|28 30733 30833
msp 2060 s 358 88.4 -1 294 gi|28 30733 30801 436 gi|38 16905 16966
msp 43 s 358 87.1 1 476 gi|4 33817 33878 294 gi|28 30733 30801
msp 2062 s 354 86.8 1 294 gi|28 30764 30831 436 gi|38 18510 18575
msp 1097 s 301 90.2 1 71 gi|13 34710 34750 294 gi|28 30764 30804
msp 27 s 323 94.9 -1 476 gi|4 32235 32273 294 gi|28 30764 30802
msp 591 s 310 92.5 1 634 gi|8 19064 19103 294 gi|28 30766 30805
