index 307
frag gi|3 17976 20651
img_no 11
msp 106 s 23023 95.8 1 307 gi|3 17976 20643 220 gi|24 5973 8640
msp 108 s 22974 96.4 1 307 gi|3 17979 20643 569 gi|46 28087 30740
msp 110 s 22974 96.4 1 307 gi|3 17979 20643 176 gi|20 12409 15062
msp 415 s 23020 96.2 1 170 gi|2 27168 29836 307 gi|3 17980 20642
msp 112 s 23444 98.1 -1 307 gi|3 17980 20641 485 gi|40 22123 24747
msp 114 s 922 97.4 1 307 gi|3 17980 18094 430 gi|38 8874 8989
msp 116 s 22911 97.9 1 307 gi|3 18075 20651 432 gi|38 10221 12809
msp 118 s 815 75.4 1 307 gi|3 18378 18779 341 gi|33 2004 2401
msp 120 s 287 70.9 1 307 gi|3 18991 19210 341 gi|33 2629 2851
msp 122 s 276 70.3 1 307 gi|3 19685 19903 342 gi|33 3443 3658
msp 124 s 2001 91.5 -1 307 gi|3 20384 20643 421 gi|37 27667 27926
