index 309
frag gi|3 24152 24915
img_no 18
msp 146 s 482 74.3 1 309 gi|3 24152 24856 400 gi|36 18649 19342
msp 148 s 679 73.1 1 309 gi|3 24180 24915 325 gi|30 31997 32729
msp 150 s 309 71.8 1 309 gi|3 24228 24671 399 gi|36 16857 17300
msp 154 s 381 72.3 -1 309 gi|3 24243 24516 602 gi|5 25676 25952
msp 152 s 353 73.4 -1 309 gi|3 24243 24509 111 gi|17 1588 1863
msp 156 s 357 76.3 1 309 gi|3 24245 24514 619 gi|7 1042 1317
msp 158 s 393 78.2 -1 309 gi|3 24302 24503 58 gi|12 28319 28529
msp 160 s 332 81.1 1 309 gi|3 24360 24502 185 gi|21 24779 24921
msp 162 s 263 74.3 1 309 gi|3 24397 24505 324 gi|30 30439 30547
msp 164 s 282 76.9 -1 309 gi|3 24398 24540 203 gi|22 32242 32389
msp 166 s 259 74.8 1 309 gi|3 24403 24509 457 gi|39 26200 26306
msp 168 s 277 81.0 -1 309 gi|3 24404 24503 595 gi|5 15100 15199
msp 170 s 333 81.8 -1 309 gi|3 24404 24502 35 gi|11 575 673
msp 172 s 286 76.7 1 309 gi|3 24406 24624 181 gi|21 15547 15756
msp 277 s 312 73.1 1 2 gi|1 4904 5033 309 gi|3 24406 24535
msp 174 s 272 82.1 1 309 gi|3 24406 24517 392 gi|36 7049 7158
msp 176 s 281 76.6 -1 309 gi|3 24426 24502 283 gi|28 6069 6145
msp 178 s 276 80.8 1 309 gi|3 24453 24499 348 gi|33 20773 20819
