index 314
frag gi|3 34057 34877
img_no 23
msp 188 s 581 76.0 1 314 gi|3 34057 34589 595 gi|5 14644 15199
msp 190 s 609 72.2 -1 314 gi|3 34067 34699 541 gi|44 22841 23470
msp 192 s 259 78.4 1 314 gi|3 34073 34345 238 gi|25 28304 28581
msp 194 s 389 71.5 1 314 gi|3 34074 34586 530 gi|44 928 1467
msp 196 s 1246 74.3 1 314 gi|3 34080 34877 203 gi|22 31877 32677
msp 198 s 340 72.3 1 314 gi|3 34087 34570 283 gi|28 5674 6148
msp 200 s 1461 73.5 -1 314 gi|3 34089 34795 90 gi|15 24687 25390
msp 202 s 2109 76.6 1 314 gi|3 34096 34813 58 gi|12 27925 28643
msp 204 s 530 74.9 1 314 gi|3 34104 34585 31 gi|10 32147 32643
msp 206 s 740 76.0 1 314 gi|3 34148 34717 35 gi|11 220 804
msp 208 s 629 75.8 1 314 gi|3 34152 34753 112 gi|17 2080 2687
msp 210 s 1036 77.1 -1 314 gi|3 34155 34700 185 gi|21 24712 25246
msp 212 s 400 74.0 -1 314 gi|3 34282 34805 407 gi|36 34901 35445
msp 214 s 602 77.3 -1 314 gi|3 34282 34590 457 gi|39 26200 26511
msp 216 s 555 74.3 -1 314 gi|3 34327 34591 348 gi|33 20722 20983
msp 218 s 303 75.0 -1 314 gi|3 34404 34699 626 gi|7 38174 38481
msp 220 s 267 78.5 -1 314 gi|3 34412 34588 181 gi|21 15546 15716
msp 222 s 419 76.5 1 314 gi|3 34432 34614 238 gi|25 28689 28880
msp 224 s 322 78.6 -1 314 gi|3 34451 34590 153 gi|19 19380 19520
msp 226 s 353 77.7 1 314 gi|3 34456 34666 105 gi|16 28948 29161
msp 228 s 254 70.3 1 314 gi|3 34474 34766 530 gi|44 303 598
msp 230 s 292 72.5 -1 314 gi|3 34494 34624 400 gi|36 18844 18986
msp 232 s 264 75.0 1 314 gi|3 34495 34666 50 gi|12 6901 7072
