index 323
frag gi|30 25882 26618
img_no 9
msp 2059 s 3385 84.7 1 294 gi|28 30089 30801 323 gi|30 25882 26601
msp 1083 s 394 89.1 -1 71 gi|13 33104 33167 323 gi|30 26533 26603
msp 45 s 394 89.1 1 476 gi|4 33817 33880 323 gi|30 26533 26603
msp 2204 s 375 90.0 -1 323 gi|30 26533 26602 436 gi|38 16904 16966
msp 21 s 345 89.8 -1 476 gi|4 32223 32281 323 gi|30 26557 26618
msp 1095 s 294 89.1 1 71 gi|13 34702 34747 323 gi|30 26557 26601
msp 2206 s 313 91.1 1 323 gi|30 26557 26601 436 gi|38 18502 18547
msp 587 s 293 95.0 1 634 gi|8 19060 19099 323 gi|30 26560 26601
msp 2051 s 322 91.1 -1 293 gi|28 28484 28528 323 gi|30 26563 26610
