index 324
frag gi|30 30216 30942
img_no 9
msp 557 s 738 72.2 -1 602 gi|5 25690 26013 324 gi|30 30216 30546
msp 131 s 1085 74.5 1 308 gi|3 22413 23062 324 gi|30 30248 30901
msp 633 s 637 72.0 1 619 gi|7 1006 1619 324 gi|30 30248 30861
msp 2208 s 1018 72.1 1 324 gi|30 30251 30942 399 gi|36 16838 17529
msp 767 s 365 76.5 1 24 gi|10 19766 19927 324 gi|30 30257 30418
msp 2210 s 392 71.7 1 324 gi|30 30268 30850 400 gi|36 18713 19295
msp 163 s 263 74.3 1 309 gi|3 24397 24505 324 gi|30 30439 30547
msp 651 s 409 72.7 1 620 gi|7 3027 3484 324 gi|30 30465 30922
msp 769 s 263 73.7 1 25 gi|10 19973 20067 324 gi|30 30766 30861
