index 335
frag gi|32 5817 6968
img_no 12
msp 1943 s 820 74.8 1 200 gi|22 21086 22170 335 gi|32 5817 6886
msp 75 s 269 80.9 1 478 gi|4 37817 37931 335 gi|32 5833 5953
msp 1945 s 466 79.6 1 200 gi|22 21958 22182 335 gi|32 5834 6058
msp 2013 s 690 71.5 -1 276 gi|27 36880 37527 335 gi|32 5847 6495
msp 537 s 290 76.5 1 598 gi|5 19253 19414 335 gi|32 5861 6022
msp 2011 s 269 80.7 -1 275 gi|27 36504 36627 335 gi|32 5914 6033
msp 1593 s 282 71.7 -1 152 gi|19 18876 19020 335 gi|32 6329 6467
msp 2015 s 317 76.2 -1 278 gi|27 37867 37967 335 gi|32 6365 6465
msp 1963 s 264 81.6 1 203 gi|22 32200 32406 335 gi|32 6616 6810
msp 1941 s 611 76.1 1 200 gi|22 21056 21390 335 gi|32 6638 6968
msp 1469 s 268 82.4 -1 90 gi|15 24816 25014 335 gi|32 6669 6858
msp 2009 s 261 73.0 -1 275 gi|27 36479 36630 335 gi|32 6748 6896
