index 341
frag gi|33 2003 2851
img_no 10
msp 1877 s 875 74.3 1 220 gi|24 6374 7207 341 gi|33 2003 2851
msp 1829 s 821 74.9 1 176 gi|20 12810 13629 341 gi|33 2004 2851
msp 2326 s 763 75.7 1 341 gi|33 2004 2851 569 gi|46 28488 29307
msp 421 s 833 75.5 1 170 gi|2 27573 28405 341 gi|33 2004 2851
msp 119 s 815 75.4 1 307 gi|3 18378 18779 341 gi|33 2004 2401
msp 2322 s 781 75.4 -1 341 gi|33 2004 2401 485 gi|40 23947 24348
msp 2324 s 790 75.4 1 341 gi|33 2004 2401 432 gi|38 10525 10926
msp 121 s 287 70.9 1 307 gi|3 18991 19210 341 gi|33 2629 2851
msp 2328 s 287 71.3 -1 341 gi|33 2629 2851 485 gi|40 23516 23735
msp 2330 s 287 71.3 1 341 gi|33 2629 2851 432 gi|38 11138 11357
