index 35
frag gi|11 177 913
img_no 28
msp 956 s 800 71.3 -1 35 gi|11 177 874 90 gi|15 24695 25377
msp 495 s 558 76.4 1 595 gi|5 14705 15199 35 gi|11 188 673
msp 958 s 608 76.9 -1 35 gi|11 193 786 185 gi|21 24713 25276
msp 807 s 467 75.5 1 31 gi|10 32180 32727 35 gi|11 194 753
msp 960 s 266 72.3 1 35 gi|11 206 769 530 gi|44 1000 1566
msp 207 s 740 76.0 1 314 gi|3 34148 34717 35 gi|11 220 804
msp 962 s 725 75.6 1 35 gi|11 220 772 203 gi|22 31945 32480
msp 964 s 784 75.9 1 35 gi|11 221 738 238 gi|25 28385 28911
msp 966 s 618 76.6 -1 35 gi|11 259 913 457 gi|39 25991 26597
msp 968 s 1091 75.8 1 35 gi|11 311 789 58 gi|12 28075 28531
msp 71 s 256 76.2 1 478 gi|4 37646 37931 35 gi|11 379 670
msp 970 s 319 74.3 1 35 gi|11 400 808 111 gi|17 1417 1825
msp 972 s 350 80.2 1 35 gi|11 454 615 105 gi|16 28862 29023
msp 355 s 436 79.0 -1 16 gi|1 35343 35638 35 gi|11 487 771
msp 974 s 402 74.6 -1 35 gi|11 492 672 541 gi|44 22952 23126
msp 976 s 453 74.9 -1 35 gi|11 522 700 348 gi|33 20697 20875
msp 978 s 389 83.4 -1 35 gi|11 528 714 181 gi|21 15501 15713
msp 980 s 364 75.4 -1 35 gi|11 534 777 407 gi|36 35039 35285
msp 982 s 254 79.1 1 35 gi|11 539 758 101 gi|16 17145 17364
msp 984 s 409 76.2 1 35 gi|11 544 753 530 gi|44 293 498
msp 707 s 519 69.3 -1 626 gi|7 38141 38397 35 gi|11 563 819
msp 327 s 268 71.2 -1 15 gi|1 34634 34824 35 gi|11 569 761
msp 986 s 323 68.2 1 35 gi|11 575 841 112 gi|17 2425 2688
msp 171 s 333 81.8 -1 309 gi|3 24404 24502 35 gi|11 575 673
msp 691 s 345 67.7 -1 626 gi|7 37132 37382 35 gi|11 576 826
msp 988 s 320 73.2 -1 35 gi|11 576 821 400 gi|36 18755 18988
msp 791 s 315 75.5 1 29 gi|10 27561 27744 35 gi|11 578 761
msp 273 s 264 82.1 -1 2 gi|1 4903 4997 35 gi|11 578 672
