index 36
frag gi|11 1918 3636
img_no 11
msp 907 s 15481 99.0 1 644 gi|9 5800 7494 36 gi|11 1918 3613
msp 990 s 256 94.3 1 36 gi|11 1923 1975 328 gi|30 35879 35923
msp 992 s 10159 97.1 1 36 gi|11 1933 3084 487 gi|40 31442 32595
msp 943 s 15356 99.0 -1 652 gi|9 28921 30594 36 gi|11 1935 3608
msp 994 s 11596 98.6 -1 36 gi|11 1940 3213 439 gi|38 22453 23727
msp 996 s 4329 94.0 -1 36 gi|11 3070 3601 462 gi|39 30591 31122
msp 998 s 2662 97.8 -1 36 gi|11 3320 3636 270 gi|27 23702 24015
msp 1002 s 2641 99.7 1 36 gi|11 3320 3606 539 gi|44 21549 21835
msp 1000 s 2648 100.0 -1 36 gi|11 3320 3605 145 gi|19 4521 4806
msp 1004 s 2617 99.3 -1 36 gi|11 3320 3605 546 gi|44 33829 34114
msp 1006 s 289 87.5 1 36 gi|11 3554 3601 424 gi|37 36529 36575
