index 367
frag gi|34 25408 26038
img_no 9
msp 2129 s 784 77.1 1 258 gi|26 35241 35830 367 gi|34 25408 26003
msp 1733 s 1058 75.2 1 113 gi|17 7714 8313 367 gi|34 25427 26038
msp 1647 s 358 74.3 1 128 gi|18 3344 3686 367 gi|34 25446 25800
msp 2111 s 739 79.1 1 256 gi|26 31515 32044 367 gi|34 25453 25989
msp 2187 s 395 73.8 -1 239 gi|25 30939 31465 367 gi|34 25460 25989
msp 1583 s 536 76.9 1 148 gi|19 12301 12841 367 gi|34 25469 25984
msp 2121 s 711 75.8 1 257 gi|26 33444 33935 367 gi|34 25517 26007
msp 483 s 491 73.6 1 592 gi|5 9241 9558 367 gi|34 25665 25976
msp 2139 s 303 70.6 1 259 gi|26 37385 37680 367 gi|34 25696 25985
