index 399
frag gi|36 16760 17555
img_no 9
msp 629 s 878 74.1 1 619 gi|7 941 1686 399 gi|36 16760 17515
msp 2209 s 1018 72.1 1 324 gi|30 30251 30942 399 gi|36 16838 17529
msp 133 s 872 72.0 1 308 gi|3 22422 22700 399 gi|36 16844 17122
msp 765 s 367 76.4 1 24 gi|10 19766 19930 399 gi|36 16844 17008
msp 561 s 778 75.2 -1 602 gi|5 25691 25976 399 gi|36 16845 17130
msp 151 s 309 71.8 1 309 gi|3 24228 24671 399 gi|36 16857 17300
msp 643 s 256 68.0 1 620 gi|7 2836 3144 399 gi|36 16861 17169
msp 2215 s 477 69.4 1 325 gi|30 32069 32724 399 gi|36 16884 17536
msp 143 s 597 79.1 1 308 gi|3 22863 23130 399 gi|36 17291 17555
