index 400
frag gi|36 18649 19368
img_no 17
msp 147 s 482 74.3 1 309 gi|3 24152 24856 400 gi|36 18649 19342
msp 553 s 552 76.8 -1 602 gi|5 25674 26014 400 gi|36 18681 19008
msp 2211 s 392 71.7 1 324 gi|30 30268 30850 400 gi|36 18713 19295
msp 637 s 463 73.9 1 619 gi|7 1048 1419 400 gi|36 18717 19106
msp 2213 s 845 71.8 1 325 gi|30 32056 32698 400 gi|36 18729 19368
msp 647 s 656 73.0 1 620 gi|7 2852 3281 400 gi|36 18735 19164
msp 989 s 320 73.2 -1 35 gi|11 576 821 400 gi|36 18755 18988
msp 1971 s 310 70.8 -1 203 gi|22 32288 32527 400 gi|36 18756 18986
msp 783 s 312 74.6 -1 29 gi|10 27545 27792 400 gi|36 18761 19005
msp 141 s 352 70.6 1 308 gi|3 22483 22839 400 gi|36 18763 19125
msp 1453 s 481 71.3 1 90 gi|15 24765 24994 400 gi|36 18769 18993
msp 879 s 319 71.2 -1 58 gi|12 28291 28523 400 gi|36 18792 19021
msp 231 s 292 72.5 -1 314 gi|3 34494 34624 400 gi|36 18844 18986
msp 1915 s 270 79.1 1 185 gi|21 24826 24954 400 gi|36 18894 19013
msp 2432 s 286 75.8 1 400 gi|36 18894 18988 457 gi|39 26204 26298
msp 1897 s 271 73.5 1 181 gi|21 15554 15700 400 gi|36 18900 19052
msp 2027 s 293 77.1 -1 283 gi|28 6070 6152 400 gi|36 18902 18988
