index 421
frag gi|37 27628 27962
img_no 7
msp 425 s 2100 90.0 -1 170 gi|2 29551 29881 421 gi|37 27628 27962
msp 2416 s 2074 92.5 1 421 gi|37 27662 27926 485 gi|40 22116 22380
msp 2418 s 2074 91.3 -1 421 gi|37 27663 27962 432 gi|38 12515 12806
msp 1833 s 2007 90.9 -1 176 gi|20 14803 15065 421 gi|37 27664 27926
msp 2420 s 2018 90.9 -1 421 gi|37 27664 27926 569 gi|46 30481 30743
msp 1881 s 2083 93.1 -1 220 gi|24 8381 8641 421 gi|37 27666 27926
msp 125 s 2001 91.5 -1 307 gi|3 20384 20643 421 gi|37 27667 27926
