index 462
frag gi|39 30589 31122
img_no 10
msp 2427 s 276 83.7 -1 424 gi|37 36529 36577 462 gi|39 30589 30638
msp 913 s 4346 94.2 -1 644 gi|9 6949 7480 462 gi|39 30591 31122
msp 949 s 4302 93.0 1 652 gi|9 28928 29459 462 gi|39 30591 31122
msp 997 s 4329 94.0 -1 36 gi|11 3070 3601 462 gi|39 30591 31122
msp 1561 s 2227 94.3 1 145 gi|19 4525 4806 462 gi|39 30591 30872
msp 2001 s 2227 94.3 1 270 gi|27 23734 24015 462 gi|39 30591 30872
msp 2486 s 2213 94.3 -1 462 gi|39 30591 30872 539 gi|44 21549 21830
msp 2488 s 2188 92.5 1 462 gi|39 30591 30872 546 gi|44 33833 34114
msp 2031 s 269 87.2 1 285 gi|28 12772 12818 462 gi|39 30606 30656
msp 2473 s 1115 90.3 1 439 gi|38 22453 22596 462 gi|39 30979 31122
