index 485
frag gi|40 22116 24750
img_no 11
msp 2417 s 2074 92.5 1 421 gi|37 27662 27926 485 gi|40 22116 22380
msp 2467 s 22344 98.1 -1 432 gi|38 10221 12806 485 gi|40 22117 24652
msp 1871 s 22520 96.3 -1 220 gi|24 5973 8642 485 gi|40 22118 24750
msp 1823 s 22677 97.0 -1 176 gi|20 12410 15065 485 gi|40 22118 24747
msp 2444 s 22707 97.0 -1 485 gi|40 22118 24747 569 gi|46 28088 30743
msp 409 s 22598 96.6 -1 170 gi|2 27167 29835 485 gi|40 22123 24748
msp 113 s 23444 98.1 -1 307 gi|3 17980 20641 485 gi|40 22123 24747
msp 2333 s 295 68.2 -1 342 gi|33 3436 3658 485 gi|40 22823 23054
msp 2329 s 287 71.3 -1 341 gi|33 2629 2851 485 gi|40 23516 23735
msp 2323 s 781 75.4 -1 341 gi|33 2004 2401 485 gi|40 23947 24348
msp 2463 s 891 95.7 -1 430 gi|38 8873 8989 485 gi|40 24633 24748
