index 541
frag gi|44 22675 24135
img_no 15
msp 861 s 921 72.5 -1 58 gi|12 27427 28686 541 gi|44 22675 23939
msp 1687 s 290 74.9 -1 111 gi|17 1586 1864 541 gi|44 22779 23059
msp 1455 s 553 75.4 1 90 gi|15 24765 25873 541 gi|44 22823 23873
msp 497 s 548 77.0 -1 595 gi|5 14749 15312 541 gi|44 22835 23389
msp 1961 s 567 72.0 -1 203 gi|22 32100 32499 541 gi|44 22835 23234
msp 1905 s 950 72.7 1 185 gi|21 24713 25815 541 gi|44 22841 23997
msp 191 s 609 72.2 -1 314 gi|3 34067 34699 541 gi|44 22841 23470
msp 2439 s 302 80.1 1 407 gi|36 35065 35396 541 gi|44 22885 23213
msp 2483 s 520 75.6 1 457 gi|39 26202 26467 541 gi|44 22952 23214
msp 975 s 402 74.6 -1 35 gi|11 492 672 541 gi|44 22952 23126
msp 2365 s 524 77.1 1 348 gi|33 20727 21036 541 gi|44 22954 23275
msp 701 s 280 69.5 1 626 gi|7 37288 37382 541 gi|44 22954 23048
msp 817 s 332 77.6 -1 31 gi|10 32537 32643 541 gi|44 22955 23061
msp 1977 s 250 79.3 -1 205 gi|22 34549 34640 541 gi|44 23634 23728
msp 239 s 302 74.7 -1 316 gi|3 35714 36159 541 gi|44 23654 24135
