index 546
frag gi|44 33793 34114
img_no 8
msp 2425 s 252 89.1 -1 424 gi|37 36529 36629 546 gi|44 33793 33880
msp 1997 s 2618 98.4 1 270 gi|27 23699 24015 546 gi|44 33801 34114
msp 937 s 2678 97.8 1 652 gi|9 28892 29209 546 gi|44 33804 34114
msp 1557 s 2633 99.0 1 145 gi|19 4507 4806 546 gi|44 33817 34114
msp 917 s 2624 99.3 -1 644 gi|9 7199 7489 546 gi|44 33821 34114
msp 2029 s 253 85.5 1 285 gi|28 12750 12818 546 gi|44 33821 33898
msp 1005 s 2617 99.3 -1 36 gi|11 3320 3605 546 gi|44 33829 34114
msp 2489 s 2188 92.5 1 462 gi|39 30591 30872 546 gi|44 33833 34114
