index 58
frag gi|12 26584 28686
img_no 32
msp 235 s 435 74.3 1 315 gi|3 35030 35332 58 gi|12 26584 26871
msp 854 s 501 72.6 1 58 gi|12 26711 27862 204 gi|22 32954 34101
msp 856 s 1842 74.3 -1 58 gi|12 27086 28624 90 gi|15 24687 26299
msp 858 s 289 74.7 1 58 gi|12 27259 27850 205 gi|22 34161 34766
msp 245 s 434 70.7 1 316 gi|3 35854 36317 58 gi|12 27402 27869
msp 860 s 921 72.5 -1 58 gi|12 27427 28686 541 gi|44 22675 23939
msp 493 s 828 76.7 1 595 gi|5 14660 15390 58 gi|12 27894 28612
msp 862 s 438 72.8 1 58 gi|12 27912 28399 283 gi|28 5670 6148
msp 203 s 2109 76.6 1 314 gi|3 34096 34813 58 gi|12 27925 28643
msp 805 s 433 76.8 1 31 gi|10 32179 32643 58 gi|12 27970 28414
msp 864 s 1581 78.0 1 58 gi|12 27989 28597 203 gi|22 31954 32544
msp 866 s 579 70.4 1 58 gi|12 28005 28511 238 gi|25 28409 28942
msp 969 s 1091 75.8 1 35 gi|11 311 789 58 gi|12 28075 28531
msp 868 s 380 75.0 1 58 gi|12 28118 28592 105 gi|16 28773 29258
msp 870 s 276 71.6 1 58 gi|12 28127 28594 530 gi|44 110 597
msp 872 s 1187 82.4 -1 58 gi|12 28149 28528 185 gi|21 24713 25092
msp 874 s 277 75.9 1 58 gi|12 28253 28501 422 gi|37 27936 28184
msp 876 s 381 77.7 1 58 gi|12 28287 28582 111 gi|17 1562 1857
msp 878 s 319 71.2 -1 58 gi|12 28291 28523 400 gi|36 18792 19021
msp 880 s 332 84.2 -1 58 gi|12 28306 28419 153 gi|19 19380 19499
msp 882 s 544 78.0 -1 58 gi|12 28308 28493 348 gi|33 20649 20834
msp 331 s 279 78.0 -1 15 gi|1 34661 34824 58 gi|12 28310 28474
msp 884 s 262 81.4 -1 58 gi|12 28316 28417 181 gi|21 15546 15647
msp 657 s 253 78.5 -1 620 gi|7 3030 3108 58 gi|12 28318 28396
msp 886 s 419 79.0 1 58 gi|12 28319 28556 112 gi|17 2424 2664
msp 159 s 393 78.2 -1 309 gi|3 24302 24503 58 gi|12 28319 28529
msp 888 s 371 78.0 -1 58 gi|12 28319 28495 407 gi|36 35060 35239
msp 275 s 255 78.8 -1 2 gi|1 4903 5001 58 gi|12 28319 28417
msp 709 s 326 73.0 -1 626 gi|7 38171 38385 58 gi|12 28320 28531
msp 890 s 384 84.0 -1 58 gi|12 28320 28419 457 gi|39 26200 26299
msp 693 s 291 71.3 -1 626 gi|7 37252 37380 58 gi|12 28323 28451
msp 365 s 267 72.4 -1 16 gi|1 35438 35524 58 gi|12 28335 28421
