index 592
frag gi|5 7979 9598
img_no 16
msp 454 s 2655 74.7 1 592 gi|5 7979 9452 257 gi|26 32315 33800
msp 456 s 3129 72.7 -1 592 gi|5 8004 9580 239 gi|25 30926 32514
msp 458 s 1328 78.1 1 592 gi|5 8006 8830 116 gi|17 14404 15231
msp 460 s 1652 74.6 1 592 gi|5 8010 9572 128 gi|18 2323 3893
msp 462 s 1089 78.7 1 592 gi|5 8012 8545 365 gi|34 24702 25185
msp 464 s 1332 72.8 1 592 gi|5 8013 9567 524 gi|43 31743 33333
msp 466 s 3014 75.3 1 592 gi|5 8048 9559 258 gi|26 34286 35803
msp 468 s 422 79.1 1 592 gi|5 8048 8277 142 gi|19 2929 3158
msp 470 s 2609 73.7 1 592 gi|5 8052 9562 148 gi|19 11326 12837
msp 472 s 2521 74.7 1 592 gi|5 8058 9598 113 gi|17 6742 8293
msp 474 s 2149 76.0 1 592 gi|5 8129 9563 259 gi|26 36239 37672
msp 476 s 986 75.5 1 592 gi|5 8329 8654 255 gi|26 31010 31335
msp 303 s 513 72.3 -1 7 gi|1 20595 20742 592 gi|5 8499 8646
msp 478 s 321 74.7 1 592 gi|5 8638 8728 365 gi|34 25167 25257
msp 480 s 791 78.3 1 592 gi|5 9170 9580 256 gi|26 31648 32048
msp 482 s 491 73.6 1 592 gi|5 9241 9558 367 gi|34 25665 25976
