index 595
frag gi|5 14568 15390
img_no 19
msp 488 s 321 77.0 1 595 gi|5 14568 15114 234 gi|25 14478 15004
msp 490 s 539 78.1 1 595 gi|5 14638 15199 203 gi|22 31842 32383
msp 189 s 581 76.0 1 314 gi|3 34057 34589 595 gi|5 14644 15199
msp 492 s 828 76.7 1 595 gi|5 14660 15390 58 gi|12 27894 28612
msp 494 s 558 76.4 1 595 gi|5 14705 15199 35 gi|11 188 673
msp 496 s 548 77.0 -1 595 gi|5 14749 15312 541 gi|44 22835 23389
msp 498 s 275 74.5 -1 595 gi|5 14886 15206 626 gi|7 38278 38609
msp 337 s 256 69.1 -1 15 gi|1 34731 34853 595 gi|5 15064 15185
msp 500 s 278 73.3 -1 595 gi|5 15065 15199 348 gi|33 20724 20858
msp 502 s 319 76.4 1 595 gi|5 15078 15200 238 gi|25 28717 28847
msp 504 s 272 72.9 1 595 gi|5 15079 15196 530 gi|44 287 415
msp 169 s 277 81.0 -1 309 gi|3 24404 24503 595 gi|5 15100 15199
msp 271 s 282 74.8 -1 2 gi|1 4903 5001 595 gi|5 15100 15198
msp 506 s 487 75.9 -1 595 gi|5 15101 15291 457 gi|39 26103 26299
msp 508 s 343 73.7 -1 595 gi|5 15101 15199 185 gi|21 24823 24921
msp 510 s 273 73.2 -1 595 gi|5 15102 15198 90 gi|15 24894 24990
msp 514 s 263 68.9 -1 595 gi|5 15104 15206 626 gi|7 37276 37380
msp 516 s 332 79.6 1 595 gi|5 15104 15196 530 gi|44 1375 1467
msp 512 s 277 78.3 1 595 gi|5 15104 15195 31 gi|10 32552 32643
