index 602
frag gi|5 25660 26014
img_no 9
msp 550 s 268 72.1 -1 602 gi|5 25660 25967 620 gi|7 2829 3136
msp 552 s 552 76.8 -1 602 gi|5 25674 26014 400 gi|36 18681 19008
msp 155 s 381 72.3 -1 309 gi|3 24243 24516 602 gi|5 25676 25952
msp 554 s 276 77.1 1 602 gi|5 25688 25866 20 gi|10 15925 16103
msp 556 s 738 72.2 -1 602 gi|5 25690 26013 324 gi|30 30216 30546
msp 558 s 555 70.7 -1 602 gi|5 25690 25976 619 gi|7 1016 1303
msp 560 s 778 75.2 -1 602 gi|5 25691 25976 399 gi|36 16845 17130
msp 129 s 751 73.1 -1 308 gi|3 22411 22700 602 gi|5 25699 25988
msp 562 s 566 75.5 -1 602 gi|5 25815 26014 24 gi|10 19727 19928
