index 619
frag gi|7 941 1686
img_no 10
msp 628 s 878 74.1 1 619 gi|7 941 1686 399 gi|36 16760 17515
msp 630 s 300 70.5 1 619 gi|7 967 1302 325 gi|30 31973 32316
msp 632 s 637 72.0 1 619 gi|7 1006 1619 324 gi|30 30248 30861
msp 135 s 566 71.6 1 308 gi|3 22422 23058 619 gi|7 1015 1651
msp 634 s 516 76.2 1 619 gi|7 1015 1161 24 gi|10 19766 19912
msp 559 s 555 70.7 -1 602 gi|5 25690 25976 619 gi|7 1016 1303
msp 157 s 357 76.3 1 309 gi|3 24245 24514 619 gi|7 1042 1317
msp 636 s 463 73.9 1 619 gi|7 1048 1419 400 gi|36 18717 19106
msp 638 s 260 72.0 1 619 gi|7 1207 1299 392 gi|36 7050 7142
msp 640 s 255 71.8 -1 619 gi|7 1594 1664 261 gi|26 40173 40243
