index 652
frag gi|9 28892 30636
img_no 9
msp 936 s 2678 97.8 1 652 gi|9 28892 29209 546 gi|44 33804 34114
msp 938 s 296 85.7 -1 652 gi|9 28892 28975 424 gi|37 36529 36612
msp 940 s 2604 98.3 -1 652 gi|9 28907 29209 539 gi|44 21549 21847
msp 942 s 15356 99.0 -1 652 gi|9 28921 30594 36 gi|11 1935 3608
msp 944 s 2581 98.3 1 652 gi|9 28921 29209 270 gi|27 23727 24015
msp 946 s 2576 98.6 1 652 gi|9 28924 29209 145 gi|19 4521 4806
msp 948 s 4302 93.0 1 652 gi|9 28928 29459 462 gi|39 30591 31122
msp 950 s 11577 98.3 1 652 gi|9 29316 30591 439 gi|38 22453 23728
msp 952 s 10174 96.5 -1 652 gi|9 29445 30636 487 gi|40 31412 32595
