index 7
frag gi|1 20594 20749
img_no 10
msp 292 s 378 78.3 -1 7 gi|1 20594 20722 259 gi|26 36626 36754
msp 294 s 932 83.9 -1 7 gi|1 20595 20749 113 gi|17 7176 7330
msp 296 s 867 81.9 -1 7 gi|1 20595 20749 258 gi|26 34727 34881
msp 298 s 824 80.7 -1 7 gi|1 20595 20749 257 gi|26 32834 32988
msp 302 s 513 72.3 -1 7 gi|1 20595 20742 592 gi|5 8499 8646
msp 300 s 656 81.0 -1 7 gi|1 20595 20741 148 gi|19 11774 11920
msp 304 s 447 86.8 -1 7 gi|1 20596 20746 116 gi|17 14896 15045
msp 306 s 271 86.8 -1 7 gi|1 20596 20724 524 gi|43 32262 32381
msp 308 s 879 82.3 -1 7 gi|1 20597 20749 255 gi|26 31173 31325
msp 310 s 645 77.5 1 7 gi|1 20603 20749 239 gi|25 31875 32021
