index 75
frag gi|14 27256 32917
img_no 29
msp 1354 s 30196 99.2 1 75 gi|14 27256 30551 331 gi|31 9126 12425
msp 1356 s 30363 99.7 1 75 gi|14 27279 30551 343 gi|33 3854 7123
msp 1049 s 30209 99.6 -1 38 gi|11 8474 11732 75 gi|14 27293 30551
msp 1358 s 29983 99.5 -1 75 gi|14 27304 30551 482 gi|40 11931 15178
msp 1360 s 49641 99.1 1 75 gi|14 27340 32802 346 gi|33 13003 18459
msp 1099 s 20645 98.8 -1 72 gi|13 37976 40245 75 gi|14 30490 32761
msp 1362 s 406 83.8 1 75 gi|14 30564 30643 345 gi|33 12568 12648
msp 1364 s 413 82.3 1 75 gi|14 30567 30645 332 gi|31 33727 33805
msp 1366 s 250 73.6 1 75 gi|14 30574 30645 345 gi|33 12853 12926
msp 1368 s 277 78.4 1 75 gi|14 30585 30635 332 gi|31 33492 33542
msp 1370 s 743 97.6 1 75 gi|14 30705 30786 332 gi|31 32602 32683
msp 1372 s 318 75.0 1 75 gi|14 30710 30789 332 gi|31 32944 33023
msp 1374 s 292 82.8 1 75 gi|14 30723 30780 332 gi|31 33044 33100
msp 1386 s 17531 96.7 -1 75 gi|14 30797 32917 482 gi|40 9822 11924
msp 1019 s 18135 98.6 -1 38 gi|11 6483 8467 75 gi|14 30797 32781
msp 1376 s 17806 98.1 1 75 gi|14 30797 32781 331 gi|31 12432 14418
msp 1380 s 17725 97.9 1 75 gi|14 30797 32781 343 gi|33 7130 9116
msp 1031 s 281 94.9 1 38 gi|11 6678 6716 75 gi|14 30797 30839
msp 1115 s 281 94.9 1 72 gi|13 38150 38188 75 gi|14 30797 30839
msp 1378 s 287 95.3 -1 75 gi|14 30797 30839 331 gi|31 14183 14221
msp 1382 s 287 95.3 -1 75 gi|14 30797 30839 343 gi|33 8881 8919
msp 1384 s 287 95.3 -1 75 gi|14 30797 30839 346 gi|33 18207 18245
msp 1388 s 287 95.3 1 75 gi|14 30797 30839 482 gi|40 10135 10173
msp 1043 s 250 88.6 1 38 gi|11 8425 8468 75 gi|14 32548 32587
msp 1390 s 258 90.0 -1 75 gi|14 32548 32587 331 gi|31 12431 12474
msp 1394 s 258 90.0 -1 75 gi|14 32548 32587 343 gi|33 7129 7172
msp 1396 s 258 90.0 1 75 gi|14 32548 32587 482 gi|40 11882 11925
msp 1119 s 287 95.3 1 72 gi|13 39897 39939 75 gi|14 32548 32586
msp 1392 s 281 94.9 -1 75 gi|14 32548 32586 346 gi|33 16456 16498
