index 84
frag gi|15 14308 14854
img_no 8
msp 1420 s 366 77.4 1 84 gi|15 14308 14643 153 gi|19 19302 19640
msp 1422 s 252 80.9 1 84 gi|15 14309 14491 185 gi|21 24745 24932
msp 69 s 314 77.5 -1 478 gi|4 37464 37912 84 gi|15 14406 14836
msp 1424 s 255 87.0 -1 84 gi|15 14430 14506 203 gi|22 32252 32337
msp 1426 s 258 83.8 1 84 gi|15 14628 14726 154 gi|19 20863 20962
msp 1428 s 283 88.9 -1 84 gi|15 14676 14756 121 gi|17 29351 29416
msp 349 s 259 83.0 1 15 gi|1 35067 35125 84 gi|15 14713 14771
msp 145 s 262 83.3 1 308 gi|3 22989 23108 84 gi|15 14738 14854
