index 90
frag gi|15 24671 26299
img_no 28
msp 1446 s 287 76.9 -1 90 gi|15 24671 25072 530 gi|44 1288 1689
msp 857 s 1842 74.3 -1 58 gi|12 27086 28624 90 gi|15 24687 26299
msp 201 s 1461 73.5 -1 314 gi|3 34089 34795 90 gi|15 24687 25390
msp 957 s 800 71.3 -1 35 gi|11 177 874 90 gi|15 24695 25377
msp 1448 s 295 71.7 -1 90 gi|15 24726 24990 112 gi|17 2426 2690
msp 1450 s 359 71.6 -1 90 gi|15 24729 25031 111 gi|17 1555 1857
msp 801 s 481 71.4 -1 31 gi|10 32146 32777 90 gi|15 24763 25376
msp 1454 s 553 75.4 1 90 gi|15 24765 25873 541 gi|44 22823 23873
msp 1452 s 481 71.3 1 90 gi|15 24765 24994 400 gi|36 18769 18993
msp 1456 s 294 74.5 -1 90 gi|15 24765 24991 422 gi|37 28000 28229
msp 1458 s 1079 75.8 -1 90 gi|15 24776 25378 203 gi|22 31897 32500
msp 1460 s 568 71.4 -1 90 gi|15 24783 25352 238 gi|25 28363 28959
msp 837 s 308 77.2 -1 50 gi|12 6680 7105 90 gi|15 24783 25190
msp 1462 s 272 76.7 1 90 gi|15 24783 24988 181 gi|21 15438 15640
msp 1466 s 338 74.5 -1 90 gi|15 24816 25234 530 gi|44 56 498
msp 1468 s 268 82.4 -1 90 gi|15 24816 25014 335 gi|32 6669 6858
msp 1464 s 376 72.7 1 90 gi|15 24816 24991 407 gi|36 35060 35238
msp 1470 s 482 77.4 1 90 gi|15 24818 25003 348 gi|33 20649 20834
msp 779 s 335 74.2 -1 29 gi|10 27477 27685 90 gi|15 24864 25072
msp 67 s 277 74.6 -1 477 gi|4 36920 37045 90 gi|15 24870 24994
msp 1472 s 253 76.0 1 90 gi|15 24892 24991 153 gi|19 19380 19479
msp 1474 s 314 77.9 -1 90 gi|15 24893 25467 234 gi|25 14550 15090
msp 511 s 273 73.2 -1 595 gi|5 15102 15198 90 gi|15 24894 24990
msp 703 s 346 73.9 1 626 gi|7 37288 37440 90 gi|15 24896 25043
msp 1476 s 343 75.0 -1 90 gi|15 24912 25412 283 gi|28 5654 6148
msp 655 s 314 80.3 1 620 gi|7 3030 3105 90 gi|15 24915 24990
msp 243 s 451 72.6 -1 316 gi|3 35820 36155 90 gi|15 25658 25997
msp 1478 s 273 70.4 1 90 gi|15 25658 25873 185 gi|21 25500 25715
