1 264
2 266
2 268
2 270
2 274
2 272
2 276
2 280
2 278
2 282
3 284
4 286
5 288
6 290
7 292
7 294
7 296
7 298
7 302
7 300
7 304
7 306
7 308
7 310
8 312
9 314
10 316
11 318
12 320
13 322
14 324
15 326
15 330
15 328
15 332
15 334
15 336
15 338
15 340
15 342
15 344
15 346
15 348
15 350
15 352
16 354
16 356
16 358
16 360
16 362
16 364
16 366
16 368
16 370
16 372
17 752
18 754
19 756
20 555
21 758
22 760
23 762
24 563
24 127
24 764
24 766
24 635
25 768
25 770
26 772
27 774
28 776
29 778
29 780
29 533
29 782
29 784
29 786
29 790
29 788
29 357
30 792
30 794
31 796
31 798
31 800
31 205
31 802
31 804
31 806
31 371
31 808
31 810
31 812
31 53
31 814
31 816
31 818
31 820
31 513
31 822
31 653
32 824
33 826
34 79
35 956
35 495
35 958
35 807
35 960
35 207
35 962
35 964
35 966
35 968
35 71
35 970
35 972
35 355
35 974
35 976
35 978
35 980
35 982
35 984
35 707
35 327
35 986
35 171
35 691
35 988
35 791
35 273
36 907
36 990
36 992
36 943
36 994
36 996
36 998
36 1002
36 1000
36 1004
36 1006
37 1008
38 1010
38 1012
38 1014
38 1016
38 1018
38 1020
38 1022
38 1024
38 1026
38 1028
38 1030
38 1032
38 1034
38 1036
38 1038
38 1040
38 1042
38 1044
38 1048
38 1046
38 1050
39 1052
40 1054
41 1056
42 181
42 1058
43 599
43 1060
43 1062
43 1064
43 679
43 1066
44 1068
45 828
46 291
47 830
48 832
48 834
49 345
50 836
50 233
50 838
51 840
52 842
53 844
54 846
55 403
56 848
56 850
57 852
57 811
58 235
58 854
58 856
58 858
58 245
58 860
58 493
58 862
58 203
58 805
58 864
58 866
58 969
58 868
58 870
58 872
58 874
58 876
58 878
58 880
58 882
58 331
58 884
58 657
58 886
58 159
58 888
58 275
58 709
58 890
58 693
58 365
59 892
60 894
60 1067
60 898
60 607
60 683
60 896
61 1
61 3
62 1070
63 1072
64 725
65 1074
66 933
67 1076
68 91
69 1059
70 1078
71 1080
71 585
71 23
71 1082
71 1084
71 1086
71 1088
71 29
71 1090
71 1092
71 37
71 1094
71 1096
71 595
72 1098
72 1021
72 1100
72 1102
72 1104
72 1106
72 1045
72 1108
72 1110
72 1112
72 1114
72 1116
72 1033
72 1118
72 1120
72 1122
72 1124
72 1126
72 1128
72 1130
72 1132
72 1134
72 1136
72 1138
72 1140
72 1144
72 1142
72 1146
72 1148
72 1150
72 1051
72 1152
72 1154
72 1156
73 1158
73 1160
73 1162
73 1164
73 1166
73 1168
73 1170
73 1172
73 1174
73 1176
73 451
73 1178
73 1180
73 1182
73 1184
73 1186
73 1188
73 453
73 1190
73 1192
73 1194
73 1196
73 1198
73 1200
73 1202
73 1204
73 1206
73 1208
73 1210
73 1212
73 1214
73 1216
73 1218
73 1220
73 1222
73 1224
73 1226
73 1228
73 1230
73 1232
73 1234
73 1236
73 1238
73 1240
73 1133
73 1242
73 1244
73 1246
73 1248
73 1252
73 1254
73 1250
73 1256
73 1258
73 1260
73 1262
73 1264
73 1266
73 1268
73 1270
73 1272
73 1274
73 1276
73 1278
73 1280
73 1282
73 1284
73 1286
73 1129
73 1288
73 1290
73 1137
73 1292
73 1294
73 1296
73 1298
73 1300
73 1302
73 1304
73 1308
73 1306
73 1310
73 1312
73 1314
73 1316
73 1318
73 1322
73 1320
73 1324
73 1326
73 1149
73 1328
73 1330
73 1332
73 1334
73 1336
73 1338
73 1340
73 1342
73 1344
73 1348
73 1346
73 1141
73 1350
74 1352
75 1354
75 1356
75 1049
75 1358
75 1360
75 1099
75 1362
75 1364
75 1366
75 1368
75 1370
75 1372
75 1374
75 1386
75 1019
75 1376
75 1380
75 1031
75 1115
75 1378
75 1382
75 1384
75 1388
75 1043
75 1390
75 1394
75 1396
75 1119
75 1392
76 379
77 581
78 1398
79 1400
80 1343
80 1402
80 1289
80 1404
80 1406
81 391
81 745
81 1408
81 1410
81 519
81 1412
82 389
82 1414
83 1416
83 529
83 385
83 439
83 1418
84 1420
84 1422
84 69
84 1424
84 1426
84 1428
84 349
84 145
85 1430
86 1432
87 1434
88 661
89 1436
89 1438
89 1442
89 1440
89 1444
90 1446
90 857
90 201
90 957
90 1448
90 1450
90 801
90 1454
90 1452
90 1456
90 1458
90 1460
90 837
90 1462
90 1466
90 1468
90 1464
90 1470
90 779
90 67
90 1472
90 1474
90 511
90 703
90 1476
90 655
90 243
90 1478
91 237
92 1480
93 1482
94 1484
94 1486
95 1488
96 1490
97 1492
98 1494
98 1496
99 1498
100 1500
101 1502
101 983
102 1504
102 1506
102 549
102 1508
103 1510
104 841
105 1512
105 1514
105 649
105 1516
105 1518
105 869
105 1520
105 973
105 227
105 1522
105 1524
105 1526
105 1528
105 1530
106 1532
107 1534
107 1536
108 1538
109 1540
110 249
110 1542
110 1544
111 1678
111 971
111 1680
111 711
111 1682
111 1521
111 1451
111 877
111 1684
111 1686
111 153
111 1688
111 1690
111 1692
112 209
112 1694
112 1696
112 1698
112 781
112 1525
112 1700
112 887
112 987
112 1702
112 1704
112 1449
112 1706
112 359
113 1708
113 1710
113 1712
113 1714
113 1716
113 1718
113 1720
113 473
113 1722
113 1724
113 1726
113 295
113 1728
113 1730
113 1732
114 87
114 1734
115 1736
115 625
116 1738
116 1740
116 1742
116 1744
116 459
116 1746
116 1748
116 1750
116 1752
116 1754
116 1756
116 305
117 1758
118 13
118 1760
119 1762
119 1764
119 1766
120 1768
120 1770
120 1772
120 255
120 1774
121 1429
122 361
123 1776
123 1778
123 1305
123 1780
123 1333
123 1782
123 1179
123 1784
123 1199
123 1786
124 1788
125 1790
126 1622
127 1624
128 1626
128 1741
128 1713
128 1630
128 1628
128 1632
128 461
128 1634
128 1636
128 1638
128 1640
128 685
128 1642
128 1644
128 1646
128 1648
129 575
130 1650
131 1652
132 541
133 325
133 323
134 321
135 835
135 1654
136 1656
136 903
136 1658
137 1660
138 1662
139 1537
139 545
139 1664
139 1507
139 1666
140 1668
141 1670
141 1672
141 1674
141 1676
142 1546
142 1548
142 1721
142 469
142 1749
142 1550
143 1552
144 741
145 1554
145 1556
145 921
145 1001
145 1558
145 947
145 1560
145 1562
146 55
147 353
148 1627
148 1739
148 893
148 1564
148 1566
148 1715
148 1568
148 1570
148 471
148 1572
148 1574
148 1576
148 301
148 1578
148 1580
148 1582
149 105
149 1584
150 1586
151 1588
151 1590
152 1592
152 1501
153 1683
153 1594
153 1596
153 1598
153 1529
153 1421
153 1600
153 1602
153 1604
153 225
153 881
153 1473
153 1695
153 535
153 1606
153 283
153 61
154 1427
155 1608
155 1610
155 1612
155 1614
156 347
156 373
157 485
158 103
159 1399
160 1616
160 1618
160 1620
161 1077
162 374
163 376
164 378
165 380
165 382
165 384
165 386
165 388
166 390
166 392
166 394
166 396
166 398
167 400
168 402
169 404
170 406
170 408
170 416
170 410
170 412
170 414
170 418
170 420
170 422
170 424
171 426
171 428
171 430
172 432
173 434
174 436
175 438
176 1792
176 1794
176 1796
176 1798
176 1301
176 1800
176 1779
176 1337
176 1802
176 1185
176 1195
176 1804
176 1806
176 1808
176 1810
176 1167
176 1812
176 729
176 1814
176 1816
176 1818
176 1820
176 111
176 1822
176 413
176 1824
176 1826
176 1828
176 1830
176 1832
176 1834
176 1836
176 1838
177 1840
177 1842
177 1613
177 1844
177 1846
178 1848
178 1231
178 1850
178 1852
178 1854
179 1890
180 1892
181 267
181 1894
181 1463
181 819
181 979
181 221
181 885
181 173
181 1896
181 1898
182 759
183 317
184 1900
185 1691
185 1902
185 211
185 1904
185 959
185 873
185 1906
185 713
185 1910
185 1908
185 1423
185 813
185 1531
185 161
185 1601
185 1912
185 697
185 509
185 1705
185 1914
185 335
185 367
185 1916
185 789
185 1918
185 1920
185 1479
186 1922
186 1924
187 623
188 1926
188 619
188 613
188 1928
189 1930
190 1541
191 931
192 1543
192 1771
192 1932
193 1485
194 1934
195 1936
196 1585
196 99
196 487
197 1938
198 443
199 351
199 63
200 1940
200 1942
200 1944
200 1946
200 1948
201 1950
202 1952
202 1954
202 1956
203 491
203 1513
203 1903
203 1958
203 197
203 1459
203 803
203 963
203 865
203 1960
203 1595
203 1962
203 73
203 165
203 1964
203 1425
203 1966
203 785
203 1968
203 1895
203 1703
203 329
203 1970
203 1972
203 1589
204 667
204 1974
204 855
204 241
204 1921
205 859
205 247
205 1976
206 669
206 1978
207 583
208 827
209 1856
210 1497
211 1499
212 1495
213 97
214 1858
215 1860
216 1862
217 1401
218 1864
218 1655
219 1866
220 1821
220 1868
220 1870
220 107
220 417
220 1872
220 1874
220 1876
220 1878
220 1880
221 1882
222 731
223 1855
223 1884
223 405
224 1886
225 1649
226 935
227 1888
228 2142
229 2144
230 2146
230 1835
230 2148
231 2150
232 2152
233 1837
233 2154
234 489
234 1475
234 1515
234 2156
234 1597
234 2158
234 2160
234 1681
235 2162
236 2164
236 2166
237 1867
238 797
238 1959
238 193
238 1913
238 2168
238 1461
238 1493
238 965
238 867
238 223
238 503
238 269
238 2170
238 2174
238 695
238 2172
238 721
238 2176
238 787
238 821
239 1567
239 1711
239 2178
239 2180
239 2182
239 457
239 1631
239 2184
239 2186
239 2188
239 1745
239 2190
239 2192
239 311
239 2194
239 1551
240 441
241 2196
242 2072
243 81
243 2074
244 2076
245 2078
245 77
245 2080
245 2082
246 83
246 2084
247 2086
248 2088
249 2090
249 2092
249 261
249 2094
249 2096
249 2098
250 1175
250 2100
251 1853
251 2102
252 431
253 427
254 429
255 2193
255 1641
255 2104
255 477
255 1577
255 2106
255 1727
255 1757
255 309
256 2108
256 1581
256 2179
256 1645
256 1731
256 2110
256 481
256 2112
257 2185
257 2114
257 2116
257 455
257 1743
257 1569
257 1717
257 1629
257 299
257 2118
257 2120
258 1709
258 2181
258 1565
258 2122
258 1633
258 467
258 2124
258 1747
258 297
258 2126
258 2128
259 2189
259 2130
259 1547
259 1573
259 1723
259 475
259 1635
259 1751
259 2132
259 293
259 2134
259 2136
259 2138
260 687
261 2140
261 641
262 1980
263 1815
264 1817
264 1982
265 1819
265 1984
266 1986
267 1988
267 1990
267 1992
267 2095
267 263
268 1441
269 1443
270 1994
270 1996
270 999
270 919
270 945
270 1998
270 1559
270 2000
271 1437
272 1445
273 2002
273 2004
273 2006
274 1439
275 2008
275 2010
275 1947
276 2012
276 1949
277 571
278 2014
279 2093
279 2016
279 2018
279 2020
280 19
281 287
282 1893
283 1477
283 863
283 199
283 339
283 809
283 1517
283 2159
283 2022
283 659
283 2024
283 177
283 2026
284 2163
285 2028
285 2030
286 2032
286 2034
286 1651
286 2005
287 2036
288 2038
289 1625
289 2040
289 1623
289 2042
290 2044
290 51
290 49
290 65
290 2046
291 2048
292 1053
293 1091
293 2052
293 2050
293 1085
293 2054
293 33
293 2056
293 41
293 593
294 2058
294 1081
294 2060
294 43
294 2062
294 1097
294 27
294 591
295 2064
295 2066
295 2068
296 739
297 1009
298 1171
298 2070
299 1353
300 84
300 86
301 88
302 90
303 92
304 94
305 96
306 100
306 98
306 102
306 104
307 106
307 108
307 110
307 415
307 112
307 114
307 116
307 118
307 120
307 122
307 124
308 126
308 128
308 130
308 134
308 132
308 136
308 138
308 140
308 142
308 144
309 146
309 148
309 150
309 154
309 152
309 156
309 158
309 160
309 162
309 164
309 166
309 168
309 170
309 172
309 277
309 174
309 176
309 178
310 180
311 182
312 184
313 186
314 188
314 190
314 192
314 194
314 196
314 198
314 200
314 202
314 204
314 206
314 208
314 210
314 212
314 214
314 216
314 218
314 220
314 222
314 224
314 226
314 228
314 230
314 232
315 234
315 236
316 238
316 240
316 242
316 244
316 246
317 250
317 248
317 252
317 254
318 256
318 258
318 260
318 262
319 1653
320 1539
321 2067
321 2198
321 2200
322 2202
323 2059
323 1083
323 45
323 2204
323 21
323 1095
323 2206
323 587
323 2051
324 557
324 131
324 633
324 2208
324 767
324 2210
324 163
324 651
324 769
325 631
325 149
325 2212
325 645
325 2214
325 139
325 1973
325 1679
325 2216
325 2218
325 771
325 2220
326 2222
326 2007
327 847
328 849
328 2224
328 991
328 2226
329 1841
329 1843
329 1611
329 2228
329 2230
330 1849
330 1229
330 2103
330 1885
331 1355
331 1013
331 2232
331 2234
331 2236
331 1155
331 1025
331 1111
331 1391
331 2238
331 2240
331 2242
331 2244
331 1377
331 1107
331 1039
331 2248
331 2250
331 1125
331 1379
331 2246
332 1159
332 2252
332 2254
332 2256
332 1813
332 2258
332 2071
332 2260
332 2101
332 2262
332 447
332 1785
332 1191
332 1335
332 1307
332 1805
332 2264
332 1331
332 449
332 1309
332 1787
332 1807
332 2266
332 1211
332 2268
332 1267
332 1265
332 1269
332 1201
332 1239
332 2270
332 2272
332 1321
332 2274
332 1279
332 1235
332 2276
332 1851
332 1317
332 1225
332 1257
332 1213
332 2278
332 1135
332 1371
332 2280
332 1285
332 1273
332 1341
332 1281
332 1291
332 1299
332 1325
332 1237
332 2282
332 1315
332 2284
332 1207
332 1205
332 1209
332 2286
332 1311
332 2288
332 1223
332 1249
332 2290
332 1245
332 2292
332 1131
332 1373
332 1405
332 1253
332 1139
332 1375
332 2294
332 2296
332 2298
332 1255
332 1801
332 2300
332 1781
332 1193
332 1183
332 1275
332 2302
332 1261
332 1233
332 2304
332 2306
332 1219
332 1251
332 2308
332 1151
332 1369
332 2310
332 1189
332 1783
332 1181
332 1803
332 2312
332 1247
332 1403
332 2314
332 2318
332 2316
332 1145
332 1365
332 2320
333 2374
334 1621
335 1943
335 75
335 1945
335 2013
335 537
335 2011
335 1593
335 2015
335 1963
335 1941
335 1469
335 2009
336 929
337 2083
337 2075
338 2376
339 737
340 1069
341 1877
341 1829
341 2326
341 421
341 119
341 2322
341 2324
341 121
341 2328
341 2330
342 1831
342 1879
342 2332
342 2334
342 2336
342 423
342 123
343 2338
343 1357
343 1011
343 2233
343 1153
343 1023
343 1109
343 1395
343 2249
343 2340
343 1381
343 1105
343 1035
343 2239
343 2342
343 1121
343 1383
344 2344
345 1277
345 2289
345 1217
345 2273
345 1345
345 2315
345 1323
345 2307
345 1297
345 2299
345 1241
345 2279
345 1147
345 1363
345 1295
345 2297
345 1319
345 2305
345 1283
345 2291
345 1347
345 2317
345 1349
345 2319
345 1259
345 2283
345 2346
345 1221
345 2275
345 1327
345 2309
345 1143
345 1367
345 1407
346 1361
346 1047
346 2237
346 2348
346 1101
346 1351
346 2321
346 1329
346 2311
346 1243
346 2281
346 1287
346 2293
346 1293
346 2295
346 2245
346 1015
346 2350
346 1029
346 1117
346 1393
346 2247
346 2352
346 1037
346 2241
346 2354
346 1123
346 1385
347 2356
348 1969
348 1907
348 1471
348 883
348 333
348 977
348 363
348 2171
348 2358
348 217
348 2217
348 1605
348 2360
348 719
348 501
348 2362
348 2364
348 1697
348 699
348 279
348 823
348 2023
348 179
349 2221
350 673
350 2366
350 2368
350 603
350 1063
350 895
351 2370
351 1767
352 1773
352 1933
352 1545
353 2069
353 2201
353 2372
354 2087
355 763
356 831
356 833
357 539
358 2378
359 2380
360 2382
361 2384
361 2386
361 1411
361 749
361 395
361 523
362 387
362 527
362 1419
363 1173
363 2261
364 2388
365 2117
365 1719
365 463
365 1571
365 2125
365 2195
365 2390
365 1755
365 2133
365 1639
365 2107
365 479
366 1643
366 1729
366 2119
366 2127
366 2191
366 2392
366 1579
366 2135
366 2109
367 2129
367 1733
367 1647
367 2111
367 2187
367 1583
367 2121
367 483
367 2139
368 85
368 1735
368 1203
368 2269
369 1227
369 2277
370 955
371 1071
372 1789
373 1791
374 573
375 2394
376 601
376 899
376 2369
376 675
376 1065
376 2396
377 2033
377 2398
378 577
379 579
380 1073
380 2400
381 2402
382 2404
383 2406
383 927
384 777
385 775
386 773
387 2408
388 1075
389 2065
389 2199
389 2373
390 1861
391 17
392 1591
392 2428
392 1707
392 1693
392 1603
392 175
392 639
393 1161
393 2253
393 1919
394 2395
395 1669
395 543
396 1661
397 531
397 383
397 1417
397 1415
398 2430
398 1409
398 525
398 747
398 2387
399 629
399 2209
399 133
399 765
399 561
399 151
399 643
399 2215
399 143
400 147
400 553
400 2211
400 637
400 2213
400 647
400 989
400 1971
400 783
400 141
400 1453
400 879
400 231
400 1915
400 2432
400 1897
400 2027
401 1057
401 735
402 2167
403 1953
403 2434
404 2436
405 1163
405 2255
406 2055
406 2409
407 213
407 1689
407 1701
407 1523
407 981
407 715
407 853
407 889
407 1465
407 2438
407 2359
407 2177
407 799
407 281
407 1917
407 1967
407 1899
407 2440
407 1607
408 2357
409 2037
410 1759
411 1987
412 2091
412 2410
412 1991
412 2019
412 257
413 2077
414 2412
415 2021
415 2097
415 1993
415 259
416 2079
416 2085
416 2081
417 755
417 1891
418 1489
419 1165
419 2257
419 1811
419 2414
420 2145
420 2147
420 2151
421 425
421 2416
421 2418
421 1833
421 2420
421 1881
421 125
422 1503
422 875
422 1699
422 1457
422 57
423 761
424 2424
424 1995
424 939
424 2426
424 1007
424 1563
424 2422
424 925
425 617
425 1929
426 1927
426 621
426 615
427 2460
428 1951
429 1955
429 2435
430 407
430 2462
430 115
430 1825
430 1873
430 2464
431 2367
431 1061
431 677
431 605
431 2397
431 897
432 117
432 2466
432 419
432 1827
432 2468
432 1875
432 2325
432 2331
432 2335
432 2419
433 1957
433 2437
434 2345
435 2470
436 1093
436 2053
436 25
436 2205
436 1087
436 31
436 2061
436 597
436 2057
436 1089
436 39
436 2207
436 2063
436 589
437 843
438 1981
438 5
439 951
439 995
439 911
439 2472
439 2474
439 2225
440 285
441 2073
442 2165
443 1657
443 901
443 663
443 2476
444 1587
445 1935
446 1937
447 2041
448 2377
449 1505
449 1665
449 1535
450 1533
451 627
451 1737
452 569
453 2478
454 845
455 753
455 757
456 1859
457 967
457 1965
457 2157
457 2480
457 1685
457 1599
457 507
457 1519
457 1911
457 2429
457 2169
457 2025
457 215
457 2361
457 167
457 2219
457 891
457 2482
457 705
457 723
457 2433
457 369
457 2441
458 2484
459 793
459 795
460 851
461 1487
462 2427
462 913
462 949
462 997
462 1561
462 2001
462 2486
462 2488
462 2031
462 2473
463 1663
464 445
465 0
466 2
467 4
468 6
469 8
470 10
471 12
472 14
473 16
474 289
475 18
476 20
476 22
476 24
476 26
476 32
476 28
476 30
476 34
476 36
476 38
476 40
476 44
476 42
476 46
477 48
477 50
477 52
477 54
477 56
477 58
477 343
477 60
477 62
477 64
477 66
478 68
478 70
478 72
478 74
479 76
479 78
479 80
479 82
480 1839
480 2442
481 2485
482 1387
482 2339
482 1017
482 2235
482 2351
482 1103
482 1041
482 2243
482 2341
482 1127
482 1389
482 2353
482 1027
482 1113
482 1397
482 2251
482 2343
482 2355
482 1359
482 2349
482 1157
483 567
484 1055
485 2417
485 2467
485 1871
485 1823
485 2444
485 409
485 113
485 2333
485 2329
485 2323
485 2463
486 435
487 953
487 2227
487 909
487 993
487 2475
488 187
489 1435
490 1925
491 2153
492 2446
493 2448
494 2450
495 2452
495 2454
496 1215
496 2271
496 1271
496 2287
497 1863
498 2381
499 2379
500 2456
501 1931
502 2458
502 1677
503 2477
503 1659
504 2431
504 393
504 1413
504 2385
504 521
504 751
505 377
506 923
507 315
508 2403
509 2405
510 2407
511 1939
512 829
513 1799
513 2498
513 1079
514 7
515 905
516 1883
517 2500
518 2502
518 1675
518 2459
518 2504
519 1177
519 2263
519 1865
520 1673
521 93
522 89
523 15
524 2183
524 2123
524 2115
524 2131
524 465
524 1549
524 1725
524 1575
524 1637
524 1753
524 2391
524 2105
524 307
524 2393
524 2137
524 2113
525 2035
525 2399
525 2003
525 2223
526 1765
527 253
527 1769
527 2506
528 2043
529 2039
530 689
530 1467
530 871
530 505
530 985
530 229
530 815
530 2173
530 839
530 341
530 2141
530 195
530 961
530 2161
530 1909
530 717
530 2481
530 1447
530 2175
530 1527
530 2363
530 517
531 1617
532 1619
533 375
534 1761
535 401
536 59
536 2045
536 2047
537 609
538 611
538 2449
539 941
539 1555
539 915
539 1003
539 1999
539 2487
539 2423
540 1979
540 671
540 1901
541 861
541 1687
541 1455
541 497
541 1961
541 1905
541 191
541 2439
541 2483
541 975
541 2365
541 701
541 817
541 1977
541 239
542 2197
543 2490
543 1615
543 1847
543 2231
544 1511
545 1667
545 547
545 1509
546 2425
546 1997
546 937
546 1557
546 917
546 2029
546 1005
546 2489
547 2501
548 1313
548 2303
548 1263
548 2285
548 2347
549 1763
549 2371
550 251
550 2507
550 1775
550 733
551 2492
552 1889
553 2401
554 1483
555 185
556 2494
556 2451
556 2455
557 2143
558 265
559 2447
560 2089
561 1923
562 1553
563 1609
563 1845
563 2229
563 2491
564 2471
565 825
566 2461
567 1797
568 1795
569 1793
569 2499
569 1303
569 2301
569 1777
569 1339
569 2313
569 1187
569 1197
569 2265
569 2267
569 2496
569 2415
569 1169
569 2259
569 727
569 1983
569 1985
569 1869
569 109
569 2445
569 411
569 2465
569 2469
569 2327
569 2337
569 2421
569 2149
569 2155
569 2443
570 1887
570 2493
571 1433
572 1431
573 437
574 2457
575 1809
575 2497
576 319
577 2383
578 2203
579 2049
579 2375
580 1857
581 2495
581 2453
581 1491
582 1481
583 2099
583 2411
583 2017
583 1989
583 2413
584 1975
585 2503
585 1671
586 2505
587 2389
588 2479
589 440
589 442
590 444
591 446
591 450
591 448
591 452
592 454
592 456
592 458
592 460
592 462
592 464
592 466
592 468
592 470
592 472
592 474
592 476
592 303
592 478
592 480
592 482
593 484
594 486
594 101
595 488
595 490
595 189
595 492
595 494
595 496
595 498
595 337
595 500
595 502
595 504
595 169
595 271
595 506
595 508
595 510
595 514
595 516
595 512
596 518
596 520
596 522
596 397
596 524
597 526
597 528
597 381
597 530
598 532
598 536
598 534
599 538
599 540
600 542
601 544
601 546
601 548
602 550
602 552
602 155
602 554
602 556
602 558
602 560
602 129
602 562
603 11
604 564
605 566
606 568
607 570
608 726
608 728
609 95
610 730
610 732
611 734
612 9
613 736
614 738
615 740
616 183
617 742
618 744
618 746
618 748
618 399
618 750
619 628
619 630
619 632
619 135
619 634
619 559
619 157
619 636
619 638
619 640
620 551
620 642
620 137
620 644
620 646
620 648
620 650
620 652
620 658
620 656
620 654
620 660
621 662
621 664
622 666
622 668
622 670
623 672
623 674
623 676
623 680
623 678
623 682
624 684
625 686
626 688
626 690
626 692
626 694
626 696
626 515
626 702
626 698
626 704
626 700
626 706
626 708
626 710
626 219
626 712
626 714
626 716
626 499
626 718
626 720
626 722
627 724
628 572
629 565
630 574
631 576
632 578
633 580
633 582
634 584
634 586
634 594
634 590
634 35
634 588
634 592
634 47
634 596
635 598
635 600
635 602
635 604
635 681
635 606
636 608
637 610
638 612
638 614
638 616
639 618
639 620
640 622
641 624
641 626
642 900
642 902
642 665
642 313
643 904
644 906
644 908
644 910
644 912
644 918
644 914
644 920
644 916
644 922
644 924
645 743
646 926
647 433
648 928
649 930
650 932
651 934
652 936
652 938
652 940
652 942
652 944
652 946
652 948
652 950
652 952
653 954
