frag gi|23 35909 36024
img_no 4
flimg_no 2
edge_no 4
msp 3191 p 629 88.8 -1 203 gi|21 10753 10840 1005 gi|23 35939 36026
msp 3349 p 294 71.8 1 193 gi|20 19152 19222 1005 gi|23 35954 36025
msp 3642 p 957 92.4 -1 1005 gi|23 35909 36026 686 gi|49 23035 23152
msp 5197 p 706 91.1 -1 1008 gi|17 31845 31964 1005 gi|23 35909 36021
edge 1958 p 1 71 1005 193
edge 1959 p -1 88 1005 203
edge 1960 p -1 92 1005 686
edge 1965 p -1 91 1008 1005
pcp 35909 1008
pcp 35909 686
pcp 35939 203
pcp 35954 193
pcp 36021 1008
pcp 36025 193
pcp 36026 686
pcp 36026 203
