frag gi|13 13703 13845
img_no 16
flimg_no 9
edge_no 16
msp 1527 p 692 82.7 -1 1017 gi|6 21359 21501 1011 gi|13 13703 13846
msp 1761 p 392 83.7 1 1023 gi|7 23430 23570 1011 gi|13 13703 13845
msp 2564 p 401 76.3 -1 1011 gi|13 13703 13846 1024 gi|33 22205 22347
msp 2566 p 936 91.2 -1 1011 gi|13 13703 13845 1028 gi|44 22267 22409
msp 2568 p 836 88.7 1 1011 gi|13 13703 13845 1031 gi|52 22589 22727
msp 2570 p 546 82.3 1 1011 gi|13 13704 13848 1036 gi|28 34012 34157
msp 2572 p 412 82.5 -1 1011 gi|13 13703 13845 555 gi|40 37353 37496
msp 2574 p 281 84.0 1 1011 gi|13 13703 13846 275 gi|25 20328 20461
msp 2576 p 406 80.8 -1 1011 gi|13 13705 13845 1012 gi|41 16468 16610
msp 2578 s 292 78.3 -1 1011 gi|13 13732 13846 267 gi|24 23595 23710
msp 2580 s 303 83.6 -1 1011 gi|13 13740 13848 1032 gi|57 2356 2474
msp 2582 s 304 77.8 1 1011 gi|13 13759 13848 447 gi|36 11605 11704
msp 2584 s 397 86.0 -1 1011 gi|13 13770 13848 260 gi|24 5617 5699
msp 2586 s 256 84.6 1 1011 gi|13 13781 13845 315 gi|28 14257 14325
msp 2588 s 284 86.2 1 1011 gi|13 13781 13845 546 gi|40 18917 18988
msp 2590 s 297 87.5 -1 1011 gi|13 13783 13846 680 gi|49 3897 3965
edge 2093 s 0 0 1011 260
edge 2094 s 0 0 1011 267
edge 2095 p 1 84 1011 275
edge 2096 s 0 0 1011 315
edge 2099 s 0 0 1011 447
edge 2100 s 0 0 1011 546
edge 2101 p -1 82 1011 555
edge 2104 s 0 0 1011 680
edge 2134 p -1 80 1012 1011
edge 2163 p -1 82 1017 1011
edge 2217 p 1 83 1023 1011
edge 2241 p -1 76 1024 1011
edge 2273 p -1 91 1028 1011
edge 2283 p 1 88 1031 1011
edge 2305 s 0 0 1032 1011
edge 2327 p 1 82 1036 1011
pcp 13703 1023
pcp 13703 1024
pcp 13703 1031
pcp 13703 275
pcp 13703 1017
pcp 13703 1028
pcp 13703 555
pcp 13704 1036
pcp 13705 1012
pcp 13845 555
pcp 13845 1031
pcp 13845 1028
pcp 13845 1023
pcp 13845 1012
pcp 13846 275
pcp 13846 1017
pcp 13846 1024
pcp 13848 1036
