frag gi|6 21360 21501
img_no 9
flimg_no 5
edge_no 9
msp 1526 p 692 82.7 -1 1017 gi|6 21359 21501 1011 gi|13 13703 13846
msp 1528 s 345 80.5 1 1017 gi|6 21359 21433 260 gi|24 5616 5695
msp 1530 p 758 83.4 1 1017 gi|6 21360 21501 1028 gi|44 22267 22407
msp 1532 s 257 82.1 1 1017 gi|6 21359 21414 680 gi|49 3896 3955
msp 1536 p 363 79.6 1 1017 gi|6 21360 21501 1012 gi|41 16466 16610
msp 1538 p 317 77.8 -1 1017 gi|6 21360 21501 1036 gi|28 34013 34155
msp 1540 p 292 76.4 -1 1017 gi|6 21360 21465 720 gi|50 7304 7411
msp 1542 s 237 97.1 1 1017 gi|6 21470 21501 426 gi|35 19937 19968
msp 5204 p 580 83.6 -1 1017 gi|6 21361 21501 1031 gi|52 22595 22727
edge 2157 s 0 0 1017 260
edge 2159 s 0 0 1017 426
edge 2161 s 0 0 1017 680
edge 2162 p -1 76 1017 720
edge 2163 p -1 82 1017 1011
edge 2164 p 1 79 1017 1012
edge 2276 p 1 83 1028 1017
edge 2285 p -1 83 1031 1017
edge 2329 p -1 77 1036 1017
pcp 21501 1036
pcp 21501 1011
pcp 21501 1028
pcp 21501 1012
pcp 21501 1031
pcp 21465 720
pcp 21361 1031
pcp 21360 720
pcp 21360 1028
pcp 21360 1012
pcp 21360 1036
pcp 21359 1011
