frag gi|41 16320 16607
img_no 25
edge_no 25
msp 341 s 282 84.4 -1 180 gi|2 16550 16690 1012 gi|41 16478 16601
msp 1537 p 363 79.6 1 1017 gi|6 21360 21501 1012 gi|41 16466 16610
msp 1753 p 762 87.1 -1 1023 gi|7 23430 23573 1012 gi|41 16465 16610
msp 2577 p 406 80.8 -1 1011 gi|13 13705 13845 1012 gi|41 16468 16610
msp 3435 p 311 72.9 1 231 gi|22 30195 30301 1012 gi|41 16493 16599
msp 3525 s 268 79.2 -1 240 gi|23 11454 11501 1012 gi|41 16478 16525
msp 3667 s 472 83.8 1 260 gi|24 5598 5696 1012 gi|41 16444 16546
msp 3725 s 575 90.2 1 267 gi|24 23588 23710 1012 gi|41 16462 16585
msp 3761 s 298 83.8 1 272 gi|25 5913 5992 1012 gi|41 16466 16548
msp 3781 p 503 81.2 -1 275 gi|25 20328 20518 1012 gi|41 16421 16610
msp 3979 s 416 82.9 -1 315 gi|28 14254 14329 1012 gi|41 16464 16539
msp 4023 s 791 85.1 -1 1036 gi|28 34012 34157 1012 gi|41 16464 16609
msp 4147 p 662 80.9 1 1024 gi|33 22186 22347 1012 gi|41 16448 16610
msp 4203 s 285 82.2 -1 460 gi|37 3384 3512 1012 gi|41 16440 16563
msp 4311 s 357 80.8 -1 447 gi|36 11612 11705 1012 gi|41 16463 16557
msp 4585 s 459 79.5 -1 546 gi|40 18914 19045 1012 gi|41 16406 16539
msp 4617 s 676 87.6 1 555 gi|40 37342 37496 1012 gi|41 16457 16610
msp 4644 s 365 77.7 1 1012 gi|41 16320 16525 792 gi|56 1530 1745
msp 4646 s 530 81.0 1 1012 gi|41 16424 16593 1032 gi|57 2317 2495
msp 4648 s 411 82.5 1 1012 gi|41 16460 16539 680 gi|49 3887 3970
msp 4650 s 605 76.7 1 1012 gi|41 16463 16610 826 gi|57 38492 38639
msp 4654 p 399 82.2 -1 1012 gi|41 16467 16610 1031 gi|52 22591 22727
msp 4656 p 252 74.5 1 1012 gi|41 16465 16515 604 gi|44 18808 18858
msp 4658 s 384 78.0 1 1012 gi|41 16477 16576 673 gi|48 35440 35545
msp 5200 p 257 77.8 1 1012 gi|41 16467 16600 1028 gi|44 22267 22411
edge 2110 s 0 0 1012 180
edge 2111 p 1 72 1012 231
edge 2112 s 0 0 1012 240
edge 2113 s 0 0 1012 260
edge 2114 s 0 0 1012 267
edge 2115 s 0 0 1012 272
edge 2116 p -1 81 1012 275
edge 2117 s 0 0 1012 315
edge 2120 s 0 0 1012 447
edge 2121 s 0 0 1012 460
edge 2122 s 0 0 1012 546
edge 2123 s 0 0 1012 555
edge 2124 p 1 74 1012 604
edge 2126 s 0 0 1012 673
edge 2127 s 0 0 1012 680
edge 2129 s 0 0 1012 792
edge 2131 s 0 0 1012 826
edge 2134 p -1 80 1012 1011
edge 2164 p 1 79 1017 1012
edge 2218 p -1 87 1023 1012
edge 2242 p 1 80 1024 1012
edge 2274 p 1 77 1028 1012
edge 2284 p -1 82 1031 1012
edge 2306 s 0 0 1032 1012
edge 2328 s 0 0 1036 1012
pcp 16421 275
pcp 16448 1024
pcp 16465 1023
pcp 16465 604
pcp 16466 1017
pcp 16467 1031
pcp 16467 1028
pcp 16468 1011
pcp 16493 231
pcp 16515 604
pcp 16599 231
pcp 16600 1028
pcp 16610 1017
pcp 16610 1024
pcp 16610 1023
pcp 16610 1011
pcp 16610 275
pcp 16610 1031
