frag gi|27 13809 13859
img_no 5
flimg_no 5
edge_no 5
msp 235 p 236 88.5 1 531 gi|4 23911 23968 1020 gi|27 13807 13856
msp 317 p 231 93.8 -1 173 gi|2 3019 3078 1020 gi|27 13810 13860
msp 3753 p 282 91.0 -1 1034 gi|24 35158 35212 1020 gi|27 13811 13860
msp 3892 p 271 87.9 -1 1020 gi|27 13807 13860 434 gi|35 29701 29760
msp 3894 p 322 91.8 1 1020 gi|27 13811 13859 447 gi|36 11535 11583
edge 2171 p -1 93 1020 173
edge 2173 p -1 87 1020 434
edge 2174 p 1 91 1020 447
edge 2175 p 1 88 1020 531
edge 2312 p -1 91 1034 1020
pcp 13807 434
pcp 13807 531
pcp 13810 173
pcp 13811 1034
pcp 13811 447
pcp 13856 531
pcp 13859 447
pcp 13860 173
pcp 13860 434
pcp 13860 1034
