frag gi|7 23431 23572
img_no 22
flimg_no 10
edge_no 22
msp 351 s 311 83.3 1 180 gi|2 16577 16690 1023 gi|7 23459 23559
msp 1746 p 306 80.5 -1 1023 gi|7 23431 23574 1032 gi|57 2355 2493
msp 1748 p 595 82.9 -1 1023 gi|7 23431 23574 1024 gi|33 22198 22334
msp 1750 p 639 83.1 1 1023 gi|7 23433 23569 1036 gi|28 34012 34155
msp 1752 p 762 87.1 -1 1023 gi|7 23430 23573 1012 gi|41 16465 16610
msp 1754 p 552 82.3 -1 1023 gi|7 23430 23573 555 gi|40 37350 37496
msp 1756 p 760 85.2 -1 1023 gi|7 23430 23574 826 gi|57 38494 38639
msp 1758 p 489 83.4 1 1023 gi|7 23430 23574 275 gi|25 20328 20475
msp 1760 p 392 83.7 1 1023 gi|7 23430 23570 1011 gi|13 13703 13845
msp 1762 p 285 79.2 1 1023 gi|7 23430 23571 1031 gi|52 22589 22727
msp 1764 p 257 77.7 1 1023 gi|7 23430 23574 460 gi|37 3354 3495
msp 1766 p 712 85.1 -1 1023 gi|7 23440 23573 267 gi|24 23591 23730
msp 1768 s 286 76.5 -1 1023 gi|7 23451 23569 1028 gi|44 22269 22383
msp 1770 s 258 81.7 -1 1023 gi|7 23462 23543 673 gi|48 35457 35545
msp 1772 s 296 79.3 -1 1023 gi|7 23467 23558 272 gi|25 5920 6024
msp 1774 p 273 87.0 -1 1023 gi|7 23477 23545 553 gi|40 32185 32249
msp 1776 p 413 81.0 -1 1023 gi|7 23490 23573 680 gi|49 3893 3978
msp 1778 s 364 82.7 -1 1023 gi|7 23493 23573 260 gi|24 5616 5694
msp 1780 s 325 74.7 1 1023 gi|7 23495 23573 447 gi|36 11624 11703
msp 1782 s 346 80.3 1 1023 gi|7 23498 23573 315 gi|28 14254 14328
msp 1784 s 393 82.5 1 1023 gi|7 23498 23574 546 gi|40 18914 18993
msp 1786 s 351 90.4 -1 1023 gi|7 23508 23559 792 gi|56 1698 1748
edge 2198 s 0 0 1023 180
edge 2199 s 0 0 1023 260
edge 2200 p -1 85 1023 267
edge 2201 s 0 0 1023 272
edge 2202 p 1 83 1023 275
edge 2203 s 0 0 1023 315
edge 2206 s 0 0 1023 447
edge 2207 p 1 77 1023 460
edge 2208 s 0 0 1023 546
edge 2209 p -1 87 1023 553
edge 2210 p -1 82 1023 555
edge 2212 s 0 0 1023 673
edge 2213 p -1 81 1023 680
edge 2214 s 0 0 1023 792
edge 2216 p -1 85 1023 826
edge 2217 p 1 83 1023 1011
edge 2218 p -1 87 1023 1012
edge 2245 p -1 82 1024 1023
edge 2277 s 0 0 1028 1023
edge 2286 p 1 79 1031 1023
edge 2308 p -1 80 1032 1023
edge 2330 p 1 83 1036 1023
pcp 23430 460
pcp 23430 275
pcp 23430 1012
pcp 23430 1011
pcp 23430 826
pcp 23430 1031
pcp 23430 555
pcp 23431 1032
pcp 23431 1024
pcp 23433 1036
pcp 23440 267
pcp 23477 553
pcp 23490 680
pcp 23545 553
pcp 23569 1036
pcp 23570 1011
pcp 23571 1031
pcp 23573 267
pcp 23573 555
pcp 23573 1012
pcp 23573 680
pcp 23574 460
pcp 23574 1024
pcp 23574 275
pcp 23574 826
pcp 23574 1032
