frag gi|33 22182 22347
img_no 23
flimg_no 3
edge_no 23
msp 1749 p 595 82.9 -1 1023 gi|7 23431 23574 1024 gi|33 22198 22334
msp 2565 p 401 76.3 -1 1011 gi|13 13703 13846 1024 gi|33 22205 22347
msp 3431 s 325 71.7 1 231 gi|22 30195 30293 1024 gi|33 22230 22327
msp 3519 s 268 76.3 -1 240 gi|23 11450 11508 1024 gi|33 22208 22267
msp 3685 s 337 86.6 1 260 gi|24 5616 5682 1024 gi|33 22201 22267
msp 3721 s 646 83.9 1 267 gi|24 23587 23710 1024 gi|33 22197 22322
msp 3777 s 497 79.3 -1 275 gi|25 20327 20468 1024 gi|33 22198 22348
msp 3975 s 364 89.4 -1 315 gi|28 14249 14333 1024 gi|33 22197 22271
msp 4142 p 467 73.9 1 1024 gi|33 22179 22348 555 gi|40 37326 37498
msp 4144 p 248 77.6 -1 1024 gi|33 22179 22316 1019 gi|47 18323 18454
msp 4146 p 662 80.9 1 1024 gi|33 22186 22347 1012 gi|41 16448 16610
msp 4148 p 562 77.8 1 1024 gi|33 22186 22347 826 gi|57 38479 38639
msp 4150 s 406 90.3 1 1024 gi|33 22198 22269 680 gi|49 3889 3970
msp 4152 p 272 76.5 1 1024 gi|33 22203 22347 1028 gi|44 22267 22407
msp 4154 s 535 80.5 1 1024 gi|33 22199 22316 1032 gi|57 2355 2476
msp 4156 s 435 91.5 -1 1024 gi|33 22199 22269 546 gi|40 18914 18993
msp 4158 s 391 77.8 -1 1024 gi|33 22199 22279 447 gi|36 11624 11705
msp 4160 p 210 75.7 -1 1024 gi|33 22203 22348 1031 gi|52 22590 22727
msp 4162 s 274 78.0 -1 1024 gi|33 22204 22285 460 gi|37 3403 3493
msp 4164 p 265 79.6 1 1024 gi|33 22204 22252 604 gi|44 18809 18858
msp 4166 s 304 78.0 1 1024 gi|33 22214 22313 673 gi|48 35440 35545
msp 4168 s 347 88.7 1 1024 gi|33 22215 22267 792 gi|56 1698 1749
msp 5211 s 664 82.9 -1 1036 gi|28 34015 34155 1024 gi|33 22205 22348
edge 2223 s 0 0 1024 231
edge 2224 s 0 0 1024 240
edge 2225 s 0 0 1024 260
edge 2226 s 0 0 1024 267
edge 2227 s 0 0 1024 275
edge 2228 s 0 0 1024 315
edge 2230 s 0 0 1024 447
edge 2231 s 0 0 1024 460
edge 2232 s 0 0 1024 546
edge 2233 p 1 73 1024 555
edge 2234 p 1 79 1024 604
edge 2236 s 0 0 1024 673
edge 2237 s 0 0 1024 680
edge 2238 s 0 0 1024 792
edge 2240 p 1 77 1024 826
edge 2241 p -1 76 1024 1011
edge 2242 p 1 80 1024 1012
edge 2244 p -1 77 1024 1019
edge 2245 p -1 82 1024 1023
edge 2278 p 1 76 1028 1024
edge 2287 p -1 75 1031 1024
edge 2309 s 0 0 1032 1024
edge 2331 s 0 0 1036 1024
pcp 22179 1019
pcp 22179 555
pcp 22186 1012
pcp 22186 826
pcp 22198 1023
pcp 22203 1028
pcp 22203 1031
pcp 22204 604
pcp 22205 1011
pcp 22252 604
pcp 22316 1019
pcp 22334 1023
pcp 22347 1011
pcp 22347 1028
pcp 22347 826
pcp 22347 1012
pcp 22348 555
pcp 22348 1031
