frag gi|52 22590 22726
img_no 9
flimg_no 8
edge_no 9
msp 1763 p 285 79.2 1 1023 gi|7 23430 23571 1031 gi|52 22589 22727
msp 2569 p 836 88.7 1 1011 gi|13 13703 13845 1031 gi|52 22589 22727
msp 3681 s 406 87.2 -1 260 gi|24 5618 5700 1031 gi|52 22652 22727
msp 4017 p 367 77.6 1 1036 gi|28 34013 34154 1031 gi|52 22589 22727
msp 4161 p 210 75.7 -1 1024 gi|33 22203 22348 1031 gi|52 22590 22727
msp 4655 p 399 82.2 -1 1012 gi|41 16467 16610 1031 gi|52 22591 22727
msp 5203 p 181 81.9 -1 555 gi|40 37350 37496 1031 gi|52 22589 22727
msp 5205 p 580 83.6 -1 1017 gi|6 21361 21501 1031 gi|52 22595 22727
msp 5215 p 595 83.2 -1 1028 gi|44 22269 22411 1031 gi|52 22589 22726
edge 2280 s 0 0 1031 260
edge 2282 p -1 81 1031 555
edge 2283 p 1 88 1031 1011
edge 2284 p -1 82 1031 1012
edge 2285 p -1 83 1031 1017
edge 2286 p 1 79 1031 1023
edge 2287 p -1 75 1031 1024
edge 2288 p -1 83 1031 1028
edge 2333 p 1 77 1036 1031
pcp 22589 1036
pcp 22589 1011
pcp 22589 1028
pcp 22589 555
pcp 22589 1023
pcp 22590 1024
pcp 22591 1012
pcp 22595 1017
pcp 22726 1028
pcp 22727 1024
pcp 22727 1012
pcp 22727 1011
pcp 22727 1017
pcp 22727 555
pcp 22727 1023
pcp 22727 1036
