frag gi|28 34013 34218
img_no 22
flimg_no 1
edge_no 22
msp 1539 p 317 77.8 -1 1017 gi|6 21360 21501 1036 gi|28 34013 34155
msp 1751 p 639 83.1 1 1023 gi|7 23433 23569 1036 gi|28 34012 34155
msp 2571 p 546 82.3 1 1011 gi|13 13704 13848 1036 gi|28 34012 34157
msp 3433 p 318 71.0 -1 231 gi|22 30195 30301 1036 gi|28 34022 34128
msp 3521 s 250 79.0 1 240 gi|23 11451 11507 1036 gi|28 34092 34151
msp 3675 s 516 87.6 -1 260 gi|24 5612 5700 1036 gi|28 34070 34160
msp 3713 s 592 84.0 -1 267 gi|24 23536 23710 1036 gi|28 34036 34212
msp 3779 s 598 85.6 1 275 gi|25 20329 20478 1036 gi|28 34012 34169
msp 4016 p 367 77.6 1 1036 gi|28 34013 34154 1031 gi|52 22589 22727
msp 4018 s 512 81.8 -1 1036 gi|28 34012 34160 555 gi|40 37346 37494
msp 4020 p 378 81.4 -1 1036 gi|28 34012 34156 1028 gi|44 22267 22406
msp 4022 s 791 85.1 -1 1036 gi|28 34012 34157 1012 gi|41 16464 16609
msp 4024 p 627 74.2 -1 1036 gi|28 34012 34218 826 gi|57 38428 38638
msp 4026 s 583 82.2 -1 1036 gi|28 34042 34159 1032 gi|57 2355 2476
msp 4028 s 336 77.9 -1 1036 gi|28 34045 34148 673 gi|48 35436 35545
msp 4030 s 355 78.8 1 1036 gi|28 34057 34155 447 gi|36 11606 11700
msp 4032 s 306 77.1 1 1036 gi|28 34073 34155 460 gi|37 3407 3492
msp 4034 s 397 80.7 1 1036 gi|28 34083 34196 546 gi|40 18915 19033
msp 4036 s 439 84.2 -1 1036 gi|28 34088 34169 680 gi|49 3880 3964
msp 4038 s 434 91.8 -1 1036 gi|28 34092 34152 792 gi|56 1689 1748
msp 4040 p 261 79.6 -1 1036 gi|28 34106 34154 604 gi|44 18809 18858
msp 5210 s 664 82.9 -1 1036 gi|28 34015 34155 1024 gi|33 22205 22348
edge 2313 p -1 71 1036 231
edge 2314 s 0 0 1036 240
edge 2315 s 0 0 1036 260
edge 2316 s 0 0 1036 267
edge 2317 s 0 0 1036 275
edge 2318 s 0 0 1036 447
edge 2319 s 0 0 1036 460
edge 2320 s 0 0 1036 546
edge 2321 s 0 0 1036 555
edge 2322 p -1 79 1036 604
edge 2323 s 0 0 1036 673
edge 2324 s 0 0 1036 680
edge 2325 s 0 0 1036 792
edge 2326 p -1 74 1036 826
edge 2327 p 1 82 1036 1011
edge 2328 s 0 0 1036 1012
edge 2329 p -1 77 1036 1017
edge 2330 p 1 83 1036 1023
edge 2331 s 0 0 1036 1024
edge 2332 p -1 81 1036 1028
edge 2333 p 1 77 1036 1031
edge 2334 s 0 0 1036 1032
pcp 34012 1011
pcp 34012 1028
pcp 34012 1023
pcp 34012 826
pcp 34013 1017
pcp 34013 1031
pcp 34022 231
pcp 34106 604
pcp 34128 231
pcp 34154 1031
pcp 34154 604
pcp 34155 1017
pcp 34155 1023
pcp 34156 1028
pcp 34157 1011
pcp 34218 826
