frag gi|9 17848 18173
img_no 8
flimg_no 1
edge_no 5
msp 2376 p 335 79.8 1 1040 gi|9 17848 18173 479 gi|38 4833 5143
msp 2378 p 349 79.9 1 1040 gi|9 17988 18177 400 gi|33 25487 25671
msp 2380 p 470 77.0 1 1040 gi|9 18010 18173 1038 gi|24 2664 2827
msp 2382 p 385 82.4 -1 1040 gi|9 18010 18173 1038 gi|24 2664 2827
msp 2384 s 419 78.7 -1 1040 gi|9 18009 18172 400 gi|33 25508 25671
msp 2386 s 473 77.3 -1 1040 gi|9 18010 18172 479 gi|38 4979 5143
msp 2388 p 281 76.1 -1 1040 gi|9 18018 18170 1041 gi|40 1651 1804
msp 2390 p 193 82.0 1 1040 gi|9 18142 18177 1060 gi|22 24229 24267
edge 2364 p 1 79 1040 400
edge 2365 p 1 79 1040 479
edge 2367 p -1 82 1040 1038
edge 2372 p -1 76 1041 1040
edge 2618 p 1 82 1060 1040
pcp 17848 479
pcp 17988 400
pcp 18010 1038
pcp 18010 1038
pcp 18018 1041
pcp 18142 1060
pcp 18170 1041
pcp 18173 479
pcp 18173 1038
pcp 18173 1038
pcp 18177 1060
pcp 18177 400
