frag gi|37 34242 34614
img_no 7
flimg_no 2
edge_no 4
msp 2369 p 267 80.3 1 937 gi|9 14030 14156 1056 gi|37 34364 34469
msp 2371 s 224 76.3 1 938 gi|9 14387 14618 1056 gi|37 34241 34480
msp 2373 p 271 80.0 1 938 gi|9 14352 14706 1056 gi|37 34281 34614
msp 3097 p 354 79.6 -1 159 gi|19 5218 5634 1056 gi|37 34240 34614
msp 3099 s 317 76.4 -1 159 gi|19 5365 5631 1056 gi|37 34378 34614
msp 4250 s 323 78.4 -1 1056 gi|37 34317 34520 1059 gi|48 28190 28381
msp 5224 p 381 82.5 -1 1056 gi|37 34245 34614 1059 gi|48 28003 28366
edge 2552 p -1 79 1056 159
edge 2554 p 1 80 1056 937
edge 2555 p 1 80 1056 938
edge 2558 p -1 82 1059 1056
pcp 34240 159
pcp 34245 1059
pcp 34281 938
pcp 34364 937
pcp 34469 937
pcp 34614 159
pcp 34614 938
pcp 34614 1059
