frag gi|56 11278 11324
img_no 4
flimg_no 3
edge_no 4
msp 2785 p 243 87.5 1 124 gi|17 11708 11755 1051 gi|56 11280 11326
msp 2805 p 266 81.8 1 128 gi|17 20857 20900 1051 gi|56 11280 11323
msp 4235 p 279 86.1 -1 1050 gi|37 23525 23573 1051 gi|56 11276 11324
msp 4447 p 250 83.3 -1 480 gi|38 5152 5199 1051 gi|56 11277 11324
edge 2470 p 1 87 1051 124
edge 2471 p 1 81 1051 128
edge 2472 p -1 83 1051 480
edge 2474 p -1 86 1051 1050
pcp 11276 1050
pcp 11277 480
pcp 11280 128
pcp 11280 124
pcp 11323 128
pcp 11324 1050
pcp 11324 480
pcp 11326 124
