frag gi|36 6683 6797
img_no 6
flimg_no 3
edge_no 5
msp 305 s 347 83.2 -1 538 gi|4 39099 39182 1062 gi|36 6721 6799
msp 3201 p 241 75.5 1 209 gi|21 20258 20375 1062 gi|36 6682 6799
msp 4113 p 251 74.4 1 363 gi|30 5415 5491 1062 gi|36 6722 6799
msp 4262 p 251 78.9 1 1062 gi|36 6682 6799 817 gi|57 13399 13508
msp 4264 p 271 79.6 -1 1062 gi|36 6686 6793 731 gi|50 37144 37256
msp 4266 s 275 72.4 1 1062 gi|36 6725 6799 817 gi|57 13596 13670
edge 2648 p 1 75 1062 209
edge 2649 p 1 74 1062 363
edge 2650 s 0 0 1062 538
edge 2651 p -1 79 1062 731
edge 2652 p 1 78 1062 817
pcp 6682 209
pcp 6682 817
pcp 6686 731
pcp 6722 363
pcp 6793 731
pcp 6799 363
pcp 6799 817
pcp 6799 209
