frag gi|41 22511 22718
img_no 4
flimg_no 2
edge_no 4
msp 965 p 293 84.1 1 1065 gi|3 18241 18300 1063 gi|41 22512 22577
msp 971 p 307 97.4 -1 345 gi|3 18300 18337 1063 gi|41 22513 22550
msp 3745 p 1815 96.3 1 268 gi|24 25099 25308 1063 gi|41 22510 22718
msp 3805 p 686 77.7 1 1064 gi|25 27288 27498 1063 gi|41 22510 22718
edge 2681 p 1 96 1063 268
edge 2684 p -1 97 1063 345
edge 2687 p 1 77 1064 1063
edge 2689 p 1 84 1065 1063
pcp 22510 1064
pcp 22510 268
pcp 22512 1065
pcp 22513 345
pcp 22550 345
pcp 22577 1065
pcp 22718 1064
pcp 22718 268
