frag gi|16 28988 31551
img_no 6
flimg_no 1
edge_no 6
msp 2608 s 22179 99.9 -1 117 gi|16 28984 31447 864 gi|59 37364 39819
msp 2610 s 1382 77.1 -1 117 gi|16 28985 31085 829 gi|58 714 2907
msp 2612 p 22130 98.8 1 117 gi|16 28988 31551 212 gi|21 22405 24962
msp 2614 s 1374 76.9 1 117 gi|16 28992 31085 422 gi|34 30798 32979
msp 2616 s 22180 99.9 1 117 gi|16 28998 31457 328 gi|29 11972 14427
msp 2618 s 1313 77.0 1 117 gi|16 29052 31085 365 gi|30 6070 8175
edge 1673 s 0 0 365 117
edge 1682 s 0 0 422 117
edge 1691 p 1 98 117 212
edge 1692 s 0 0 117 328
edge 1693 s 0 0 117 829
edge 1694 s 0 0 117 864
pcp 28988 212
pcp 31551 212
