frag gi|17 11706 11752
img_no 4
edge_no 4
msp 2778 p 294 92.0 -1 124 gi|17 11703 11752 736 gi|51 9427 9487
msp 2780 p 255 89.1 -1 124 gi|17 11706 11751 1052 gi|41 13997 14042
msp 2782 p 336 91.5 -1 124 gi|17 11708 11752 1050 gi|37 23525 23569
msp 2784 p 243 87.5 1 124 gi|17 11708 11755 1051 gi|56 11280 11326
edge 2453 p -1 92 124 736
edge 2465 p -1 91 1050 124
edge 2470 p 1 87 1051 124
edge 2475 p -1 89 1052 124
pcp 11703 736
pcp 11706 1052
pcp 11708 1050
pcp 11708 1051
pcp 11751 1052
pcp 11752 1050
pcp 11752 736
pcp 11755 1051
