frag gi|17 20822 20901
img_no 4
flimg_no 3
edge_no 4
msp 2798 p 273 79.5 -1 128 gi|17 20824 20901 1050 gi|37 23525 23603
msp 2800 p 270 84.7 -1 128 gi|17 20820 20904 736 gi|51 9424 9520
msp 2802 p 294 81.0 -1 128 gi|17 20822 20900 1052 gi|41 13997 14076
msp 2804 p 266 81.8 1 128 gi|17 20857 20900 1051 gi|56 11280 11323
edge 2462 p -1 84 736 128
edge 2466 p -1 79 1050 128
edge 2471 p 1 81 1051 128
edge 2476 p -1 81 1052 128
pcp 20820 736
pcp 20822 1052
pcp 20824 1050
pcp 20857 1051
pcp 20900 1052
pcp 20900 1051
pcp 20901 1050
pcp 20904 736
