frag gi|18 3686 3823
img_no 28
edge_no 24
msp 69 s 285 92.2 1 520 gi|4 2504 2554 140 gi|18 3757 3809
msp 627 s 316 86.8 -1 19 gi|1 27192 27259 140 gi|18 3744 3814
msp 691 s 295 91.8 1 19 gi|1 27266 27314 140 gi|18 3759 3809
msp 881 s 342 90.3 1 341 gi|3 14425 14496 140 gi|18 3739 3812
msp 1081 s 252 81.7 -1 918 gi|8 8256 8315 140 gi|18 3748 3810
msp 1329 s 270 87.3 1 703 gi|5 13278 13387 140 gi|18 3686 3806
msp 1595 s 267 77.5 -1 872 gi|6 24931 25001 140 gi|18 3738 3809
msp 1847 p 263 95.3 1 28 gi|10 1917 1959 140 gi|18 3785 3823
msp 2239 s 273 81.7 -1 72 gi|12 32060 32130 140 gi|18 3738 3812
msp 2717 s 267 97.9 -1 121 gi|17 3043 3089 140 gi|18 3758 3806
msp 2821 s 381 94.0 1 129 gi|17 20920 20969 140 gi|18 3757 3807
msp 2866 s 283 82.7 1 140 gi|18 3704 3807 804 gi|56 31910 32012
msp 2868 s 294 89.1 1 140 gi|18 3718 3809 446 gi|36 9552 9635
msp 2870 s 321 87.5 -1 140 gi|18 3732 3811 586 gi|43 15885 15965
msp 2872 s 252 86.8 -1 140 gi|18 3740 3807 223 gi|22 3194 3257
msp 2874 s 250 89.2 -1 140 gi|18 3746 3810 216 gi|21 33108 33171
msp 2876 s 324 87.9 1 140 gi|18 3753 3818 569 gi|42 9565 9629
msp 2878 s 274 89.7 -1 140 gi|18 3753 3810 252 gi|23 28121 28177
msp 2880 s 334 84.8 -1 140 gi|18 3754 3812 568 gi|42 7958 8017
msp 2882 s 314 85.2 1 140 gi|18 3754 3807 223 gi|22 3165 3219
msp 2884 s 255 90.7 -1 140 gi|18 3754 3807 804 gi|56 31988 32040
msp 2886 s 270 90.0 -1 140 gi|18 3756 3805 732 gi|50 39634 39681
msp 2888 s 277 91.5 1 140 gi|18 3756 3814 691 gi|49 31674 31741
msp 2890 s 325 86.8 1 140 gi|18 3757 3824 216 gi|21 33188 33256
msp 2892 s 275 94.4 1 140 gi|18 3758 3828 583 gi|43 11796 11860
msp 2894 s 296 87.7 -1 140 gi|18 3758 3814 312 gi|27 39536 39592
msp 2896 s 328 89.5 -1 140 gi|18 3758 3814 158 gi|19 683 737
msp 2898 s 307 87.0 -1 140 gi|18 3760 3813 631 gi|45 28163 28215
edge 218 s 0 0 19 140
edge 249 s 0 0 72 140
edge 283 s 0 0 121 140
edge 386 s 0 0 216 140
edge 416 s 0 0 223 140
edge 461 s 0 0 252 140
edge 493 s 0 0 312 140
edge 540 s 0 0 341 140
edge 569 s 0 0 446 140
edge 608 s 0 0 520 140
edge 655 s 0 0 568 140
edge 675 s 0 0 569 140
edge 697 s 0 0 583 140
edge 723 s 0 0 586 140
edge 780 s 0 0 691 140
edge 800 s 0 0 703 140
edge 834 s 0 0 732 140
edge 870 s 0 0 804 140
edge 885 s 0 0 872 140
edge 896 s 0 0 918 140
edge 1575 p 1 95 28 140
edge 1580 s 0 0 140 129
edge 1581 s 0 0 140 158
edge 1582 s 0 0 140 631
pcp 3823 28
pcp 3785 28
