frag gi|18 21866 22245
img_no 26
edge_no 18
msp 123 s 264 88.4 1 523 gi|4 15154 15196 148 gi|18 21940 21980
msp 487 p 293 81.4 1 951 gi|1 1670 1782 148 gi|18 21939 22052
msp 497 s 264 69.6 -1 951 gi|1 1671 1772 148 gi|18 21940 22041
msp 1023 p 325 89.8 -1 911 gi|8 441 528 148 gi|18 21923 22003
msp 1197 s 380 85.1 1 933 gi|8 28222 28295 148 gi|18 21915 21986
msp 1257 s 400 78.6 -1 701 gi|5 7013 7213 148 gi|18 21866 22053
msp 1287 s 288 83.0 1 701 gi|5 7024 7129 148 gi|18 21940 22041
msp 2165 s 293 85.1 1 67 gi|12 19723 19769 148 gi|18 21940 21986
msp 2179 s 266 81.2 1 71 gi|12 28007 28123 148 gi|18 21917 22044
msp 2401 s 280 75.7 1 942 gi|9 19652 19754 148 gi|18 21939 22038
msp 2453 s 532 79.5 1 944 gi|9 22359 22597 148 gi|18 21940 22180
msp 2455 s 255 78.9 -1 944 gi|9 22359 22467 148 gi|18 21940 22041
msp 2691 s 398 79.7 -1 121 gi|17 3033 3155 148 gi|18 21940 22051
msp 2934 s 309 81.1 1 148 gi|18 21881 21986 433 gi|35 28669 28777
msp 2936 s 313 75.9 -1 148 gi|18 21939 22245 489 gi|38 23853 24147
msp 2938 s 291 78.3 -1 148 gi|18 21939 22044 678 gi|49 2144 2248
msp 2940 s 255 83.0 1 148 gi|18 21939 21985 694 gi|49 37733 37779
msp 2942 s 301 79.8 -1 148 gi|18 21940 22033 647 gi|46 32517 32618
msp 2944 s 459 81.7 -1 148 gi|18 21940 22043 879 gi|60 5086 5198
msp 2946 s 292 84.3 1 148 gi|18 21940 22041 879 gi|60 5088 5198
msp 2948 s 458 78.8 1 148 gi|18 21940 22052 669 gi|48 21740 21854
msp 2950 s 426 85.6 -1 148 gi|18 21940 22043 669 gi|48 21738 21844
msp 2952 s 308 80.4 -1 148 gi|18 21940 22041 952 gi|39 33913 34020
msp 2954 s 282 80.1 1 148 gi|18 21940 22080 952 gi|39 33913 34047
msp 2956 s 312 72.7 1 148 gi|18 21943 22041 489 gi|38 24046 24146
msp 2958 s 291 79.6 1 148 gi|18 21948 22045 647 gi|46 32517 32624
edge 59 s 0 0 67 148
edge 72 s 0 0 71 148
edge 88 s 0 0 148 121
edge 89 s 0 0 148 433
edge 90 s 0 0 148 489
edge 92 s 0 0 148 523
edge 93 s 0 0 148 647
edge 94 s 0 0 148 669
edge 95 s 0 0 148 678
edge 96 s 0 0 148 694
edge 97 s 0 0 148 701
edge 98 s 0 0 148 879
edge 99 p -1 89 148 911
edge 100 s 0 0 148 933
edge 101 s 0 0 148 942
edge 102 s 0 0 148 944
edge 961 p 1 81 951 148
edge 977 s 0 0 952 148
pcp 22052 951
pcp 22003 911
pcp 21939 951
pcp 21923 911
