frag gi|18 31973 33286
img_no 12
flimg_no 1
edge_no 11
msp 603 s 257 75.5 -1 18 gi|1 25860 25961 153 gi|18 32497 32595
msp 1021 s 331 77.8 -1 910 gi|8 142 353 153 gi|18 33019 33233
msp 1461 s 338 75.5 1 712 gi|5 30420 30635 153 gi|18 33016 33231
msp 1523 p 261 84.4 1 1092 gi|6 15310 15418 153 gi|18 31976 32093
msp 2966 p 1572 77.8 1 153 gi|18 31970 33286 588 gi|43 21926 23229
msp 2968 s 706 77.9 1 153 gi|18 32085 32568 588 gi|43 22867 23369
msp 2970 s 331 78.0 -1 153 gi|18 32188 32759 490 gi|38 24275 24867
msp 2972 s 368 80.4 -1 153 gi|18 32519 32789 728 gi|50 28745 29000
msp 2974 s 465 77.2 1 153 gi|18 32531 32841 589 gi|43 23608 23931
msp 2978 s 396 70.7 1 153 gi|18 32961 33270 658 gi|47 19430 19736
msp 2980 s 268 78.5 -1 153 gi|18 32983 33112 825 gi|57 35910 36048
msp 2982 s 300 77.6 1 153 gi|18 32984 33233 448 gi|36 11801 12040
edge 1044 s 0 0 658 153
edge 1060 s 0 0 728 153
edge 1069 s 0 0 448 153
edge 1091 p 1 77 588 153
edge 1098 s 0 0 910 153
edge 1105 s 0 0 825 153
edge 1112 s 0 0 153 18
edge 1113 s 0 0 153 490
edge 1114 s 0 0 153 589
edge 1115 s 0 0 153 712
edge 2895 p 1 84 1092 153
pcp 31970 588
pcp 31976 1092
pcp 32093 1092
pcp 33286 588
