frag gi|19 31748 31991
img_no 17
edge_no 17
msp 15 s 281 89.6 -1 518 gi|4 1514 1561 167 gi|19 31821 31869
msp 83 s 261 85.9 -1 520 gi|4 2505 2603 167 gi|19 31775 31871
msp 821 s 282 87.5 -1 339 gi|3 11272 11327 167 gi|19 31821 31876
msp 913 s 287 77.6 -1 341 gi|3 14443 14509 167 gi|19 31805 31873
msp 1079 s 264 83.3 1 918 gi|8 8254 8307 167 gi|19 31819 31873
msp 1333 s 294 75.6 -1 703 gi|5 13303 13388 167 gi|19 31822 31906
msp 1557 s 278 79.6 1 872 gi|6 24879 24981 167 gi|19 31748 31872
msp 1979 s 266 89.1 -1 37 gi|10 22977 23022 167 gi|19 31824 31871
msp 2251 s 300 84.8 1 72 gi|12 32064 32201 167 gi|19 31821 31991
msp 2735 s 270 85.7 1 121 gi|17 3043 3091 167 gi|19 31823 31873
msp 3120 s 280 86.7 -1 167 gi|19 31818 31877 586 gi|43 15824 15880
msp 3122 s 252 86.3 1 167 gi|19 31821 31871 234 gi|22 34679 34726
msp 3124 s 250 82.7 -1 167 gi|19 31821 31872 569 gi|42 9569 9618
msp 3126 s 324 85.7 1 167 gi|19 31822 31877 750 gi|52 29294 29350
msp 3128 s 295 82.8 -1 167 gi|19 31822 31879 276 gi|25 21005 21064
msp 3130 s 301 90.0 -1 167 gi|19 31823 31872 738 gi|51 19332 19383
msp 3132 s 322 91.8 1 167 gi|19 31824 31872 223 gi|22 3196 3243
edge 19 s 0 0 37 167
edge 252 s 0 0 72 167
edge 286 s 0 0 121 167
edge 348 s 0 0 167 223
edge 349 s 0 0 167 234
edge 350 s 0 0 167 276
edge 351 s 0 0 167 339
edge 352 s 0 0 167 341
edge 353 s 0 0 167 518
edge 354 s 0 0 167 520
edge 355 s 0 0 167 569
edge 356 s 0 0 167 586
edge 357 s 0 0 167 703
edge 358 s 0 0 167 738
edge 359 s 0 0 167 750
edge 360 s 0 0 167 872
edge 361 s 0 0 167 918
