frag gi|1 27091 27323
img_no 51
edge_no 36
msp 604 s 397 87.8 1 19 gi|1 27085 27248 72 gi|12 31972 32113
msp 606 p 312 82.2 -1 19 gi|1 27091 27270 583 gi|43 11778 11972
msp 608 s 293 84.1 -1 19 gi|1 27136 27248 341 gi|3 14444 14548
msp 610 s 315 78.0 1 19 gi|1 27157 27247 723 gi|50 20025 20114
msp 612 s 647 89.0 1 19 gi|1 27160 27314 312 gi|27 39501 39659
msp 614 s 251 77.4 1 19 gi|1 27169 27252 199 gi|21 1596 1684
msp 616 s 416 89.2 -1 19 gi|1 27186 27314 312 gi|27 39541 39666
msp 618 s 333 93.6 -1 19 gi|1 27187 27311 569 gi|42 9534 9633
msp 620 s 250 91.4 1 19 gi|1 27190 27247 158 gi|19 679 737
msp 622 s 256 93.0 1 19 gi|1 27191 27247 234 gi|22 34672 34726
msp 624 s 345 80.0 1 19 gi|1 27192 27306 80 gi|13 4523 4653
msp 626 s 316 86.8 -1 19 gi|1 27192 27259 140 gi|18 3744 3814
msp 628 s 267 87.5 1 19 gi|1 27193 27272 248 gi|23 21300 21384
msp 630 s 252 84.2 -1 19 gi|1 27193 27249 738 gi|51 19331 19390
msp 632 s 370 87.5 1 19 gi|1 27194 27249 568 gi|42 7959 8015
msp 634 s 466 85.1 1 19 gi|1 27195 27315 650 gi|46 39344 39469
msp 636 s 381 85.3 1 19 gi|1 27196 27311 216 gi|21 33108 33233
msp 638 s 272 89.7 1 19 gi|1 27196 27253 252 gi|23 28121 28178
msp 640 s 267 76.0 1 19 gi|1 27197 27321 942 gi|9 19649 19773
msp 642 s 254 94.3 -1 19 gi|1 27197 27249 691 gi|49 31674 31725
msp 644 s 512 86.0 -1 19 gi|1 27198 27311 121 gi|17 3043 3158
msp 646 s 270 92.0 -1 19 gi|1 27198 27247 777 gi|54 34626 34674
msp 648 s 262 92.0 -1 19 gi|1 27198 27247 446 gi|36 9586 9634
msp 650 s 269 98.1 1 19 gi|1 27198 27249 872 gi|6 24932 24982
msp 652 s 438 86.9 -1 19 gi|1 27199 27320 216 gi|21 33100 33234
msp 654 s 409 88.7 1 19 gi|1 27199 27304 669 gi|48 21738 21843
msp 656 s 345 83.5 1 19 gi|1 27200 27314 121 gi|17 3043 3159
msp 658 s 368 88.6 -1 19 gi|1 27200 27313 650 gi|46 39347 39465
msp 660 s 356 83.8 1 19 gi|1 27200 27310 155 gi|18 36035 36149
msp 662 s 258 83.0 1 19 gi|1 27200 27311 854 gi|59 13055 13151
msp 664 s 252 90.9 -1 19 gi|1 27200 27254 520 gi|4 2498 2551
msp 666 s 391 82.9 -1 19 gi|1 27201 27317 37 gi|10 22896 23022
msp 668 s 371 90.9 1 19 gi|1 27201 27310 37 gi|10 22906 23022
msp 670 s 425 88.3 -1 19 gi|1 27201 27311 155 gi|18 36035 36149
msp 672 s 336 81.1 1 19 gi|1 27201 27311 944 gi|9 22359 22468
msp 674 p 301 88.9 1 19 gi|1 27237 27326 223 gi|22 3146 3233
msp 676 s 317 89.7 1 19 gi|1 27238 27315 569 gi|42 9545 9620
msp 678 p 310 86.1 1 19 gi|1 27242 27320 339 gi|3 11256 11334
msp 680 s 284 84.4 1 19 gi|1 27251 27314 446 gi|36 9567 9635
msp 682 s 252 85.9 -1 19 gi|1 27256 27319 776 gi|54 32219 32282
msp 684 s 264 86.5 -1 19 gi|1 27262 27313 300 gi|27 10173 10226
msp 686 s 360 93.8 1 19 gi|1 27264 27311 691 gi|49 31675 31722
msp 688 s 294 89.4 1 19 gi|1 27265 27311 583 gi|43 11797 11843
msp 690 s 295 91.8 1 19 gi|1 27266 27314 140 gi|18 3759 3809
msp 692 s 347 91.8 -1 19 gi|1 27266 27314 586 gi|43 15887 15935
msp 694 s 342 95.6 -1 19 gi|1 27266 27310 732 gi|50 39634 39678
msp 696 s 340 95.6 -1 19 gi|1 27266 27310 158 gi|19 692 736
msp 698 s 271 89.1 1 19 gi|1 27266 27311 703 gi|5 13342 13387
msp 700 s 257 83.3 1 19 gi|1 27266 27313 777 gi|54 34627 34674
msp 702 s 267 87.5 -1 19 gi|1 27266 27321 252 gi|23 28113 28171
msp 704 s 289 91.3 1 19 gi|1 27267 27312 776 gi|54 32203 32248
edge 15 s 0 0 37 19
edge 150 s 0 0 669 19
edge 204 s 0 0 944 19
edge 215 s 0 0 19 72
edge 216 s 0 0 19 80
edge 217 s 0 0 19 121
edge 218 s 0 0 19 140
edge 219 s 0 0 19 155
edge 220 s 0 0 19 158
edge 221 s 0 0 19 199
edge 222 s 0 0 19 216
edge 223 p 1 88 19 223
edge 224 s 0 0 19 234
edge 225 s 0 0 19 248
edge 226 s 0 0 19 252
edge 227 s 0 0 19 300
edge 228 s 0 0 19 312
edge 229 p 1 86 19 339
edge 230 s 0 0 19 341
edge 231 s 0 0 19 446
edge 232 s 0 0 19 520
edge 233 s 0 0 19 568
edge 234 s 0 0 19 569
edge 235 p -1 82 19 583
edge 236 s 0 0 19 586
edge 237 s 0 0 19 650
edge 238 s 0 0 19 691
edge 239 s 0 0 19 703
edge 240 s 0 0 19 723
edge 241 s 0 0 19 732
edge 242 s 0 0 19 738
edge 243 s 0 0 19 776
edge 244 s 0 0 19 777
edge 245 s 0 0 19 854
edge 246 s 0 0 19 872
edge 247 s 0 0 19 942
pcp 27326 223
pcp 27320 339
pcp 27270 583
pcp 27242 339
pcp 27237 223
pcp 27091 583
