frag gi|20 19251 20064
img_no 7
edge_no 7
msp 1011 s 293 70.5 -1 910 gi|8 110 434 194 gi|20 19261 19579
msp 1313 s 272 80.3 1 702 gi|5 8400 8592 194 gi|20 19678 19864
msp 1545 s 295 78.8 -1 871 gi|6 23954 24311 194 gi|20 19618 19985
msp 3354 s 1518 76.6 1 194 gi|20 19251 19995 290 gi|26 27341 28097
msp 3356 s 763 75.5 1 194 gi|20 19288 19977 291 gi|26 29194 29901
msp 3358 s 1639 75.6 1 194 gi|20 19290 20064 446 gi|36 9731 10502
msp 3360 s 476 76.1 1 194 gi|20 19668 19993 448 gi|36 12272 12600
edge 572 s 0 0 446 194
edge 1070 s 0 0 448 194
edge 1099 s 0 0 910 194
edge 1108 s 0 0 702 194
edge 2422 s 0 0 871 194
edge 2423 s 0 0 194 290
edge 2424 s 0 0 194 291
