frag gi|21 1596 1745
img_no 28
edge_no 27
msp 25 s 339 84.0 -1 520 gi|4 2458 2551 199 gi|21 1633 1745
msp 615 s 251 77.4 1 19 gi|1 27169 27252 199 gi|21 1596 1684
msp 917 s 305 85.7 -1 341 gi|3 14444 14492 199 gi|21 1632 1680
msp 1395 s 321 87.8 -1 703 gi|5 13341 13389 199 gi|21 1631 1679
msp 1621 s 270 78.8 1 872 gi|6 24933 24998 199 gi|21 1632 1694
msp 1961 s 265 83.7 -1 37 gi|10 22974 23022 199 gi|21 1634 1682
msp 2231 s 272 80.4 1 72 gi|12 32058 32113 199 gi|21 1623 1680
msp 2715 s 291 85.4 1 121 gi|17 3043 3090 199 gi|21 1633 1680
msp 3019 s 252 85.4 1 155 gi|18 36035 36082 199 gi|21 1633 1680
msp 3079 s 271 80.0 1 158 gi|19 690 759 199 gi|21 1632 1708
msp 3144 s 276 77.0 1 199 gi|21 1604 1677 579 gi|42 37444 37518
msp 3146 s 311 81.3 -1 199 gi|21 1605 1679 446 gi|36 9586 9658
msp 3148 s 300 86.2 1 199 gi|21 1624 1688 568 gi|42 7957 8022
msp 3150 s 301 83.9 1 199 gi|21 1625 1680 750 gi|52 29287 29345
msp 3152 s 276 87.7 -1 199 gi|21 1626 1682 738 gi|51 19330 19389
msp 3154 s 297 85.7 -1 199 gi|21 1627 1682 691 gi|49 31673 31727
msp 3156 s 335 86.4 -1 199 gi|21 1627 1685 569 gi|42 9564 9620
msp 3158 s 254 81.1 -1 199 gi|21 1629 1681 854 gi|59 13103 13156
msp 3160 s 299 81.3 1 199 gi|21 1629 1719 252 gi|23 28121 28218
msp 3162 s 275 86.5 1 199 gi|21 1629 1680 312 gi|27 39540 39593
msp 3164 s 267 85.7 -1 199 gi|21 1632 1680 583 gi|43 11795 11844
msp 3166 s 250 81.2 -1 199 gi|21 1632 1679 586 gi|43 15829 15876
msp 3168 s 305 89.6 1 199 gi|21 1632 1679 723 gi|50 20066 20114
msp 3170 s 286 89.6 1 199 gi|21 1632 1679 234 gi|22 34680 34726
msp 3172 s 265 83.0 -1 199 gi|21 1633 1679 312 gi|27 39610 39656
msp 3174 s 255 83.6 1 199 gi|21 1634 1700 681 gi|49 5775 5834
msp 3176 s 267 87.2 1 199 gi|21 1634 1680 776 gi|54 32226 32273
msp 3178 s 285 79.7 1 199 gi|21 1634 1692 223 gi|22 3196 3255
edge 20 s 0 0 37 199
edge 221 s 0 0 19 199
edge 253 s 0 0 72 199
edge 287 s 0 0 121 199
edge 322 s 0 0 155 199
edge 362 s 0 0 199 158
edge 363 s 0 0 199 223
edge 364 s 0 0 199 234
edge 365 s 0 0 199 252
edge 366 s 0 0 199 312
edge 367 s 0 0 199 341
edge 368 s 0 0 199 446
edge 369 s 0 0 199 520
edge 370 s 0 0 199 568
edge 371 s 0 0 199 569
edge 372 s 0 0 199 579
edge 373 s 0 0 199 583
edge 374 s 0 0 199 586
edge 375 s 0 0 199 681
edge 376 s 0 0 199 691
edge 377 s 0 0 199 703
edge 378 s 0 0 199 723
edge 379 s 0 0 199 738
edge 380 s 0 0 199 750
edge 381 s 0 0 199 776
edge 382 s 0 0 199 854
edge 383 s 0 0 199 872
