frag gi|21 32951 33337
img_no 59
edge_no 37
msp 49 s 274 79.5 -1 520 gi|4 2503 2673 216 gi|21 32999 33160
msp 61 s 328 88.2 1 520 gi|4 2504 2605 216 gi|21 33188 33302
msp 637 s 381 85.3 1 19 gi|1 27196 27311 216 gi|21 33108 33233
msp 653 s 438 86.9 -1 19 gi|1 27199 27320 216 gi|21 33100 33234
msp 835 s 263 81.4 -1 339 gi|3 11276 11334 216 gi|21 33103 33159
msp 889 s 375 81.1 -1 341 gi|3 14432 14537 216 gi|21 33047 33171
msp 933 s 293 89.8 1 341 gi|3 14445 14493 216 gi|21 33189 33235
msp 1063 s 327 81.4 1 918 gi|8 8243 8312 216 gi|21 33090 33166
msp 1085 s 271 86.9 -1 918 gi|8 8257 8317 216 gi|21 33177 33235
msp 1341 s 306 85.4 1 703 gi|5 13326 13462 216 gi|21 33177 33323
msp 1553 s 258 84.5 -1 872 gi|6 24813 24980 216 gi|21 33189 33337
msp 1585 s 339 83.3 1 872 gi|6 24928 24981 216 gi|21 33105 33159
msp 1903 s 288 79.5 1 37 gi|10 22759 23022 216 gi|21 32951 33232
msp 1917 s 429 83.6 -1 37 gi|10 22901 23022 216 gi|21 33113 33237
msp 1983 s 331 86.5 1 39 gi|10 30403 30587 216 gi|21 33033 33232
msp 2217 s 283 79.8 1 72 gi|12 32020 32113 216 gi|21 33057 33159
msp 2253 s 285 93.0 -1 72 gi|12 32065 32121 216 gi|21 33174 33234
msp 2697 s 311 77.0 -1 121 gi|17 3040 3269 216 gi|21 33001 33236
msp 2713 s 444 84.3 1 121 gi|17 3043 3163 216 gi|21 33112 33241
msp 2819 s 283 94.0 1 129 gi|17 20918 20967 216 gi|21 33186 33232
msp 2875 s 250 89.2 -1 140 gi|18 3746 3810 216 gi|21 33108 33171
msp 2891 s 325 86.8 1 140 gi|18 3757 3824 216 gi|21 33188 33256
msp 3015 s 344 87.8 -1 155 gi|18 36035 36149 216 gi|21 33113 33233
msp 3017 s 343 83.5 1 155 gi|18 36035 36149 216 gi|21 33112 33232
msp 3071 s 292 92.0 -1 158 gi|19 688 737 216 gi|21 33189 33236
msp 3264 p 291 72.7 -1 216 gi|21 33088 33237 854 gi|59 13011 13178
msp 3266 s 292 85.2 1 216 gi|21 33096 33156 579 gi|42 37458 37518
msp 3268 s 310 84.6 1 216 gi|21 33100 33164 252 gi|23 28114 28177
msp 3270 s 263 82.1 -1 216 gi|21 33103 33158 777 gi|54 34626 34678
msp 3272 s 282 90.6 -1 216 gi|21 33107 33159 691 gi|49 31675 31728
msp 3274 s 422 86.2 -1 216 gi|21 33107 33323 569 gi|42 9457 9621
msp 3276 s 282 81.1 -1 216 gi|21 33107 33159 583 gi|43 11795 11848
msp 3278 s 456 86.5 1 216 gi|21 33108 33233 312 gi|27 39540 39656
msp 3280 s 253 86.3 1 216 gi|21 33108 33158 586 gi|43 15886 15936
msp 3282 s 282 85.1 1 216 gi|21 33108 33194 723 gi|50 20063 20140
msp 3284 s 494 84.9 -1 216 gi|21 33109 33234 312 gi|27 39543 39659
msp 3286 s 413 91.3 -1 216 gi|21 33109 33234 650 gi|46 39348 39468
msp 3288 s 346 79.4 -1 216 gi|21 33111 33173 586 gi|43 15814 15876
msp 3290 s 270 84.1 1 216 gi|21 33111 33173 750 gi|52 29294 29363
msp 3292 s 256 86.2 1 216 gi|21 33113 33170 223 gi|22 3196 3253
msp 3294 s 274 88.2 -1 216 gi|21 33123 33325 669 gi|48 21660 21837
msp 3296 s 306 86.2 -1 216 gi|21 33146 33239 681 gi|49 5766 5865
msp 3298 s 256 87.2 -1 216 gi|21 33158 33235 804 gi|56 31987 32055
msp 3300 s 352 85.9 1 216 gi|21 33166 33264 569 gi|42 9550 9639
msp 3302 s 254 93.9 1 216 gi|21 33167 33232 720 gi|50 7311 7371
msp 3304 s 293 88.4 1 216 gi|21 33169 33237 854 gi|59 13089 13155
msp 3306 s 260 88.7 -1 216 gi|21 33174 33235 579 gi|42 37471 37533
msp 3308 s 309 94.8 1 216 gi|21 33178 33235 583 gi|43 11782 11845
msp 3310 s 331 94.9 1 216 gi|21 33181 33239 446 gi|36 9575 9639
msp 3312 s 318 89.8 1 216 gi|21 33187 33235 586 gi|43 15827 15877
msp 3314 s 304 83.7 -1 216 gi|21 33187 33284 776 gi|54 32163 32274
msp 3316 s 302 92.0 1 216 gi|21 33187 33236 777 gi|54 34624 34675
msp 3318 s 301 89.4 1 216 gi|21 33187 33252 223 gi|22 3167 3245
msp 3320 s 314 97.9 -1 216 gi|21 33188 33234 252 gi|23 28124 28173
msp 3322 s 265 91.3 -1 216 gi|21 33188 33233 586 gi|43 15890 15937
msp 3324 s 290 97.9 -1 216 gi|21 33188 33234 723 gi|50 20066 20115
msp 3326 s 257 87.0 1 216 gi|21 33188 33233 506 gi|39 15121 15170
msp 3328 s 325 93.5 -1 216 gi|21 33189 33234 568 gi|42 7964 8013
msp 3330 s 260 85.0 -1 216 gi|21 33205 33244 764 gi|53 35088 35127
edge 21 s 0 0 37 216
edge 156 s 0 0 669 216
edge 222 s 0 0 19 216
edge 254 s 0 0 72 216
edge 288 s 0 0 121 216
edge 323 s 0 0 155 216
edge 384 s 0 0 216 39
edge 385 s 0 0 216 129
edge 386 s 0 0 216 140
edge 387 s 0 0 216 158
edge 388 s 0 0 216 223
edge 389 s 0 0 216 252
edge 390 s 0 0 216 312
edge 391 s 0 0 216 339
edge 392 s 0 0 216 341
edge 393 s 0 0 216 446
edge 394 s 0 0 216 506
edge 395 s 0 0 216 520
edge 396 s 0 0 216 568
edge 397 s 0 0 216 569
edge 398 s 0 0 216 579
edge 399 s 0 0 216 583
edge 400 s 0 0 216 586
edge 401 s 0 0 216 650
edge 402 s 0 0 216 681
edge 403 s 0 0 216 691
edge 404 s 0 0 216 703
edge 405 s 0 0 216 720
edge 406 s 0 0 216 723
edge 407 s 0 0 216 750
edge 408 s 0 0 216 764
edge 409 s 0 0 216 776
edge 410 s 0 0 216 777
edge 411 s 0 0 216 804
edge 412 p -1 72 216 854
edge 413 s 0 0 216 872
edge 414 s 0 0 216 918
pcp 33237 854
pcp 33088 854
