frag gi|22 3146 3263
img_no 26
edge_no 23
msp 17 s 258 88.9 -1 518 gi|4 1514 1558 223 gi|22 3196 3240
msp 27 s 304 79.5 -1 520 gi|4 2488 2560 223 gi|22 3187 3262
msp 675 p 301 88.9 1 19 gi|1 27237 27326 223 gi|22 3146 3233
msp 919 s 331 90.0 -1 341 gi|3 14444 14493 223 gi|22 3193 3243
msp 1065 s 283 79.2 1 918 gi|8 8244 8315 223 gi|22 3182 3252
msp 1565 s 288 87.7 1 872 gi|6 24904 24984 223 gi|22 3167 3246
msp 1953 s 330 92.5 -1 37 gi|10 22970 23022 223 gi|22 3196 3250
msp 2213 s 371 87.7 1 72 gi|12 32008 32113 223 gi|22 3162 3243
msp 2753 s 299 88.5 1 121 gi|17 3044 3095 223 gi|22 3196 3250
msp 2811 s 337 92.5 1 129 gi|17 20909 20975 223 gi|22 3151 3223
msp 2829 s 258 90.7 -1 129 gi|17 20921 20995 223 gi|22 3170 3242
msp 2873 s 252 86.8 -1 140 gi|18 3740 3807 223 gi|22 3194 3257
msp 2883 s 314 85.2 1 140 gi|18 3754 3807 223 gi|22 3165 3219
msp 3087 s 273 91.5 -1 158 gi|19 691 737 223 gi|22 3169 3218
msp 3133 s 322 91.8 1 167 gi|19 31824 31872 223 gi|22 3196 3243
msp 3179 s 285 79.7 1 199 gi|21 1634 1692 223 gi|22 3196 3255
msp 3293 s 256 86.2 1 216 gi|21 33113 33170 223 gi|22 3196 3253
msp 3319 s 301 89.4 1 216 gi|21 33187 33252 223 gi|22 3167 3245
msp 3384 s 336 84.9 1 223 gi|22 3158 3243 776 gi|54 32188 32273
msp 3386 s 399 85.1 1 223 gi|22 3169 3242 804 gi|56 31963 32036
msp 3388 s 264 87.5 -1 223 gi|22 3172 3219 631 gi|45 28169 28214
msp 3390 s 278 87.3 -1 223 gi|22 3188 3242 586 gi|43 15829 15882
msp 3392 s 334 85.9 -1 223 gi|22 3193 3263 738 gi|51 19308 19385
msp 3394 s 325 87.0 -1 223 gi|22 3194 3247 569 gi|42 9565 9617
msp 3396 s 277 93.8 -1 223 gi|22 3195 3242 720 gi|50 7328 7372
msp 3398 s 317 89.7 1 223 gi|22 3196 3253 750 gi|52 29296 29360
edge 22 s 0 0 37 223
edge 223 p 1 88 19 223
edge 255 s 0 0 72 223
edge 289 s 0 0 121 223
edge 348 s 0 0 167 223
edge 363 s 0 0 199 223
edge 388 s 0 0 216 223
edge 415 s 0 0 223 129
edge 416 s 0 0 223 140
edge 417 s 0 0 223 158
edge 418 s 0 0 223 341
edge 419 s 0 0 223 518
edge 420 s 0 0 223 520
edge 421 s 0 0 223 569
edge 422 s 0 0 223 586
edge 423 s 0 0 223 631
edge 424 s 0 0 223 720
edge 425 s 0 0 223 738
edge 426 s 0 0 223 750
edge 427 s 0 0 223 776
edge 428 s 0 0 223 804
edge 429 s 0 0 223 872
edge 430 s 0 0 223 918
pcp 3146 19
pcp 3233 19
