frag gi|22 6477 6528
img_no 5
flimg_no 1
edge_no 5
msp 1843 p 258 87.8 -1 28 gi|10 1913 1961 224 gi|22 6481 6527
msp 2931 s 250 90.9 -1 147 gi|18 14400 14443 224 gi|22 6485 6532
msp 3400 p 291 92.2 -1 224 gi|22 6477 6533 980 gi|46 28705 28762
msp 3402 p 292 90.2 1 224 gi|22 6475 6525 557 gi|41 1896 1948
msp 3404 s 256 93.5 1 224 gi|22 6499 6529 648 gi|46 34476 34506
edge 1577 p -1 87 28 224
edge 1587 s 0 0 224 147
edge 1588 p 1 90 224 557
edge 1590 s 0 0 224 648
edge 1632 p -1 92 980 224
pcp 6533 980
pcp 6527 28
pcp 6525 557
pcp 6481 28
pcp 6477 980
pcp 6475 557
