frag gi|22 34653 34744
img_no 34
edge_no 31
msp 623 s 256 93.0 1 19 gi|1 27191 27247 234 gi|22 34672 34726
msp 939 s 282 82.9 -1 341 gi|3 14445 14514 234 gi|22 34654 34726
msp 1077 s 270 86.8 1 918 gi|8 8253 8305 234 gi|22 34675 34726
msp 1401 s 345 93.8 -1 703 gi|5 13341 13388 234 gi|22 34680 34726
msp 1613 s 309 89.8 1 872 gi|6 24932 24980 234 gi|22 34679 34726
msp 2011 s 267 87.0 -1 39 gi|10 30534 30587 234 gi|22 34682 34734
msp 2729 s 260 92.0 1 121 gi|17 3043 3092 234 gi|22 34681 34729
msp 3021 s 306 92.0 1 155 gi|18 36035 36084 234 gi|22 34681 34729
msp 3057 s 270 83.9 1 158 gi|19 682 737 234 gi|22 34672 34726
msp 3123 s 252 86.3 1 167 gi|19 31821 31871 234 gi|22 34679 34726
msp 3171 s 286 89.6 1 199 gi|21 1632 1679 234 gi|22 34680 34726
msp 3442 s 331 83.8 -1 234 gi|22 34653 34726 691 gi|49 31676 31751
msp 3444 s 278 88.7 1 234 gi|22 34656 34726 248 gi|23 21291 21357
msp 3446 s 260 83.6 1 234 gi|22 34660 34726 300 gi|27 10160 10223
msp 3448 s 335 83.6 1 234 gi|22 34663 34729 681 gi|49 5758 5823
msp 3450 s 326 86.9 -1 234 gi|22 34666 34726 569 gi|42 9570 9629
msp 3452 s 277 87.7 1 234 gi|22 34670 34726 568 gi|42 7955 8013
msp 3454 s 387 86.4 -1 234 gi|22 34672 34730 583 gi|43 11793 11852
msp 3456 s 322 88.5 1 234 gi|22 34675 34726 252 gi|23 28119 28172
msp 3458 s 290 94.5 1 234 gi|22 34676 34730 650 gi|46 39343 39401
msp 3460 s 290 86.0 1 234 gi|22 34677 34726 586 gi|43 15886 15936
msp 3462 s 305 89.5 1 234 gi|22 34677 34733 723 gi|50 20063 20124
msp 3464 s 271 88.0 1 234 gi|22 34677 34726 750 gi|52 29291 29344
msp 3466 s 273 88.0 1 234 gi|22 34677 34726 312 gi|27 39540 39592
msp 3470 s 255 88.5 1 234 gi|22 34678 34729 579 gi|42 37470 37523
msp 3472 s 294 86.4 -1 234 gi|22 34679 34744 446 gi|36 9571 9634
msp 3474 s 300 84.5 -1 234 gi|22 34679 34736 777 gi|54 34617 34674
msp 3476 s 304 83.9 -1 234 gi|22 34679 34740 312 gi|27 39597 39658
msp 3478 s 297 91.5 -1 234 gi|22 34680 34726 586 gi|43 15829 15876
msp 3480 s 259 85.1 -1 234 gi|22 34680 34726 854 gi|59 13105 13152
msp 3482 s 267 88.5 1 234 gi|22 34681 34732 804 gi|56 31989 32043
msp 3484 s 259 91.3 -1 234 gi|22 34681 34726 650 gi|46 39414 39465
msp 3486 s 283 88.5 1 234 gi|22 34682 34742 776 gi|54 32226 32291
msp 3488 s 271 88.6 -1 234 gi|22 34685 34728 793 gi|56 1957 2002
edge 224 s 0 0 19 234
edge 290 s 0 0 121 234
edge 324 s 0 0 155 234
edge 349 s 0 0 167 234
edge 364 s 0 0 199 234
edge 435 s 0 0 248 234
edge 464 s 0 0 252 234
edge 496 s 0 0 312 234
edge 542 s 0 0 341 234
edge 575 s 0 0 446 234
edge 657 s 0 0 568 234
edge 677 s 0 0 569 234
edge 700 s 0 0 583 234
edge 725 s 0 0 586 234
edge 747 s 0 0 650 234
edge 766 s 0 0 681 234
edge 782 s 0 0 691 234
edge 803 s 0 0 703 234
edge 826 s 0 0 723 234
edge 845 s 0 0 750 234
edge 855 s 0 0 776 234
edge 861 s 0 0 777 234
edge 872 s 0 0 804 234
edge 879 s 0 0 854 234
edge 887 s 0 0 872 234
edge 897 s 0 0 918 234
edge 918 s 0 0 39 234
edge 1584 s 0 0 158 234
edge 1606 s 0 0 234 300
edge 1607 s 0 0 234 579
edge 1608 s 0 0 234 793
