frag gi|24 5578 5748
img_no 21
edge_no 21
msp 1529 s 345 80.5 1 1017 gi|6 21359 21433 260 gi|24 5616 5695
msp 1779 s 364 82.7 -1 1023 gi|7 23493 23573 260 gi|24 5616 5694
msp 2585 s 397 86.0 -1 1011 gi|13 13770 13848 260 gi|24 5617 5699
msp 3662 s 358 75.4 -1 260 gi|24 5578 5691 460 gi|37 3412 3529
msp 3664 s 530 83.8 1 260 gi|24 5596 5700 555 gi|40 37328 37436
msp 3666 s 472 83.8 1 260 gi|24 5598 5696 1012 gi|41 16444 16546
msp 3668 s 292 85.9 -1 260 gi|24 5601 5692 720 gi|50 7319 7429
msp 3670 s 405 86.1 -1 260 gi|24 5609 5687 315 gi|28 14257 14336
msp 3672 s 379 85.1 1 260 gi|24 5611 5677 680 gi|49 3888 3957
msp 3674 s 516 87.6 -1 260 gi|24 5612 5700 1036 gi|28 34070 34160
msp 3676 s 363 85.1 1 260 gi|24 5613 5679 792 gi|56 1683 1750
msp 3678 s 375 86.3 1 260 gi|24 5615 5709 1032 gi|57 2356 2448
msp 3680 s 406 87.2 -1 260 gi|24 5618 5700 1031 gi|52 22652 22727
msp 3682 s 340 81.5 -1 260 gi|24 5615 5695 447 gi|36 11621 11704
msp 3684 s 337 86.6 1 260 gi|24 5616 5682 1024 gi|33 22201 22267
msp 3686 s 331 84.7 -1 260 gi|24 5616 5687 546 gi|40 18917 18991
msp 3688 s 263 75.9 1 260 gi|24 5616 5698 826 gi|57 38494 38577
msp 3690 s 260 82.3 1 260 gi|24 5617 5695 272 gi|25 5913 5991
msp 3692 p 368 83.8 1 260 gi|24 5619 5748 1028 gi|44 22269 22385
msp 3694 p 270 83.3 1 260 gi|24 5619 5666 604 gi|44 18810 18858
msp 3696 s 355 81.9 1 260 gi|24 5624 5695 673 gi|48 35436 35515
edge 821 s 0 0 720 260
edge 1256 s 0 0 272 260
edge 1266 s 0 0 460 260
edge 1310 s 0 0 792 260
edge 1326 s 0 0 826 260
edge 2009 s 0 0 260 315
edge 2012 s 0 0 260 447
edge 2013 s 0 0 260 546
edge 2014 s 0 0 260 555
edge 2015 p 1 83 260 604
edge 2017 s 0 0 260 673
edge 2018 s 0 0 260 680
edge 2093 s 0 0 1011 260
edge 2113 s 0 0 1012 260
edge 2157 s 0 0 1017 260
edge 2199 s 0 0 1023 260
edge 2225 s 0 0 1024 260
edge 2264 p 1 82 1028 260
edge 2280 s 0 0 1031 260
edge 2294 s 0 0 1032 260
edge 2315 s 0 0 1036 260
pcp 5619 1028
pcp 5619 604
pcp 5666 604
pcp 5748 1028
