frag gi|24 23536 23730
img_no 21
edge_no 21
msp 361 s 266 87.8 -1 180 gi|2 16650 16690 267 gi|24 23605 23645
msp 1767 p 712 85.1 -1 1023 gi|7 23440 23573 267 gi|24 23591 23730
msp 2579 s 292 78.3 -1 1011 gi|13 13732 13846 267 gi|24 23595 23710
msp 3437 s 273 77.9 1 231 gi|22 30198 30283 267 gi|24 23623 23705
msp 3527 s 350 83.3 -1 240 gi|23 11455 11508 267 gi|24 23598 23651
msp 3712 s 592 84.0 -1 267 gi|24 23536 23710 1036 gi|28 34036 34212
msp 3714 s 455 90.6 1 267 gi|24 23582 23666 680 gi|49 3880 3964
msp 3716 s 379 82.3 -1 267 gi|24 23586 23670 275 gi|25 20382 20470
msp 3718 s 522 79.8 1 267 gi|24 23586 23704 555 gi|40 37345 37466
msp 3720 s 646 83.9 1 267 gi|24 23587 23710 1024 gi|33 22197 22322
msp 3722 s 400 84.4 -1 267 gi|24 23587 23663 315 gi|28 14257 14333
msp 3724 s 575 90.2 1 267 gi|24 23588 23710 1012 gi|41 16462 16585
msp 3726 s 405 82.9 -1 267 gi|24 23589 23664 546 gi|40 18916 18993
msp 3728 s 524 82.3 1 267 gi|24 23589 23712 826 gi|57 38492 38616
msp 3730 s 472 81.9 1 267 gi|24 23589 23704 1032 gi|57 2355 2476
msp 3732 s 375 82.1 -1 267 gi|24 23589 23672 447 gi|36 11620 11705
msp 3734 s 275 76.0 1 267 gi|24 23593 23709 1028 gi|44 22267 22380
msp 3736 s 383 80.8 -1 267 gi|24 23594 23666 460 gi|37 3420 3493
msp 3738 s 371 85.9 1 267 gi|24 23596 23666 272 gi|25 5912 5979
msp 3740 s 388 78.6 1 267 gi|24 23604 23701 673 gi|48 35440 35545
msp 3742 s 393 95.7 1 267 gi|24 23605 23651 792 gi|56 1698 1744
edge 1213 s 0 0 180 267
edge 1226 s 0 0 240 267
edge 1238 s 0 0 267 231
edge 1239 s 0 0 267 272
edge 1240 s 0 0 267 275
edge 1241 s 0 0 267 315
edge 1244 s 0 0 267 447
edge 1245 s 0 0 267 460
edge 1246 s 0 0 267 546
edge 1247 s 0 0 267 555
edge 1250 s 0 0 267 673
edge 1251 s 0 0 267 680
edge 1252 s 0 0 267 792
edge 1254 s 0 0 267 826
edge 2094 s 0 0 1011 267
edge 2114 s 0 0 1012 267
edge 2200 p -1 85 1023 267
edge 2226 s 0 0 1024 267
edge 2265 s 0 0 1028 267
edge 2295 s 0 0 1032 267
edge 2316 s 0 0 1036 267
pcp 23591 1023
pcp 23730 1023
