frag gi|10 1915 1964
img_no 5
flimg_no 1
edge_no 5
msp 1840 s 274 94.3 -1 28 gi|10 1912 1946 654 gi|47 12971 13005
msp 1842 p 258 87.8 -1 28 gi|10 1913 1961 224 gi|22 6481 6527
msp 1844 p 253 86.8 -1 28 gi|10 1915 1967 557 gi|41 1901 1948
msp 1846 p 263 95.3 1 28 gi|10 1917 1959 140 gi|18 3785 3823
msp 1848 p 259 77.8 -1 28 gi|10 1917 1970 158 gi|19 658 712
edge 1575 p 1 95 28 140
edge 1576 p -1 77 28 158
edge 1577 p -1 87 28 224
edge 1578 p -1 86 28 557
edge 1579 s 0 0 28 654
pcp 1913 224
pcp 1915 557
pcp 1917 140
pcp 1917 158
pcp 1959 140
pcp 1961 224
pcp 1967 557
pcp 1970 158
