frag gi|26 29141 29901
img_no 7
edge_no 6
msp 785 s 254 70.9 1 334 gi|3 6250 6359 291 gi|26 29188 29307
msp 1007 s 321 70.5 -1 910 gi|8 66 414 291 gi|26 29187 29541
msp 3357 s 763 75.5 1 194 gi|20 19288 19977 291 gi|26 29194 29901
msp 3373 s 540 76.7 1 196 gi|20 21462 22152 291 gi|26 29206 29897
msp 3852 s 320 73.6 1 291 gi|26 29141 29485 448 gi|36 11735 12072
msp 3854 p 800 70.6 1 291 gi|26 29154 29888 446 gi|36 9686 10408
msp 3856 s 293 73.9 1 291 gi|26 29411 29873 448 gi|36 12094 12562
edge 577 p 1 70 446 291
edge 1073 s 0 0 448 291
edge 1101 s 0 0 910 291
edge 1120 s 0 0 196 291
edge 2424 s 0 0 194 291
edge 2747 s 0 0 291 334
pcp 29888 446
pcp 29154 446
