frag gi|33 2385 2487
img_no 5
flimg_no 1
edge_no 5
msp 861 s 292 74.4 -1 340 gi|3 14252 14329 389 gi|33 2385 2462
msp 4107 p 262 78.2 -1 362 gi|30 5200 5300 389 gi|33 2385 2487
msp 4132 s 409 81.5 1 389 gi|33 2378 2458 731 gi|50 36889 36971
msp 4134 s 382 80.5 -1 389 gi|33 2384 2460 646 gi|46 31368 31446
msp 4136 s 394 82.7 -1 389 gi|33 2386 2460 645 gi|46 30932 31008
edge 2511 s 0 0 645 389
edge 2517 s 0 0 646 389
edge 2781 s 0 0 340 389
edge 2783 p -1 78 362 389
edge 2785 s 0 0 389 731
pcp 2487 362
pcp 2385 362
