frag gi|33 22169 22388
img_no 23
edge_no 7
msp 1749 s 773 82.9 -1 899 gi|7 23397 23583 397 gi|33 22189 22368
msp 2565 s 424 76.3 -1 85 gi|13 13695 13846 397 gi|33 22205 22355
msp 3431 s 325 71.7 1 231 gi|22 30195 30293 397 gi|33 22230 22327
msp 3519 s 268 76.3 -1 240 gi|23 11450 11508 397 gi|33 22208 22267
msp 3685 s 337 86.6 1 260 gi|24 5616 5682 397 gi|33 22201 22267
msp 3721 s 646 83.9 1 267 gi|24 23587 23710 397 gi|33 22197 22322
msp 3777 s 507 79.3 -1 275 gi|25 20324 20468 397 gi|33 22198 22351
msp 3975 s 364 89.4 -1 315 gi|28 14249 14333 397 gi|33 22197 22271
msp 4015 s 849 82.9 -1 326 gi|28 33975 34155 397 gi|33 22205 22388
msp 4142 s 506 73.9 1 397 gi|33 22169 22352 555 gi|40 37316 37502
msp 4144 s 258 77.6 -1 397 gi|33 22174 22316 657 gi|47 18323 18459
msp 4146 s 662 80.9 1 397 gi|33 22186 22347 560 gi|41 16448 16610
msp 4148 p 562 77.8 1 397 gi|33 22186 22347 826 gi|57 38479 38639
msp 4150 s 406 90.3 1 397 gi|33 22198 22269 680 gi|49 3889 3970
msp 4152 s 280 76.5 1 397 gi|33 22199 22347 605 gi|44 22263 22407
msp 4154 s 535 80.5 1 397 gi|33 22199 22316 810 gi|57 2355 2476
msp 4156 s 435 91.5 -1 397 gi|33 22199 22269 546 gi|40 18914 18993
msp 4158 s 391 77.8 -1 397 gi|33 22199 22279 447 gi|36 11624 11705
msp 4160 s 256 75.7 -1 397 gi|33 22201 22377 746 gi|52 22561 22729
msp 4162 s 274 78.0 -1 397 gi|33 22204 22285 460 gi|37 3403 3493
msp 4164 s 265 79.6 1 397 gi|33 22204 22252 604 gi|44 18809 18858
msp 4166 s 304 78.0 1 397 gi|33 22214 22313 673 gi|48 35440 35545
msp 4168 s 347 88.7 1 397 gi|33 22215 22267 792 gi|56 1698 1749
edge 1229 s 0 0 240 397
edge 1243 s 0 0 267 397
edge 1269 s 0 0 460 397
edge 1290 s 0 0 560 397
edge 1313 s 0 0 792 397
edge 1330 p 1 76 826 397
edge 1350 s 0 0 899 397
pcp 22347 826
pcp 22186 826
