frag gi|35 21075 21322
img_no 11
edge_no 10
msp 189 s 255 71.6 1 527 gi|4 19562 19716 427 gi|35 21075 21228
msp 2789 s 280 76.8 -1 125 gi|17 12134 12189 427 gi|35 21175 21230
msp 2793 s 280 76.8 -1 125 gi|17 12250 12305 427 gi|35 21175 21230
msp 2797 s 304 77.6 -1 126 gi|17 12366 12472 427 gi|35 21122 21230
msp 3203 s 265 81.3 1 209 gi|21 20241 20374 427 gi|35 21108 21233
msp 4366 s 250 74.0 -1 427 gi|35 21129 21228 724 gi|50 20872 20974
msp 4368 s 254 78.5 1 427 gi|35 21130 21264 645 gi|46 30904 31036
msp 4370 s 254 81.8 -1 427 gi|35 21156 21232 571 gi|42 13210 13287
msp 4372 s 256 80.4 1 427 gi|35 21159 21321 646 gi|46 31367 31531
msp 4374 s 289 74.4 1 427 gi|35 21166 21243 641 gi|46 13998 14075
msp 4376 s 288 75.9 -1 427 gi|35 21178 21322 666 gi|48 8795 8935
edge 1697 s 0 0 209 427
edge 1719 s 0 0 527 427
edge 2478 s 0 0 125 427
edge 2485 s 0 0 427 126
edge 2486 s 0 0 427 571
edge 2487 s 0 0 427 641
edge 2488 s 0 0 427 645
edge 2489 s 0 0 427 646
edge 2490 s 0 0 427 666
edge 2491 s 0 0 427 724
