frag gi|35 28615 28790
img_no 12
flimg_no 1
edge_no 11
msp 1227 s 309 89.4 1 933 gi|8 28249 28295 433 gi|35 28731 28777
msp 1307 s 305 87.0 -1 701 gi|5 7084 7129 433 gi|35 28731 28776
msp 2115 s 298 89.4 -1 62 gi|12 11745 11791 433 gi|35 28731 28778
msp 2167 s 307 85.7 1 67 gi|12 19723 19771 433 gi|35 28731 28779
msp 2423 s 330 89.5 1 944 gi|9 22349 22405 433 gi|35 28721 28777
msp 2769 s 257 86.0 -1 121 gi|17 3108 3207 433 gi|35 28691 28778
msp 2935 s 309 81.1 1 148 gi|18 21881 21986 433 gi|35 28669 28777
msp 4388 p 266 78.4 1 433 gi|35 28615 28790 669 gi|48 21638 21803
msp 4390 s 365 88.9 -1 433 gi|35 28722 28775 952 gi|39 33976 34029
msp 4392 s 313 87.7 1 433 gi|35 28731 28787 694 gi|49 37734 37788
msp 4394 s 286 94.6 -1 433 gi|35 28731 28786 669 gi|48 21794 21844
msp 4396 s 272 92.5 1 433 gi|35 28739 28778 647 gi|46 32517 32556
edge 60 s 0 0 67 433
edge 89 s 0 0 148 433
edge 137 s 0 0 647 433
edge 158 p 1 78 669 433
edge 176 s 0 0 701 433
edge 199 s 0 0 933 433
edge 209 s 0 0 944 433
edge 295 s 0 0 121 433
edge 907 s 0 0 433 62
edge 908 s 0 0 433 694
edge 978 s 0 0 952 433
pcp 28615 669
pcp 28790 669
