frag gi|36 9538 11263
img_no 55
edge_no 51
msp 39 s 353 88.7 1 520 gi|4 2502 2554 446 gi|36 9583 9635
msp 173 s 270 95.7 1 523 gi|4 15276 15321 446 gi|36 9586 9631
msp 283 s 250 91.5 -1 534 gi|4 32854 32900 446 gi|36 9586 9631
msp 431 s 270 95.7 1 184 gi|2 21064 21109 446 gi|36 9586 9631
msp 649 s 262 92.0 -1 19 gi|1 27198 27247 446 gi|36 9586 9634
msp 681 s 284 84.4 1 19 gi|1 27251 27314 446 gi|36 9567 9635
msp 783 s 310 67.5 1 334 gi|3 6240 6365 446 gi|36 9717 9842
msp 789 p 275 74.7 1 335 gi|3 6485 6777 446 gi|36 10049 10342
msp 947 s 293 87.0 1 341 gi|3 14445 14490 446 gi|36 9586 9631
msp 1005 p 406 76.0 -1 910 gi|8 51 425 446 gi|36 9711 10076
msp 1073 s 311 83.9 -1 918 gi|8 8251 8306 446 gi|36 9585 9641
msp 1323 s 252 86.0 1 702 gi|5 8550 8592 446 gi|36 10260 10302
msp 1379 s 360 93.8 1 703 gi|5 13340 13387 446 gi|36 9585 9632
msp 1549 s 335 79.6 -1 871 gi|6 24068 24626 446 gi|36 9738 10302
msp 1589 s 363 90.2 -1 872 gi|6 24930 24980 446 gi|36 9586 9636
msp 1971 s 281 87.2 1 37 gi|10 22976 23022 446 gi|36 9585 9631
msp 2037 s 281 88.9 1 39 gi|10 30545 30616 446 gi|36 9588 9662
msp 2247 s 325 86.0 -1 72 gi|12 32063 32112 446 gi|36 9586 9635
msp 2739 s 304 87.2 -1 121 gi|17 3043 3089 446 gi|36 9586 9632
msp 2807 s 251 92.2 1 129 gi|17 20906 20969 446 gi|36 9569 9633
msp 2869 s 294 89.1 1 140 gi|18 3718 3809 446 gi|36 9552 9635
msp 3009 s 309 91.5 -1 155 gi|18 36035 36081 446 gi|36 9586 9632
msp 3091 s 304 91.3 -1 158 gi|19 692 737 446 gi|36 9586 9631
msp 3147 s 311 81.3 -1 199 gi|21 1605 1679 446 gi|36 9586 9658
msp 3311 s 331 94.9 1 216 gi|21 33181 33239 446 gi|36 9575 9639
msp 3359 s 1639 75.6 1 194 gi|20 19290 20064 446 gi|36 9731 10502
msp 3363 p 269 75.9 1 195 gi|20 20427 21015 446 gi|36 10649 11251
msp 3371 s 266 77.5 1 196 gi|20 21456 22129 446 gi|36 9732 10396
msp 3473 s 294 86.4 -1 234 gi|22 34679 34744 446 gi|36 9571 9634
msp 3555 s 335 85.7 -1 248 gi|23 21267 21357 446 gi|36 9586 9680
msp 3617 s 399 96.6 -1 252 gi|23 28122 28180 446 gi|36 9573 9635
msp 3847 p 1075 75.6 1 290 gi|26 27323 28912 446 gi|36 9673 11263
msp 3855 p 800 70.6 1 291 gi|26 29154 29888 446 gi|36 9686 10408
msp 3879 s 252 83.3 -1 300 gi|27 10130 10225 446 gi|36 9584 9670
msp 3905 s 360 79.2 -1 312 gi|27 39360 39600 446 gi|36 9578 9810
msp 3949 s 396 89.4 1 312 gi|27 39605 39670 446 gi|36 9581 9643
msp 4268 s 303 86.3 1 446 gi|36 9538 9632 586 gi|43 15777 15875
msp 4270 p 276 83.8 1 446 gi|36 9553 9632 506 gi|39 15092 15170
msp 4272 s 316 83.6 -1 446 gi|36 9568 9634 650 gi|46 39347 39416
msp 4274 s 388 94.2 1 446 gi|36 9569 9637 583 gi|43 11778 11849
msp 4276 s 294 82.3 -1 446 gi|36 9570 9631 732 gi|50 39634 39694
msp 4278 s 282 87.7 1 446 gi|36 9575 9631 693 gi|49 36466 36521
msp 4280 s 406 92.5 1 446 gi|36 9582 9634 777 gi|54 34622 34674
msp 4282 s 339 88.5 -1 446 gi|36 9582 9633 776 gi|54 32224 32276
msp 4284 s 271 82.5 1 446 gi|36 9584 9640 596 gi|43 39825 39884
msp 4286 s 380 89.5 -1 446 gi|36 9585 9641 586 gi|43 15881 15937
msp 4288 s 345 81.5 -1 446 gi|36 9585 9649 681 gi|49 5756 5821
msp 4290 s 359 90.3 -1 446 gi|36 9585 9646 723 gi|50 20057 20115
msp 4292 s 317 87.8 -1 446 gi|36 9585 9633 804 gi|56 31988 32037
msp 4294 s 318 86.0 1 446 gi|36 9586 9635 569 gi|42 9570 9619
msp 4296 s 300 89.8 -1 446 gi|36 9586 9634 568 gi|42 7963 8013
msp 4298 s 326 91.5 1 446 gi|36 9586 9632 691 gi|49 31676 31722
msp 4300 s 327 90.2 1 446 gi|36 9586 9636 854 gi|59 13105 13154
msp 4302 s 271 88.7 1 446 gi|36 9586 9647 650 gi|46 39414 39479
msp 4304 s 252 81.5 1 446 gi|36 10250 10352 588 gi|43 22594 22691
edge 28 s 0 0 37 446
edge 231 s 0 0 19 446
edge 261 s 0 0 72 446
edge 296 s 0 0 121 446
edge 330 s 0 0 155 446
edge 368 s 0 0 199 446
edge 393 s 0 0 216 446
edge 439 s 0 0 248 446
edge 469 s 0 0 252 446
edge 499 s 0 0 312 446
edge 543 s 0 0 341 446
edge 567 s 0 0 446 39
edge 568 s 0 0 446 129
edge 569 s 0 0 446 140
edge 570 s 0 0 446 158
edge 571 s 0 0 446 184
edge 572 s 0 0 446 194
edge 573 p 1 75 446 195
edge 574 s 0 0 446 196
edge 575 s 0 0 446 234
edge 576 p 1 75 446 290
edge 577 p 1 70 446 291
edge 578 s 0 0 446 300
edge 579 s 0 0 446 334
edge 580 p 1 74 446 335
edge 581 p 1 83 446 506
edge 582 s 0 0 446 520
edge 583 s 0 0 446 523
edge 584 s 0 0 446 534
edge 585 s 0 0 446 568
edge 586 s 0 0 446 569
edge 587 s 0 0 446 583
edge 588 s 0 0 446 586
edge 589 s 0 0 446 588
edge 590 s 0 0 446 596
edge 591 s 0 0 446 650
edge 592 s 0 0 446 681
edge 593 s 0 0 446 691
edge 594 s 0 0 446 693
edge 595 s 0 0 446 702
edge 596 s 0 0 446 703
edge 597 s 0 0 446 723
edge 598 s 0 0 446 732
edge 599 s 0 0 446 776
edge 600 s 0 0 446 777
edge 601 s 0 0 446 804
edge 602 s 0 0 446 854
edge 603 s 0 0 446 871
edge 604 s 0 0 446 872
edge 605 p -1 76 446 910
edge 606 s 0 0 446 918
pcp 11263 290
pcp 11251 195
pcp 10649 195
pcp 10408 291
pcp 10342 335
pcp 10076 910
pcp 10049 335
pcp 9711 910
pcp 9686 291
pcp 9673 290
pcp 9632 506
pcp 9553 506
