frag gi|36 11532 11705
img_no 20
edge_no 20
msp 319 s 261 95.9 -1 173 gi|2 3029 3077 447 gi|36 11535 11577
msp 1781 s 325 74.7 1 1023 gi|7 23495 23573 447 gi|36 11624 11703
msp 2583 s 304 77.8 1 1011 gi|13 13759 13848 447 gi|36 11605 11704
msp 3683 s 340 81.5 -1 260 gi|24 5615 5695 447 gi|36 11621 11704
msp 3733 s 375 82.1 -1 267 gi|24 23589 23672 447 gi|36 11620 11705
msp 3751 p 301 85.3 -1 1034 gi|24 35142 35209 447 gi|36 11531 11597
msp 3767 s 296 78.0 -1 272 gi|25 5920 6051 447 gi|36 11562 11687
msp 3895 p 322 91.8 1 1020 gi|27 13811 13859 447 gi|36 11535 11583
msp 3989 s 318 85.0 1 315 gi|28 14269 14328 447 gi|36 11642 11703
msp 4031 s 355 78.8 1 1036 gi|28 34057 34155 447 gi|36 11606 11700
msp 4159 s 391 77.8 -1 1024 gi|33 22199 22279 447 gi|36 11624 11705
msp 4306 s 420 82.7 -1 447 gi|36 11602 11705 1032 gi|57 2355 2461
msp 4308 s 351 78.7 -1 447 gi|36 11612 11705 555 gi|40 37348 37443
msp 4310 s 357 80.8 -1 447 gi|36 11612 11705 1012 gi|41 16463 16557
msp 4312 s 276 82.9 -1 447 gi|36 11622 11697 673 gi|48 35434 35504
msp 4314 s 280 81.5 -1 447 gi|36 11628 11692 792 gi|56 1693 1757
msp 4316 s 371 90.6 -1 447 gi|36 11641 11704 680 gi|49 3892 3956
msp 4318 s 378 82.8 1 447 gi|36 11642 11705 546 gi|40 18929 18993
msp 4365 s 302 98.1 1 426 gi|35 19920 19971 447 gi|36 11535 11580
msp 4399 p 411 81.6 -1 434 gi|35 29623 29758 447 gi|36 11531 11664
edge 1244 s 0 0 267 447
edge 1258 s 0 0 272 447
edge 1314 s 0 0 792 447
edge 1870 s 0 0 426 447
edge 2012 s 0 0 260 447
edge 2029 s 0 0 315 447
edge 2058 s 0 0 447 173
edge 2061 p -1 81 447 434
edge 2062 s 0 0 447 546
edge 2063 s 0 0 447 555
edge 2064 s 0 0 447 673
edge 2065 s 0 0 447 680
edge 2099 s 0 0 1011 447
edge 2120 s 0 0 1012 447
edge 2174 p 1 91 1020 447
edge 2206 s 0 0 1023 447
edge 2230 s 0 0 1024 447
edge 2299 s 0 0 1032 447
edge 2311 p -1 85 1034 447
edge 2318 s 0 0 1036 447
pcp 11664 434
pcp 11597 1034
pcp 11583 1020
pcp 11535 1020
pcp 11531 434
pcp 11531 1034
