frag gi|36 32028 32607
img_no 9
edge_no 9
msp 1875 s 274 72.4 1 954 gi|10 15451 15986 453 gi|36 32042 32569
msp 2265 s 268 78.4 -1 74 gi|12 32576 32663 453 gi|36 32126 32213
msp 2905 s 416 76.7 1 143 gi|18 7391 7737 453 gi|36 32229 32560
msp 3413 s 424 76.9 -1 227 gi|22 17431 17720 453 gi|36 32305 32594
msp 4324 s 311 76.2 -1 453 gi|36 32028 32229 488 gi|38 23751 23961
msp 4326 s 317 74.8 -1 453 gi|36 32201 32569 692 gi|49 35661 36025
msp 4328 s 446 73.1 -1 453 gi|36 32255 32607 577 gi|42 27001 27368
msp 4330 s 362 71.6 -1 453 gi|36 32295 32565 728 gi|50 28758 29011
msp 4332 s 285 83.0 1 453 gi|36 32454 32500 662 gi|47 36067 36113
edge 1027 s 0 0 227 453
edge 1054 s 0 0 692 453
edge 1062 s 0 0 728 453
edge 1074 s 0 0 453 74
edge 1075 s 0 0 453 143
edge 1076 s 0 0 453 488
edge 1077 s 0 0 453 577
edge 1078 s 0 0 453 662
edge 1136 s 0 0 954 453
