frag gi|37 3354 3549
img_no 20
edge_no 20
msp 355 s 404 80.8 1 180 gi|2 16588 16691 460 gi|37 3378 3481
msp 1765 p 257 77.7 1 1023 gi|7 23430 23574 460 gi|37 3354 3495
msp 3513 s 294 80.3 1 240 gi|23 11437 11507 460 gi|37 3411 3488
msp 3663 s 358 75.4 -1 260 gi|24 5578 5691 460 gi|37 3412 3529
msp 3737 s 383 80.8 -1 267 gi|24 23594 23666 460 gi|37 3420 3493
msp 3757 s 516 82.5 -1 272 gi|25 5896 6021 460 gi|37 3378 3516
msp 3787 s 253 75.6 1 275 gi|25 20352 20474 460 gi|37 3377 3502
msp 4033 s 306 77.1 1 1036 gi|28 34073 34155 460 gi|37 3407 3492
msp 4163 s 274 78.0 -1 1024 gi|33 22204 22285 460 gi|37 3403 3493
msp 4200 s 424 78.1 1 460 gi|37 3375 3479 846 gi|58 37244 37349
msp 4202 s 285 82.2 -1 460 gi|37 3384 3512 1012 gi|41 16440 16563
msp 4204 s 274 81.4 -1 460 gi|37 3389 3549 826 gi|57 38445 38592
msp 4206 s 262 78.0 -1 460 gi|37 3409 3499 672 gi|48 32566 32651
msp 4208 s 268 77.1 1 460 gi|37 3410 3479 1019 gi|47 18361 18427
msp 4210 s 292 79.8 -1 460 gi|37 3412 3490 1032 gi|57 2361 2438
msp 4212 s 276 79.2 1 460 gi|37 3414 3490 546 gi|40 18914 18987
msp 4214 s 265 72.2 -1 460 gi|37 3420 3498 555 gi|40 37345 37427
msp 4216 s 297 85.5 1 460 gi|37 3422 3476 771 gi|54 14553 14612
msp 4218 s 274 71.4 -1 460 gi|37 3434 3531 680 gi|49 3856 3955
msp 4220 s 303 75.0 -1 460 gi|37 3434 3489 792 gi|56 1689 1744
edge 1215 s 0 0 180 460
edge 1230 s 0 0 240 460
edge 1245 s 0 0 267 460
edge 1259 s 0 0 272 460
edge 1266 s 0 0 460 260
edge 1267 s 0 0 460 275
edge 1270 s 0 0 460 546
edge 1271 s 0 0 460 555
edge 1274 s 0 0 460 672
edge 1275 s 0 0 460 680
edge 1276 s 0 0 460 771
edge 1277 s 0 0 460 792
edge 1279 s 0 0 460 826
edge 1280 s 0 0 460 846
edge 2121 s 0 0 1012 460
edge 2168 s 0 0 1019 460
edge 2207 p 1 77 1023 460
edge 2231 s 0 0 1024 460
edge 2300 s 0 0 1032 460
edge 2319 s 0 0 1036 460
pcp 3495 1023
pcp 3354 1023
