frag gi|4 19562 19943
img_no 14
edge_no 11
msp 188 s 255 71.6 1 527 gi|4 19562 19716 427 gi|35 21075 21228
msp 190 s 253 78.7 1 527 gi|4 19571 19725 716 gi|5 35970 36136
msp 192 p 442 76.9 -1 527 gi|4 19606 19839 126 gi|17 12250 12476
msp 194 p 363 80.5 -1 527 gi|4 19612 19724 226 gi|22 17070 17201
msp 196 p 385 78.5 -1 527 gi|4 19649 19839 125 gi|17 12134 12323
msp 198 s 372 76.7 1 527 gi|4 19699 19844 209 gi|21 20352 20492
msp 200 p 366 78.0 -1 527 gi|4 19712 19943 666 gi|48 8773 9009
msp 202 s 292 82.8 -1 527 gi|4 19724 19839 126 gi|17 12366 12474
msp 204 s 265 77.9 -1 527 gi|4 19751 19845 226 gi|22 17070 17159
msp 206 s 263 84.8 1 527 gi|4 19765 19843 365 gi|30 5759 5835
msp 208 s 762 93.9 1 527 gi|4 19770 19884 716 gi|5 36060 36170
msp 210 p 345 78.8 -1 527 gi|4 19774 19943 683 gi|49 15240 15429
msp 212 p 295 80.3 -1 527 gi|4 19779 19853 982 gi|15 4008 4083
msp 214 s 312 82.1 1 527 gi|4 19782 19837 651 gi|47 1913 1968
edge 1678 s 0 0 365 527
edge 1700 s 0 0 209 527
edge 1716 p -1 78 527 125
edge 1717 p -1 76 527 126
edge 1718 p -1 80 527 226
edge 1719 s 0 0 527 427
edge 1720 s 0 0 527 651
edge 1721 p -1 78 527 666
edge 1722 p -1 78 527 683
edge 1723 s 0 0 527 716
edge 1731 p -1 80 982 527
pcp 19606 126
pcp 19612 226
pcp 19649 125
pcp 19712 666
pcp 19724 226
pcp 19774 683
pcp 19779 982
pcp 19839 126
pcp 19839 125
pcp 19853 982
pcp 19943 666
pcp 19943 683
