frag gi|4 21220 21518
img_no 6
edge_no 3
msp 216 p 517 88.2 -1 529 gi|4 21219 21387 815 gi|57 8490 8652
msp 218 p 374 82.9 1 529 gi|4 21221 21372 909 gi|7 38579 38720
msp 220 s 451 85.0 1 529 gi|4 21228 21380 815 gi|57 8509 8649
msp 222 s 339 80.8 -1 529 gi|4 21233 21373 909 gi|7 38592 38722
msp 224 p 327 80.3 1 529 gi|4 21235 21518 827 gi|57 38647 38931
msp 226 s 316 80.0 -1 529 gi|4 21235 21374 827 gi|57 38645 38774
edge 2886 p -1 88 529 815
edge 2887 p 1 80 529 827
edge 2888 p 1 82 529 909
pcp 21219 815
pcp 21221 909
pcp 21235 827
pcp 21372 909
pcp 21387 815
pcp 21518 827
