frag gi|4 37082 37293
img_no 5
edge_no 5
msp 292 s 288 83.6 1 537 gi|4 37082 37197 650 gi|46 39254 39370
msp 294 p 255 77.9 1 537 gi|4 37158 37293 138 gi|17 36815 36937
msp 296 s 265 89.5 1 537 gi|4 37162 37199 557 gi|41 1911 1948
msp 298 s 255 91.2 -1 537 gi|4 37165 37198 312 gi|27 39634 39667
msp 300 s 259 80.0 1 537 gi|4 37167 37226 633 gi|45 32171 32228
edge 503 s 0 0 312 537
edge 750 s 0 0 650 537
edge 1593 s 0 0 557 537
edge 1624 p 1 77 537 138
edge 1625 s 0 0 537 633
pcp 37158 138
pcp 37293 138
