frag gi|40 18881 19045
img_no 16
edge_no 16
msp 1785 s 393 82.5 1 1023 gi|7 23498 23574 546 gi|40 18914 18993
msp 2589 s 284 86.2 1 1011 gi|13 13781 13845 546 gi|40 18917 18988
msp 3687 s 331 84.7 -1 260 gi|24 5616 5687 546 gi|40 18917 18991
msp 3727 s 405 82.9 -1 267 gi|24 23589 23664 546 gi|40 18916 18993
msp 3791 s 423 85.1 1 275 gi|25 20377 20470 546 gi|40 18907 18996
msp 3971 p 535 86.4 1 315 gi|28 14220 14366 546 gi|40 18881 19022
msp 4035 s 397 80.7 1 1036 gi|28 34083 34196 546 gi|40 18915 19033
msp 4157 s 435 91.5 -1 1024 gi|33 22199 22269 546 gi|40 18914 18993
msp 4213 s 276 79.2 1 460 gi|37 3414 3490 546 gi|40 18914 18987
msp 4319 s 378 82.8 1 447 gi|36 11642 11705 546 gi|40 18929 18993
msp 4580 s 359 84.7 -1 546 gi|40 18905 18976 792 gi|56 1697 1767
msp 4582 s 581 90.5 -1 546 gi|40 18913 19007 680 gi|49 3882 3971
msp 4584 s 459 79.5 -1 546 gi|40 18914 19045 1012 gi|41 16406 16539
msp 4586 s 460 89.0 -1 546 gi|40 18914 18995 1032 gi|57 2353 2436
msp 4588 s 337 79.3 -1 546 gi|40 18914 18995 826 gi|57 38490 38568
msp 4590 s 283 85.7 -1 546 gi|40 18917 18989 1028 gi|44 22267 22332
edge 1246 s 0 0 267 546
edge 1270 s 0 0 460 546
edge 1316 s 0 0 792 546
edge 1331 s 0 0 826 546
edge 2013 s 0 0 260 546
edge 2024 s 0 0 275 546
edge 2030 p 1 86 315 546
edge 2062 s 0 0 447 546
edge 2068 s 0 0 546 680
edge 2100 s 0 0 1011 546
edge 2122 s 0 0 1012 546
edge 2208 s 0 0 1023 546
edge 2232 s 0 0 1024 546
edge 2268 s 0 0 1028 546
edge 2301 s 0 0 1032 546
edge 2320 s 0 0 1036 546
pcp 18881 315
pcp 19022 315
