frag gi|40 37259 37495
img_no 23
edge_no 23
msp 1755 p 552 82.3 -1 1023 gi|7 23430 23573 555 gi|40 37350 37496
msp 2573 p 412 82.5 -1 1011 gi|13 13703 13845 555 gi|40 37353 37496
msp 3529 s 277 82.0 -1 240 gi|23 11455 11515 555 gi|40 37344 37412
msp 3665 s 530 83.8 1 260 gi|24 5596 5700 555 gi|40 37328 37436
msp 3719 s 522 79.8 1 267 gi|24 23586 23704 555 gi|40 37345 37466
msp 3759 s 251 79.3 1 272 gi|25 5910 5991 555 gi|40 37349 37432
msp 3783 s 317 84.7 -1 275 gi|25 20327 20470 555 gi|40 37345 37497
msp 3985 s 347 83.3 -1 315 gi|28 14257 14334 555 gi|40 37344 37424
msp 4019 s 512 81.8 -1 1036 gi|28 34012 34160 555 gi|40 37346 37494
msp 4143 p 467 73.9 1 1024 gi|33 22179 22348 555 gi|40 37326 37498
msp 4173 p 394 83.0 1 401 gi|33 26930 27017 555 gi|40 37404 37493
msp 4215 s 265 72.2 -1 460 gi|37 3420 3498 555 gi|40 37345 37427
msp 4309 s 351 78.7 -1 447 gi|36 11612 11705 555 gi|40 37348 37443
msp 4610 p 437 79.8 1 555 gi|40 37259 37481 1032 gi|57 2285 2494
msp 4612 p 95 81.9 -1 555 gi|40 37276 37355 1015 gi|52 22730 22801
msp 4614 s 484 77.0 1 555 gi|40 37333 37497 826 gi|57 38478 38640
msp 4616 s 676 87.6 1 555 gi|40 37342 37496 1012 gi|41 16457 16610
msp 4618 s 361 83.3 1 555 gi|40 37347 37412 680 gi|49 3889 3955
msp 4620 s 286 76.9 1 555 gi|40 37352 37464 1028 gi|44 22267 22373
msp 4622 p 295 86.5 1 555 gi|40 37353 37404 604 gi|44 18809 18859
msp 4624 s 403 74.8 1 555 gi|40 37361 37467 673 gi|48 35436 35549
msp 4626 s 306 85.4 1 555 gi|40 37365 37412 792 gi|56 1697 1744
msp 5202 p 181 81.9 -1 555 gi|40 37350 37496 1031 gi|52 22589 22727
edge 1232 s 0 0 240 555
edge 1247 s 0 0 267 555
edge 1260 s 0 0 272 555
edge 1271 s 0 0 460 555
edge 1317 s 0 0 792 555
edge 1332 s 0 0 826 555
edge 2014 s 0 0 260 555
edge 2025 s 0 0 275 555
edge 2031 s 0 0 315 555
edge 2063 s 0 0 447 555
edge 2070 p 1 83 555 401
edge 2071 p 1 86 555 604
edge 2073 s 0 0 555 673
edge 2074 s 0 0 555 680
edge 2101 p -1 82 1011 555
edge 2123 s 0 0 1012 555
edge 2135 p -1 81 1015 555
edge 2210 p -1 82 1023 555
edge 2233 p 1 73 1024 555
edge 2269 s 0 0 1028 555
edge 2282 p -1 81 1031 555
edge 2302 p 1 79 1032 555
edge 2321 s 0 0 1036 555
pcp 37259 1032
pcp 37276 1015
pcp 37326 1024
pcp 37350 1031
pcp 37350 1023
pcp 37353 1011
pcp 37353 604
pcp 37355 1015
pcp 37404 401
pcp 37404 604
pcp 37481 1032
pcp 37493 401
pcp 37496 1031
pcp 37496 1011
pcp 37496 1023
pcp 37498 1024
