frag gi|41 16320 16642
img_no 25
edge_no 25
msp 341 s 282 84.4 -1 180 gi|2 16550 16690 560 gi|41 16478 16601
msp 1537 s 363 79.6 1 870 gi|6 21360 21501 560 gi|41 16466 16610
msp 1753 s 778 87.1 -1 899 gi|7 23427 23573 560 gi|41 16465 16613
msp 2577 s 406 80.8 -1 85 gi|13 13705 13845 560 gi|41 16468 16610
msp 3435 p 311 72.9 1 231 gi|22 30195 30301 560 gi|41 16493 16599
msp 3525 s 268 79.2 -1 240 gi|23 11454 11501 560 gi|41 16478 16525
msp 3667 s 472 83.8 1 260 gi|24 5598 5696 560 gi|41 16444 16546
msp 3725 s 575 90.2 1 267 gi|24 23588 23710 560 gi|41 16462 16585
msp 3761 s 298 83.8 1 272 gi|25 5913 5992 560 gi|41 16466 16548
msp 3781 p 506 81.2 -1 275 gi|25 20327 20518 560 gi|41 16421 16611
msp 3979 s 416 82.9 -1 315 gi|28 14254 14329 560 gi|41 16464 16539
msp 4023 s 803 85.1 -1 326 gi|28 34010 34157 560 gi|41 16464 16611
msp 4147 s 662 80.9 1 397 gi|33 22186 22347 560 gi|41 16448 16610
msp 4203 s 285 82.2 -1 460 gi|37 3384 3512 560 gi|41 16440 16563
msp 4311 s 357 80.8 -1 447 gi|36 11612 11705 560 gi|41 16463 16557
msp 4585 s 459 79.5 -1 546 gi|40 18914 19045 560 gi|41 16406 16539
msp 4617 s 703 87.6 1 555 gi|40 37342 37502 560 gi|41 16457 16616
msp 4644 s 365 77.7 1 560 gi|41 16320 16525 792 gi|56 1530 1745
msp 4646 s 542 81.0 1 560 gi|41 16424 16597 810 gi|57 2317 2499
msp 4648 s 411 82.5 1 560 gi|41 16460 16539 680 gi|49 3887 3970
msp 4650 s 614 76.7 1 560 gi|41 16463 16612 826 gi|57 38492 38641
msp 4652 s 345 77.8 1 560 gi|41 16463 16642 605 gi|44 22263 22453
msp 4654 s 405 82.2 -1 560 gi|41 16465 16610 746 gi|52 22591 22729
msp 4656 p 252 74.5 1 560 gi|41 16465 16515 604 gi|44 18808 18858
msp 4658 s 384 78.0 1 560 gi|41 16477 16576 673 gi|48 35440 35545
edge 1217 s 0 0 180 560
edge 1233 s 0 0 240 560
edge 1248 s 0 0 267 560
edge 1261 s 0 0 272 560
edge 1272 s 0 0 460 560
edge 1284 s 0 0 560 85
edge 1285 p 1 72 560 231
edge 1286 s 0 0 560 260
edge 1287 p -1 81 560 275
edge 1288 s 0 0 560 315
edge 1289 s 0 0 560 326
edge 1290 s 0 0 560 397
edge 1291 s 0 0 560 447
edge 1292 s 0 0 560 546
edge 1293 s 0 0 560 555
edge 1294 p 1 74 560 604
edge 1295 s 0 0 560 605
edge 1296 s 0 0 560 673
edge 1297 s 0 0 560 680
edge 1298 s 0 0 560 746
edge 1299 s 0 0 560 792
edge 1300 s 0 0 560 810
edge 1301 s 0 0 560 826
edge 1302 s 0 0 560 870
edge 1303 s 0 0 560 899
pcp 16421 275
pcp 16465 604
pcp 16493 231
pcp 16515 604
pcp 16599 231
pcp 16611 275
