frag gi|42 26973 27661
img_no 14
edge_no 14
msp 1885 s 324 76.7 -1 954 gi|10 15751 15926 577 gi|42 27094 27274
msp 2413 p 563 73.9 -1 943 gi|9 20091 20385 577 gi|42 27044 27341
msp 2909 s 345 79.0 -1 143 gi|18 7441 7711 577 gi|42 27074 27338
msp 3421 s 349 60.9 1 227 gi|22 17501 18088 577 gi|42 27080 27661
msp 3497 s 304 77.2 -1 235 gi|22 37140 37319 577 gi|42 27097 27279
msp 3651 s 312 81.4 1 257 gi|23 39775 39844 577 gi|42 27077 27146
msp 3873 s 276 75.3 1 299 gi|27 296 518 577 gi|42 27039 27260
msp 3899 p 253 83.3 1 304 gi|27 23201 23326 577 gi|42 27543 27661
msp 4329 s 446 73.1 -1 453 gi|36 32255 32607 577 gi|42 27001 27368
msp 4736 s 338 77.2 1 577 gi|42 26973 27213 728 gi|50 28692 28934
msp 4738 s 300 76.5 -1 577 gi|42 26993 27124 589 gi|43 23790 23912
msp 4740 s 307 65.8 1 577 gi|42 27010 27655 825 gi|57 35397 36054
msp 4742 s 277 80.6 -1 577 gi|42 27070 27167 588 gi|43 22571 22668
msp 4744 s 287 78.0 -1 577 gi|42 27097 27650 658 gi|47 19458 20043
edge 1028 s 0 0 227 577
edge 1035 s 0 0 235 577
edge 1047 s 0 0 658 577
edge 1063 s 0 0 728 577
edge 1077 s 0 0 453 577
edge 1083 s 0 0 577 143
edge 1084 s 0 0 577 257
edge 1085 s 0 0 577 299
edge 1086 p 1 83 577 304
edge 1087 s 0 0 577 588
edge 1088 s 0 0 577 589
edge 1089 s 0 0 577 825
edge 1090 p -1 73 577 943
edge 1138 s 0 0 954 577
pcp 27661 304
pcp 27543 304
pcp 27341 943
pcp 27044 943
