frag gi|43 11762 12037
img_no 48
edge_no 42
msp 33 s 349 85.3 1 520 gi|4 2499 2566 583 gi|43 11790 11857
msp 135 s 302 84.9 1 523 gi|4 15238 15323 583 gi|43 11763 11844
msp 285 s 262 89.4 -1 534 gi|4 32854 32900 583 gi|43 11796 11842
msp 433 s 294 90.0 1 184 gi|2 21064 21113 583 gi|43 11796 11846
msp 607 p 312 82.2 -1 19 gi|1 27091 27270 583 gi|43 11778 11972
msp 689 s 294 89.4 1 19 gi|1 27265 27311 583 gi|43 11797 11843
msp 873 s 347 81.9 1 341 gi|3 14402 14495 583 gi|43 11762 11847
msp 1055 s 287 82.2 -1 918 gi|8 8062 8303 583 gi|43 11799 12033
msp 1337 s 444 91.3 1 703 gi|5 13316 13419 583 gi|43 11767 11876
msp 1935 s 251 90.6 -1 37 gi|10 22906 22958 583 gi|43 11795 11842
msp 2209 s 303 79.3 -1 72 gi|12 32003 32113 583 gi|43 11795 11900
msp 2299 p 254 80.6 1 49 gi|11 13934 14062 583 gi|43 11822 11941
msp 2337 s 287 93.8 1 54 gi|11 33411 33474 583 gi|43 11788 11842
msp 2725 s 320 90.2 -1 121 gi|17 3043 3103 583 gi|43 11782 11843
msp 2893 s 275 94.4 1 140 gi|18 3758 3828 583 gi|43 11796 11860
msp 3001 s 310 91.7 -1 155 gi|18 36035 36082 583 gi|43 11795 11843
msp 3063 s 305 90.0 -1 158 gi|19 686 735 583 gi|43 11799 11850
msp 3165 s 267 85.7 -1 199 gi|21 1632 1680 583 gi|43 11795 11844
msp 3277 s 282 81.1 -1 216 gi|21 33107 33159 583 gi|43 11795 11848
msp 3309 s 309 94.8 1 216 gi|21 33178 33235 583 gi|43 11782 11845
msp 3455 s 387 86.4 -1 234 gi|22 34672 34730 583 gi|43 11793 11852
msp 3573 s 412 96.6 -1 248 gi|23 21300 21358 583 gi|43 11795 11851
msp 3629 s 389 100.0 -1 252 gi|23 28124 28170 583 gi|43 11799 11844
msp 3915 s 305 92.1 -1 312 gi|27 39532 39594 583 gi|43 11794 11855
msp 3967 s 332 93.3 1 312 gi|27 39612 39656 583 gi|43 11799 11843
msp 4275 s 388 94.2 1 446 gi|36 9569 9637 583 gi|43 11778 11849
msp 4535 s 264 87.8 1 506 gi|39 15122 15170 583 gi|43 11797 11843
msp 4667 s 292 90.8 -1 568 gi|42 7950 8014 583 gi|43 11795 11857
msp 4695 s 266 96.9 -1 569 gi|42 9528 9559 583 gi|43 11818 11849
msp 4705 s 267 80.0 1 569 gi|42 9569 9623 583 gi|43 11795 11850
msp 4749 p 297 77.1 -1 579 gi|42 37279 37518 583 gi|43 11799 12037
msp 4832 s 379 85.5 1 583 gi|43 11793 11930 777 gi|54 34623 34761
msp 4834 s 319 92.0 -1 583 gi|43 11793 11842 776 gi|54 32226 32275
msp 4836 s 338 96.2 -1 583 gi|43 11793 11844 650 gi|46 39348 39401
msp 4838 s 360 95.9 1 583 gi|43 11795 11843 691 gi|49 31675 31722
msp 4840 s 400 93.7 1 583 gi|43 11795 11857 854 gi|59 13104 13165
msp 4842 s 260 89.8 1 583 gi|43 11795 11843 650 gi|46 39413 39465
msp 4844 s 273 94.2 1 583 gi|43 11795 11846 738 gi|51 19332 19386
msp 4846 s 297 90.9 1 583 gi|43 11796 11839 693 gi|49 36474 36520
msp 4848 s 288 89.8 -1 583 gi|43 11796 11844 732 gi|50 39632 39679
msp 4850 s 261 90.9 1 583 gi|43 11796 11850 637 gi|45 39720 39771
msp 4852 s 253 86.7 1 583 gi|43 11798 11842 776 gi|54 32202 32246
msp 4854 s 362 93.8 -1 583 gi|43 11799 11846 681 gi|49 5770 5818
msp 4856 s 411 85.5 -1 583 gi|43 11799 11867 723 gi|50 20043 20112
msp 4858 s 308 87.2 -1 583 gi|43 11799 11845 804 gi|56 31987 32034
msp 4860 p 192 86.0 1 583 gi|43 11818 11859 980 gi|46 28705 28752
msp 4862 s 251 89.1 1 583 gi|43 11804 11849 733 gi|51 26 67
msp 4864 p 257 79.8 1 583 gi|43 11811 11988 859 gi|59 18910 19084
edge 33 s 0 0 37 583
edge 235 p -1 82 19 583
edge 267 s 0 0 72 583
edge 301 s 0 0 121 583
edge 334 s 0 0 155 583
edge 373 s 0 0 199 583
edge 399 s 0 0 216 583
edge 442 s 0 0 248 583
edge 474 s 0 0 252 583
edge 506 s 0 0 312 583
edge 549 s 0 0 341 583
edge 587 s 0 0 446 583
edge 613 s 0 0 520 583
edge 639 s 0 0 523 583
edge 660 s 0 0 568 583
edge 679 s 0 0 569 583
edge 695 p 1 80 583 49
edge 696 s 0 0 583 54
edge 697 s 0 0 583 140
edge 698 s 0 0 583 158
edge 699 s 0 0 583 184
edge 700 s 0 0 583 234
edge 701 s 0 0 583 506
edge 702 s 0 0 583 534
edge 703 p -1 76 583 579
edge 704 s 0 0 583 637
edge 706 s 0 0 583 650
edge 707 s 0 0 583 681
edge 708 s 0 0 583 691
edge 709 s 0 0 583 693
edge 710 s 0 0 583 703
edge 711 s 0 0 583 723
edge 712 s 0 0 583 732
edge 713 s 0 0 583 733
edge 714 s 0 0 583 738
edge 715 s 0 0 583 776
edge 716 s 0 0 583 777
edge 717 s 0 0 583 804
edge 718 s 0 0 583 854
edge 719 p 1 79 583 859
edge 720 s 0 0 583 918
edge 1634 p 1 86 980 583
pcp 11778 19
pcp 11799 579
pcp 11811 859
pcp 11818 980
pcp 11822 49
pcp 11859 980
pcp 11941 49
pcp 11972 19
pcp 11988 859
pcp 12037 579
