frag gi|43 15521 15997
img_no 71
edge_no 42
msp 3 s 298 88.1 1 518 gi|4 1494 1560 586 gi|43 15815 15876
msp 21 s 285 79.9 1 520 gi|4 2201 2559 586 gi|43 15521 15882
msp 63 s 276 84.3 -1 520 gi|4 2504 2554 586 gi|43 15887 15937
msp 693 s 347 91.8 -1 19 gi|1 27266 27314 586 gi|43 15887 15935
msp 819 s 276 83.3 1 339 gi|3 11267 11326 586 gi|43 15819 15876
msp 847 s 272 86.8 -1 339 gi|3 11277 11329 586 gi|43 15886 15936
msp 877 s 278 85.9 -1 341 gi|3 14418 14495 586 gi|43 15885 15959
msp 937 s 337 87.8 1 341 gi|3 14445 14493 586 gi|43 15829 15877
msp 997 p 254 90.2 1 349 gi|3 38608 38658 586 gi|43 15885 15936
msp 1071 s 278 82.5 1 918 gi|8 8250 8306 586 gi|43 15880 15937
msp 1087 s 343 83.3 -1 918 gi|8 8257 8322 586 gi|43 15809 15877
msp 1371 s 323 89.6 -1 703 gi|5 13340 13387 586 gi|43 15890 15937
msp 1373 s 286 83.7 1 703 gi|5 13340 13388 586 gi|43 15828 15876
msp 1567 s 420 84.1 -1 872 gi|6 24905 25011 586 gi|43 15800 15911
msp 1591 s 322 84.6 1 872 gi|6 24931 24982 586 gi|43 15887 15938
msp 1955 s 300 88.7 1 37 gi|10 22970 23022 586 gi|43 15820 15874
msp 1993 s 257 84.4 -1 39 gi|10 30462 30506 586 gi|43 15831 15876
msp 2009 s 267 89.1 -1 39 gi|10 30533 30587 586 gi|43 15891 15950
msp 2211 s 417 86.4 1 72 gi|12 32006 32130 586 gi|43 15823 15954
msp 2215 s 358 80.8 -1 72 gi|12 32014 32112 586 gi|43 15829 15937
msp 2683 s 366 89.7 -1 121 gi|17 3022 3089 586 gi|43 15829 15895
msp 2727 s 273 91.5 1 121 gi|17 3043 3089 586 gi|43 15890 15936
msp 2809 s 260 85.5 -1 129 gi|17 20908 20969 586 gi|43 15889 15950
msp 2823 s 252 83.9 1 129 gi|17 20920 20975 586 gi|43 15828 15882
msp 2871 s 321 87.5 -1 140 gi|18 3732 3811 586 gi|43 15885 15965
msp 3003 s 302 91.5 1 155 gi|18 36035 36081 586 gi|43 15890 15936
msp 3005 s 285 89.4 -1 155 gi|18 36035 36081 586 gi|43 15829 15875
msp 3055 s 377 81.5 1 158 gi|19 681 745 586 gi|43 15880 15944
msp 3121 s 280 86.7 -1 167 gi|19 31818 31877 586 gi|43 15824 15880
msp 3167 s 250 81.2 -1 199 gi|21 1632 1679 586 gi|43 15829 15876
msp 3281 s 253 86.3 1 216 gi|21 33108 33158 586 gi|43 15886 15936
msp 3289 s 346 79.4 -1 216 gi|21 33111 33173 586 gi|43 15814 15876
msp 3313 s 318 89.8 1 216 gi|21 33187 33235 586 gi|43 15827 15877
msp 3323 s 265 91.3 -1 216 gi|21 33188 33233 586 gi|43 15890 15937
msp 3391 s 278 87.3 -1 223 gi|22 3188 3242 586 gi|43 15829 15882
msp 3461 s 290 86.0 1 234 gi|22 34677 34726 586 gi|43 15886 15936
msp 3479 s 297 91.5 -1 234 gi|22 34680 34726 586 gi|43 15829 15876
msp 3569 s 351 86.1 1 248 gi|23 21297 21368 586 gi|43 15879 15947
msp 3599 s 350 86.8 1 252 gi|23 28106 28173 586 gi|43 15873 15937
msp 3631 s 320 90.0 -1 252 gi|23 28124 28173 586 gi|43 15828 15876
msp 3877 s 336 86.4 1 300 gi|27 10129 10231 586 gi|43 15853 15942
msp 3889 s 290 91.8 -1 300 gi|27 10174 10234 586 gi|43 15818 15876
msp 3923 s 262 88.9 1 312 gi|27 39539 39592 586 gi|43 15885 15936
msp 3935 s 252 84.9 -1 312 gi|27 39543 39595 586 gi|43 15826 15876
msp 3953 s 274 94.5 1 312 gi|27 39608 39662 586 gi|43 15827 15880
msp 3959 s 342 90.2 -1 312 gi|27 39609 39659 586 gi|43 15887 15937
msp 4269 s 303 86.3 1 446 gi|36 9538 9632 586 gi|43 15777 15875
msp 4287 s 380 89.5 -1 446 gi|36 9585 9641 586 gi|43 15881 15937
msp 4527 s 253 84.2 -1 506 gi|39 15114 15170 586 gi|43 15890 15946
msp 4671 s 260 86.0 1 568 gi|42 7959 8015 586 gi|43 15885 15938
msp 4683 s 251 96.0 -1 568 gi|42 7964 8013 586 gi|43 15829 15876
msp 4701 s 295 85.9 -1 569 gi|42 9561 9631 586 gi|43 15876 15946
msp 4717 s 334 91.5 1 569 gi|42 9570 9616 586 gi|43 15829 15875
msp 4757 s 324 89.6 -1 579 gi|42 37471 37518 586 gi|43 15831 15877
msp 4868 s 330 89.7 -1 586 gi|43 15821 15878 650 gi|46 39346 39409
msp 4870 s 347 85.2 1 586 gi|43 15823 15876 777 gi|54 34620 34673
msp 4872 s 269 83.7 -1 586 gi|43 15828 15876 723 gi|50 20066 20115
msp 4874 s 260 87.3 -1 586 gi|43 15828 15898 732 gi|50 39613 39680
msp 4876 s 318 85.5 -1 586 gi|43 15828 15882 804 gi|56 31982 32037
msp 4878 s 286 95.7 1 586 gi|43 15829 15875 691 gi|49 31676 31722
msp 4880 s 254 79.6 1 586 gi|43 15829 15877 854 gi|59 13105 13153
msp 4882 s 299 89.8 -1 586 gi|43 15829 15877 750 gi|52 29293 29344
msp 4884 s 259 86.5 -1 586 gi|43 15866 15939 637 gi|45 39717 39789
msp 4886 s 300 79.8 1 586 gi|43 15873 15976 681 gi|49 5752 5852
msp 4888 s 299 92.0 -1 586 gi|43 15887 15936 650 gi|46 39414 39468
msp 4890 s 311 88.0 -1 586 gi|43 15888 15937 777 gi|54 34625 34674
msp 4892 s 281 79.8 -1 586 gi|43 15889 15997 776 gi|54 32133 32248
msp 4894 s 257 85.7 1 586 gi|43 15889 15937 804 gi|56 31988 32037
msp 4896 s 419 93.0 -1 586 gi|43 15890 15946 691 gi|49 31666 31722
msp 4898 s 263 83.7 -1 586 gi|43 15890 15938 854 gi|59 13103 13151
msp 4900 s 317 89.6 1 586 gi|43 15891 15938 732 gi|50 39634 39681
edge 34 s 0 0 37 586
edge 236 s 0 0 19 586
edge 268 s 0 0 72 586
edge 302 s 0 0 121 586
edge 335 s 0 0 155 586
edge 356 s 0 0 167 586
edge 374 s 0 0 199 586
edge 400 s 0 0 216 586
edge 422 s 0 0 223 586
edge 443 s 0 0 248 586
edge 475 s 0 0 252 586
edge 507 s 0 0 312 586
edge 529 s 0 0 339 586
edge 550 s 0 0 341 586
edge 588 s 0 0 446 586
edge 614 s 0 0 520 586
edge 661 s 0 0 568 586
edge 680 s 0 0 569 586
edge 721 s 0 0 586 39
edge 722 s 0 0 586 129
edge 723 s 0 0 586 140
edge 724 s 0 0 586 158
edge 725 s 0 0 586 234
edge 726 s 0 0 586 300
edge 727 p 1 90 586 349
edge 728 s 0 0 586 506
edge 729 s 0 0 586 518
edge 730 s 0 0 586 579
edge 731 s 0 0 586 637
edge 732 s 0 0 586 650
edge 733 s 0 0 586 681
edge 734 s 0 0 586 691
edge 735 s 0 0 586 703
edge 736 s 0 0 586 723
edge 737 s 0 0 586 732
edge 738 s 0 0 586 750
edge 739 s 0 0 586 776
edge 740 s 0 0 586 777
edge 741 s 0 0 586 804
edge 742 s 0 0 586 854
edge 743 s 0 0 586 872
edge 744 s 0 0 586 918
pcp 15885 349
pcp 15936 349
