frag gi|43 23531 23925
img_no 6
flimg_no 1
edge_no 6
msp 601 s 276 68.8 -1 18 gi|1 25729 25917 589 gi|43 23618 23809
msp 2975 s 465 77.2 1 153 gi|18 32531 32841 589 gi|43 23608 23931
msp 2985 p 316 78.3 1 154 gi|18 33303 33699 589 gi|43 23531 23924
msp 3649 p 292 73.0 -1 257 gi|23 39733 39884 589 gi|43 23716 23879
msp 3897 p 284 77.6 -1 303 gi|27 22625 22896 589 gi|43 23637 23926
msp 4739 s 300 76.5 -1 577 gi|42 26993 27124 589 gi|43 23790 23912
edge 1068 p 1 78 154 589
edge 1088 s 0 0 577 589
edge 1114 s 0 0 153 589
edge 1371 s 0 0 18 589
edge 1372 p -1 73 589 257
edge 1373 p -1 77 589 303
pcp 23926 303
pcp 23924 154
pcp 23879 257
pcp 23716 257
pcp 23637 303
pcp 23531 154
