frag gi|44 22222 22459
img_no 15
edge_no 3
msp 1531 s 807 83.4 1 870 gi|6 21359 21509 605 gi|44 22266 22415
msp 1769 s 286 76.5 -1 899 gi|7 23451 23569 605 gi|44 22269 22383
msp 2567 s 970 91.2 -1 85 gi|13 13700 13847 605 gi|44 22265 22412
msp 3693 s 368 83.8 1 260 gi|24 5619 5748 605 gi|44 22269 22385
msp 3735 s 286 76.0 1 267 gi|24 23589 23709 605 gi|44 22263 22380
msp 3987 s 252 82.9 -1 315 gi|28 14257 14332 605 gi|44 22260 22332
msp 4021 s 423 81.4 -1 326 gi|28 34003 34163 605 gi|44 22260 22415
msp 4153 s 280 76.5 1 397 gi|33 22199 22347 605 gi|44 22263 22407
msp 4591 s 301 85.7 -1 546 gi|40 18917 18993 605 gi|44 22263 22332
msp 4621 s 298 76.9 1 555 gi|40 37348 37464 605 gi|44 22263 22373
msp 4653 s 345 77.8 1 560 gi|41 16463 16642 605 gi|44 22263 22453
msp 4798 s 257 69.8 1 605 gi|44 22222 22340 673 gi|48 35384 35515
msp 4800 s 354 83.5 1 605 gi|44 22259 22373 810 gi|57 2351 2474
msp 4802 s 285 83.1 1 605 gi|44 22266 22330 680 gi|49 3896 3965
msp 4804 s 796 83.2 -1 605 gi|44 22269 22459 746 gi|52 22541 22726
edge 1249 s 0 0 267 605
edge 1295 s 0 0 560 605
edge 1355 s 0 0 899 605
