frag gi|44 22401 22591
img_no 16
edge_no 16
msp 129 s 486 81.0 1 523 gi|4 15193 15334 606 gi|44 22401 22542
msp 237 s 264 81.5 -1 531 gi|4 23918 24036 606 gi|44 22414 22530
msp 261 s 352 89.1 -1 534 gi|4 32845 32908 606 gi|44 22474 22539
msp 411 s 263 89.1 1 184 gi|2 21063 21108 606 gi|44 22481 22529
msp 1411 s 253 93.5 1 703 gi|5 13341 13386 606 gi|44 22484 22531
msp 2015 s 285 88.3 1 39 gi|10 30535 30594 606 gi|44 22476 22538
msp 2271 s 250 92.7 -1 75 gi|12 33029 33069 606 gi|44 22486 22529
msp 2357 s 285 91.5 1 54 gi|11 33432 33478 606 gi|44 22486 22535
msp 2481 p 341 84.9 1 950 gi|9 38623 38741 606 gi|44 22471 22591
msp 2541 s 369 96.2 1 80 gi|13 4605 4656 606 gi|44 22480 22533
msp 3841 s 354 96.3 1 288 gi|26 21298 21351 606 gi|44 22479 22533
msp 4451 s 318 93.9 1 482 gi|38 7564 7612 606 gi|44 22481 22529
msp 4806 s 443 89.2 1 606 gi|44 22437 22529 793 gi|56 1917 2003
msp 4808 s 332 88.3 1 606 gi|44 22457 22533 881 gi|60 10493 10564
msp 4810 s 415 100.0 1 606 gi|44 22479 22533 693 gi|49 36471 36523
msp 4812 s 268 87.0 1 606 gi|44 22484 22529 738 gi|51 19333 19379
edge 640 s 0 0 523 606
edge 808 s 0 0 703 606
edge 842 s 0 0 738 606
edge 921 s 0 0 39 606
edge 949 s 0 0 184 606
edge 1846 s 0 0 54 606
edge 1853 s 0 0 288 606
edge 1858 s 0 0 606 75
edge 1859 s 0 0 606 80
edge 1860 s 0 0 606 482
edge 1861 s 0 0 606 531
edge 1862 s 0 0 606 534
edge 1863 s 0 0 606 693
edge 1864 s 0 0 606 793
edge 1865 s 0 0 606 881
edge 1866 p 1 84 606 950
pcp 22591 950
pcp 22471 950
