frag gi|44 26711 27426
img_no 8
edge_no 8
msp 339 s 504 77.3 1 180 gi|2 16532 17015 609 gi|44 26737 27228
msp 2477 s 340 80.8 1 949 gi|9 37832 37904 609 gi|44 26766 26838
msp 4193 p 357 77.6 -1 408 gi|33 35408 35791 609 gi|44 26823 27219
msp 4511 p 325 81.2 -1 499 gi|39 6000 6175 609 gi|44 26717 26873
msp 4547 p 480 77.3 -1 514 gi|39 31214 31747 609 gi|44 26895 27426
msp 4814 p 455 82.5 1 609 gi|44 26707 26872 846 gi|58 37171 37336
msp 4816 p 254 81.5 1 609 gi|44 26710 26817 633 gi|45 32177 32296
msp 4818 p 473 79.2 1 609 gi|44 26901 27386 843 gi|58 32663 33145
edge 1218 s 0 0 180 609
edge 1282 p -1 81 499 609
edge 1304 p -1 77 609 408
edge 1305 p -1 77 609 514
edge 1306 p 1 81 609 633
edge 1307 p 1 79 609 843
edge 1308 p 1 82 609 846
edge 1309 s 0 0 609 949
pcp 26707 846
pcp 26710 633
pcp 26717 499
pcp 26817 633
pcp 26823 408
pcp 26872 846
pcp 26873 499
pcp 26895 514
pcp 26901 843
pcp 27219 408
pcp 27386 843
pcp 27426 514
