frag gi|12 11609 11810
img_no 15
edge_no 13
msp 1221 s 324 86.4 -1 933 gi|8 28249 28329 62 gi|12 11720 11791
msp 1291 s 361 85.5 1 701 gi|5 7024 7154 62 gi|12 11691 11819
msp 2096 p 268 80.8 1 62 gi|12 11609 11806 678 gi|49 2058 2268
msp 2098 s 345 82.9 -1 62 gi|12 11673 11795 669 gi|48 21736 21858
msp 2100 s 349 85.6 1 62 gi|12 11686 11796 121 gi|17 3039 3161
msp 2102 s 281 80.2 -1 62 gi|12 11686 11791 952 gi|39 33913 34025
msp 2104 s 348 81.1 1 62 gi|12 11686 11796 879 gi|60 5081 5203
msp 2106 s 287 80.4 1 62 gi|12 11690 11791 669 gi|48 21739 21844
msp 2108 s 346 91.2 -1 62 gi|12 11691 11781 647 gi|46 32520 32618
msp 2110 s 408 86.2 -1 62 gi|12 11691 11799 489 gi|38 24034 24146
msp 2112 s 307 86.1 1 62 gi|12 11691 11791 952 gi|39 33913 34020
msp 2114 s 298 89.4 -1 62 gi|12 11745 11791 433 gi|35 28731 28778
msp 2116 s 279 89.1 -1 62 gi|12 11747 11801 694 gi|49 37726 37779
msp 2395 p 355 80.7 -1 942 gi|9 19630 19784 62 gi|12 11653 11815
msp 2459 s 351 82.6 -1 944 gi|9 22359 22473 62 gi|12 11685 11791
edge 108 s 0 0 489 62
edge 133 s 0 0 647 62
edge 153 s 0 0 669 62
edge 171 s 0 0 701 62
edge 188 s 0 0 879 62
edge 197 s 0 0 933 62
edge 206 s 0 0 944 62
edge 282 s 0 0 121 62
edge 907 s 0 0 433 62
edge 911 p 1 80 678 62
edge 913 s 0 0 694 62
edge 914 p -1 80 942 62
edge 973 s 0 0 952 62
pcp 11609 678
pcp 11653 942
pcp 11806 678
pcp 11815 942
