frag gi|45 23227 23649
img_no 6
edge_no 6
msp 525 s 251 76.6 1 3 gi|1 4105 4416 628 gi|45 23364 23649
msp 1311 p 351 80.1 -1 702 gi|5 8392 8677 628 gi|45 23285 23580
msp 1879 s 420 81.4 -1 954 gi|10 15669 15926 628 gi|45 23359 23610
msp 4766 s 255 76.6 1 628 gi|45 23227 23577 692 gi|49 35601 35930
msp 4768 s 274 81.1 1 628 gi|45 23325 23588 728 gi|50 28778 29020
msp 4905 s 256 76.5 -1 588 gi|43 22448 22694 628 gi|45 23309 23561
edge 1006 s 0 0 3 628
edge 1039 s 0 0 628 588
edge 1040 s 0 0 628 692
edge 1041 p -1 80 628 702
edge 1042 s 0 0 628 728
edge 1140 s 0 0 954 628
pcp 23285 702
pcp 23580 702
