frag gi|12 14359 14475
img_no 10
edge_no 3
msp 549 s 278 81.7 -1 956 gi|1 4789 4870 63 gi|12 14372 14448
msp 555 s 326 82.2 1 956 gi|1 4808 4900 63 gi|12 14372 14461
msp 743 p 363 89.1 1 24 gi|1 38524 38624 63 gi|12 14359 14455
msp 757 s 300 75.8 -1 24 gi|1 38567 38632 63 gi|12 14396 14462
msp 2118 s 210 77.2 -1 63 gi|12 14372 14456 957 gi|42 15044 15127
msp 2120 s 471 81.3 -1 63 gi|12 14372 14460 957 gi|42 14918 15006
msp 2122 s 390 80.0 1 63 gi|12 14372 14456 957 gi|42 14951 15035
msp 2124 s 335 78.1 -1 63 gi|12 14372 14467 957 gi|42 14971 15067
msp 2126 s 305 81.2 1 63 gi|12 14377 14456 957 gi|42 15017 15096
msp 2128 p 323 82.3 1 63 gi|12 14400 14475 957 gi|42 14918 14992
edge 1154 p 1 89 63 24
edge 1162 s 0 0 956 63
edge 1167 p 1 82 957 63
pcp 14359 24
pcp 14400 957
pcp 14455 24
pcp 14475 957
