frag gi|45 32175 32296
img_no 5
flimg_no 2
edge_no 5
msp 301 s 259 80.0 1 537 gi|4 37167 37226 633 gi|45 32171 32228
msp 2297 p 256 89.7 -1 49 gi|11 13920 13958 633 gi|45 32177 32216
msp 3503 p 276 78.9 1 236 gi|23 7483 7605 633 gi|45 32176 32296
msp 3995 p 259 81.2 -1 318 gi|28 21281 21392 633 gi|45 32172 32274
msp 4817 p 254 81.5 1 609 gi|44 26710 26817 633 gi|45 32177 32296
edge 1306 p 1 81 609 633
edge 1625 s 0 0 537 633
edge 1631 p -1 80 318 633
edge 1735 p -1 88 49 633
edge 1736 p 1 78 633 236
pcp 32296 236
pcp 32296 609
pcp 32274 318
pcp 32216 49
pcp 32177 609
pcp 32177 49
pcp 32176 236
pcp 32172 318
