frag gi|46 28690 28767
img_no 7
edge_no 2
msp 2295 s 257 100.0 -1 48 gi|11 8862 8889 644 gi|46 28708 28735
msp 3401 s 328 92.2 -1 224 gi|22 6472 6535 644 gi|46 28703 28767
msp 3999 s 269 91.5 -1 318 gi|28 21351 21397 644 gi|46 28706 28747
msp 4861 s 252 86.0 1 583 gi|43 11803 11859 644 gi|46 28690 28752
msp 5020 s 280 85.5 1 644 gi|46 28706 28767 846 gi|58 37169 37239
msp 5022 s 265 82.7 -1 644 gi|46 28707 28758 654 gi|47 12957 13008
msp 5024 s 271 96.8 1 644 gi|46 28708 28738 733 gi|51 33 63
edge 705 s 0 0 583 644
edge 1340 s 0 0 846 644
