frag gi|46 39181 39508
img_no 55
flimg_no 1
edge_no 36
msp 37 s 287 90.0 -1 520 gi|4 2502 2551 650 gi|46 39349 39401
msp 43 s 255 90.6 1 520 gi|4 2503 2555 650 gi|46 39412 39469
msp 293 s 288 83.6 1 537 gi|4 37082 37197 650 gi|46 39254 39370
msp 635 s 466 85.1 1 19 gi|1 27195 27315 650 gi|46 39344 39469
msp 659 s 368 88.6 -1 19 gi|1 27200 27313 650 gi|46 39347 39465
msp 811 s 260 88.9 -1 339 gi|3 11256 11327 650 gi|46 39347 39419
msp 817 s 253 86.6 1 339 gi|3 11259 11325 650 gi|46 39391 39465
msp 945 s 271 80.0 -1 341 gi|3 14445 14504 650 gi|46 39336 39398
msp 1091 s 318 93.9 1 918 gi|8 8258 8306 650 gi|46 39348 39399
msp 1343 s 340 80.7 -1 703 gi|5 13329 13483 650 gi|46 39260 39408
msp 1387 s 257 89.4 1 703 gi|5 13341 13387 650 gi|46 39414 39465
msp 1577 s 334 88.9 1 872 gi|6 24926 24988 650 gi|46 39339 39409
msp 1597 s 276 88.2 -1 872 gi|6 24931 24981 650 gi|46 39413 39468
msp 1905 s 351 81.9 1 37 gi|10 22797 23022 650 gi|46 39244 39464
msp 1929 s 446 87.2 -1 37 gi|10 22906 23022 650 gi|46 39350 39464
msp 1985 s 306 85.9 1 39 gi|10 30441 30589 650 gi|46 39329 39466
msp 2001 s 258 92.7 -1 39 gi|10 30464 30587 650 gi|46 39350 39464
msp 2241 s 279 86.5 1 72 gi|12 32061 32112 650 gi|46 39344 39398
msp 2705 s 295 82.0 -1 121 gi|17 3042 3158 650 gi|46 39347 39466
msp 2733 s 268 81.2 1 121 gi|17 3043 3159 650 gi|46 39349 39468
msp 2991 s 491 85.2 1 155 gi|18 36022 36149 650 gi|46 39332 39464
msp 2997 s 420 85.3 -1 155 gi|18 36034 36149 650 gi|46 39350 39466
msp 3067 s 250 86.5 1 158 gi|19 686 737 650 gi|46 39344 39398
msp 3287 s 413 91.3 -1 216 gi|21 33109 33234 650 gi|46 39348 39468
msp 3459 s 290 94.5 1 234 gi|22 34676 34730 650 gi|46 39343 39401
msp 3485 s 259 91.3 -1 234 gi|22 34681 34726 650 gi|46 39414 39465
msp 3581 s 255 91.7 -1 248 gi|23 21305 21388 650 gi|46 39385 39468
msp 3585 s 276 93.0 1 248 gi|23 21306 21362 650 gi|46 39348 39403
msp 3619 s 261 88.2 -1 252 gi|23 28122 28172 650 gi|46 39414 39468
msp 3623 s 373 96.1 1 252 gi|23 28123 28173 650 gi|46 39347 39399
msp 3887 s 255 93.0 1 300 gi|27 10173 10229 650 gi|46 39347 39404
msp 3919 s 457 79.5 1 312 gi|27 39538 39659 650 gi|46 39343 39468
msp 3927 s 459 85.6 -1 312 gi|27 39541 39658 650 gi|46 39347 39468
msp 4273 s 316 83.6 -1 446 gi|36 9568 9634 650 gi|46 39347 39416
msp 4303 s 271 88.7 1 446 gi|36 9586 9647 650 gi|46 39414 39479
msp 4533 s 272 84.0 -1 506 gi|39 15121 15170 650 gi|46 39349 39399
msp 4677 s 269 84.3 1 568 gi|42 7963 8013 650 gi|46 39347 39398
msp 4693 s 310 88.8 1 569 gi|42 9514 9620 650 gi|46 39326 39469
msp 4697 s 252 90.6 -1 569 gi|42 9534 9618 650 gi|46 39347 39465
msp 4753 s 256 91.8 1 579 gi|42 37458 37518 650 gi|46 39339 39396
msp 4837 s 338 96.2 -1 583 gi|43 11793 11844 650 gi|46 39348 39401
msp 4843 s 260 89.8 1 583 gi|43 11795 11843 650 gi|46 39413 39465
msp 4869 s 330 89.7 -1 586 gi|43 15821 15878 650 gi|46 39346 39409
msp 4889 s 299 92.0 -1 586 gi|43 15887 15936 650 gi|46 39414 39468
msp 5064 p 348 82.6 1 650 gi|46 39181 39508 691 gi|49 31450 31762
msp 5066 s 371 87.0 -1 650 gi|46 39322 39413 738 gi|51 19321 19418
msp 5068 s 288 79.5 -1 650 gi|46 39340 39466 854 gi|59 13054 13160
msp 5070 s 370 89.3 1 650 gi|46 39341 39415 723 gi|50 20056 20128
msp 5072 s 385 89.2 -1 650 gi|46 39345 39409 777 gi|54 34614 34676
msp 5074 s 269 94.0 -1 650 gi|46 39349 39398 691 gi|49 31676 31722
msp 5076 s 309 92.2 1 650 gi|46 39349 39399 804 gi|56 31989 32037
msp 5078 s 275 88.5 1 650 gi|46 39350 39401 776 gi|54 32226 32275
msp 5080 s 281 92.0 1 650 gi|46 39350 39399 681 gi|49 5775 5821
msp 5082 s 296 80.7 -1 650 gi|46 39356 39490 879 gi|60 5064 5197
msp 5084 s 269 90.6 1 650 gi|46 39401 39464 776 gi|54 32192 32246
edge 36 s 0 0 37 650
edge 190 s 0 0 879 650
edge 237 s 0 0 19 650
edge 269 s 0 0 72 650
edge 303 s 0 0 121 650
edge 336 s 0 0 155 650
edge 401 s 0 0 216 650
edge 445 s 0 0 248 650
edge 476 s 0 0 252 650
edge 509 s 0 0 312 650
edge 531 s 0 0 339 650
edge 551 s 0 0 341 650
edge 591 s 0 0 446 650
edge 615 s 0 0 520 650
edge 663 s 0 0 568 650
edge 681 s 0 0 569 650
edge 706 s 0 0 583 650
edge 732 s 0 0 586 650
edge 745 s 0 0 650 39
edge 746 s 0 0 650 158
edge 747 s 0 0 650 234
edge 748 s 0 0 650 300
edge 749 s 0 0 650 506
edge 750 s 0 0 650 537
edge 751 s 0 0 650 579
edge 752 s 0 0 650 681
edge 753 p 1 82 650 691
edge 754 s 0 0 650 703
edge 755 s 0 0 650 723
edge 756 s 0 0 650 738
edge 757 s 0 0 650 776
edge 758 s 0 0 650 777
edge 759 s 0 0 650 804
edge 760 s 0 0 650 854
edge 761 s 0 0 650 872
edge 762 s 0 0 650 918
pcp 39181 691
pcp 39508 691
