frag gi|47 1897 2103
img_no 6
edge_no 6
msp 215 s 312 82.1 1 527 gi|4 19782 19837 651 gi|47 1913 1968
msp 1481 p 254 81.3 1 716 gi|5 36072 36264 651 gi|47 1913 2103
msp 3231 s 268 73.7 1 209 gi|21 20418 20493 651 gi|47 1901 1976
msp 5000 s 316 80.5 -1 651 gi|47 1897 1978 731 gi|50 36897 36973
msp 5029 s 335 79.8 1 645 gi|46 30935 31013 651 gi|47 1900 1983
msp 5043 s 307 78.7 1 646 gi|46 31369 31443 651 gi|47 1898 1977
edge 1704 s 0 0 209 651
edge 1720 s 0 0 527 651
edge 1725 p 1 81 716 651
edge 2512 s 0 0 645 651
edge 2518 s 0 0 646 651
edge 2786 s 0 0 731 651
pcp 2103 716
pcp 1913 716
