frag gi|47 19404 20105
img_no 11
edge_no 11
msp 519 s 714 79.0 -1 3 gi|1 4083 4695 658 gi|47 19463 20062
msp 1013 s 321 77.7 -1 910 gi|8 130 344 658 gi|47 19500 19715
msp 1861 s 1111 75.2 1 954 gi|10 15314 15937 658 gi|47 19404 20057
msp 2913 s 355 78.6 1 143 gi|18 7508 7694 658 gi|47 19845 20052
msp 2979 s 396 70.7 1 153 gi|18 32961 33270 658 gi|47 19430 19736
msp 3491 s 471 77.3 1 235 gi|22 36767 37379 658 gi|47 19464 20103
msp 4321 s 328 81.1 1 448 gi|36 11823 12123 658 gi|47 19479 19782
msp 4593 s 317 77.0 -1 547 gi|40 22378 22590 658 gi|47 19538 19744
msp 4745 s 287 78.0 -1 577 gi|42 27097 27650 658 gi|47 19458 20043
msp 5010 s 327 74.3 1 658 gi|47 19562 19709 799 gi|56 27377 27515
msp 5012 s 440 79.2 1 658 gi|47 19605 20105 774 gi|54 28984 29436
edge 1007 s 0 0 3 658
edge 1036 s 0 0 235 658
edge 1043 s 0 0 658 143
edge 1044 s 0 0 658 153
edge 1045 s 0 0 658 448
edge 1046 s 0 0 658 547
edge 1047 s 0 0 658 577
edge 1048 s 0 0 658 774
edge 1049 s 0 0 658 799
edge 1050 s 0 0 658 910
edge 1141 s 0 0 954 658
