frag gi|49 1187 1542
img_no 7
flimg_no 1
edge_no 7
msp 105 p 319 79.6 1 523 gi|4 14884 15212 677 gi|49 1187 1542
msp 259 s 301 84.4 1 534 gi|4 32843 32906 677 gi|49 1470 1535
msp 2533 s 275 87.2 1 80 gi|13 4540 4586 677 gi|49 1481 1530
msp 3933 s 268 88.7 1 312 gi|27 39543 39604 677 gi|49 1477 1541
msp 4681 s 288 84.1 1 568 gi|42 7964 8026 677 gi|49 1477 1544
msp 4914 s 283 94.0 -1 677 gi|49 1481 1547 793 gi|56 1945 2003
msp 5017 s 285 84.8 1 661 gi|47 34881 34939 677 gi|49 1481 1541
edge 510 s 0 0 312 677
edge 643 p 1 79 523 677
edge 664 s 0 0 568 677
edge 1934 s 0 0 793 677
edge 1971 s 0 0 80 677
edge 1978 s 0 0 534 677
edge 1982 s 0 0 661 677
pcp 1187 523
pcp 1542 523
