frag gi|49 2024 2292
img_no 14
edge_no 12
msp 1255 s 365 82.6 1 701 gi|5 7011 7131 678 gi|49 2135 2249
msp 2097 p 268 80.8 1 62 gi|12 11609 11806 678 gi|49 2058 2268
msp 2197 s 346 79.6 1 71 gi|12 28020 28161 678 gi|49 2149 2292
msp 2397 s 321 77.6 -1 942 gi|9 19645 19796 678 gi|49 2109 2255
msp 2421 s 324 79.8 1 944 gi|9 22339 22467 678 gi|49 2127 2247
msp 2437 s 296 78.8 -1 944 gi|9 22355 22581 678 gi|49 2024 2251
msp 2765 s 299 80.6 1 121 gi|17 3048 3155 678 gi|49 2149 2247
msp 2939 s 291 78.3 -1 148 gi|18 21939 22044 678 gi|49 2144 2248
msp 4561 s 281 75.7 1 952 gi|39 33913 34023 678 gi|49 2148 2250
msp 4599 s 215 84.8 1 953 gi|40 24381 24455 678 gi|49 2153 2219
msp 4916 s 390 81.0 1 678 gi|49 2143 2247 879 gi|60 5083 5198
msp 4983 s 372 82.0 -1 669 gi|48 21734 21844 678 gi|49 2148 2251
msp 4989 s 359 85.7 1 669 gi|48 21740 21844 678 gi|49 2148 2247
msp 5047 s 300 82.5 -1 647 gi|46 32499 32618 678 gi|49 2148 2256
edge 81 s 0 0 71 678
edge 95 s 0 0 148 678
edge 140 s 0 0 647 678
edge 162 s 0 0 669 678
edge 180 s 0 0 701 678
edge 191 s 0 0 879 678
edge 211 s 0 0 944 678
edge 304 s 0 0 121 678
edge 911 p 1 80 678 62
edge 912 s 0 0 678 942
edge 983 s 0 0 952 678
edge 998 s 0 0 953 678
pcp 2268 62
pcp 2058 62
