frag gi|49 24498 24579
img_no 5
flimg_no 2
edge_no 5
msp 3235 s 263 83.0 1 209 gi|21 20431 20489 688 gi|49 24514 24571
msp 3547 s 259 79.0 1 247 gi|23 19151 19207 688 gi|49 24511 24566
msp 4229 s 590 98.4 1 466 gi|37 17957 18020 688 gi|49 24513 24576
msp 4942 p 263 73.1 -1 688 gi|49 24498 24575 731 gi|50 37010 37094
msp 5037 p 263 75.6 1 646 gi|46 31157 31246 688 gi|49 24499 24583
edge 1706 s 0 0 209 688
edge 2501 s 0 0 466 688
edge 2519 p 1 75 646 688
edge 2657 s 0 0 247 688
edge 2661 p -1 73 688 731
pcp 24498 731
pcp 24499 646
pcp 24575 731
pcp 24583 646
