frag gi|49 31450 31858
img_no 45
edge_no 38
msp 87 s 325 87.0 1 520 gi|4 2505 2558 691 gi|49 31676 31729
msp 643 s 254 94.3 -1 19 gi|1 27197 27249 691 gi|49 31674 31725
msp 687 s 360 93.8 1 19 gi|1 27264 27311 691 gi|49 31675 31722
msp 839 s 306 92.5 1 339 gi|3 11276 11328 691 gi|49 31675 31725
msp 925 s 254 76.9 1 341 gi|3 14444 14629 691 gi|49 31675 31858
msp 1101 s 289 84.3 -1 918 gi|8 8259 8309 691 gi|49 31672 31722
msp 1397 s 343 93.6 1 703 gi|5 13341 13387 691 gi|49 31676 31722
msp 1601 s 326 88.5 -1 872 gi|6 24931 24982 691 gi|49 31674 31726
msp 1933 s 257 86.8 -1 37 gi|10 22906 23019 691 gi|49 31616 31721
msp 1963 s 259 89.8 1 37 gi|10 22974 23022 691 gi|49 31673 31721
msp 2019 s 276 94.1 1 39 gi|10 30539 30589 691 gi|49 31667 31723
msp 2245 s 341 86.9 -1 72 gi|12 32063 32146 691 gi|49 31647 31726
msp 2345 s 281 86.8 1 54 gi|11 33427 33517 691 gi|49 31675 31755
msp 2703 s 329 95.9 -1 121 gi|17 3042 3090 691 gi|49 31675 31723
msp 2889 s 277 91.5 1 140 gi|18 3756 3814 691 gi|49 31674 31741
msp 2987 s 266 80.1 1 155 gi|18 35998 36163 691 gi|49 31582 31734
msp 2999 s 330 91.8 -1 155 gi|18 36034 36082 691 gi|49 31675 31723
msp 3073 s 358 95.9 -1 158 gi|19 689 737 691 gi|49 31676 31725
msp 3155 s 297 85.7 -1 199 gi|21 1627 1682 691 gi|49 31673 31727
msp 3273 s 282 90.6 -1 216 gi|21 33107 33159 691 gi|49 31675 31728
msp 3443 s 331 83.8 -1 234 gi|22 34653 34726 691 gi|49 31676 31751
msp 3559 s 331 91.0 -1 248 gi|23 21283 21371 691 gi|49 31663 31747
msp 3615 s 355 96.1 -1 252 gi|23 28122 28172 691 gi|49 31676 31726
msp 3881 s 315 93.2 -1 300 gi|27 10165 10223 691 gi|49 31676 31735
msp 3911 s 281 88.4 -1 312 gi|27 39499 39593 691 gi|49 31675 31780
msp 3961 s 302 89.4 1 312 gi|27 39610 39656 691 gi|49 31676 31722
msp 4299 s 326 91.5 1 446 gi|36 9586 9632 691 gi|49 31676 31722
msp 4525 s 299 86.4 1 506 gi|39 15112 15170 691 gi|49 31664 31722
msp 4673 s 310 90.9 -1 568 gi|42 7961 8015 691 gi|49 31674 31726
msp 4699 s 339 89.9 1 569 gi|42 9561 9629 691 gi|49 31666 31736
msp 4791 s 305 96.5 1 637 gi|45 39720 39777 691 gi|49 31676 31730
msp 4839 s 360 95.9 1 583 gi|43 11795 11843 691 gi|49 31675 31722
msp 4879 s 286 95.7 1 586 gi|43 15829 15875 691 gi|49 31676 31722
msp 4897 s 419 93.0 -1 586 gi|43 15890 15946 691 gi|49 31666 31722
msp 4913 s 264 91.3 1 596 gi|43 39827 39872 691 gi|49 31676 31718
msp 4946 s 331 80.3 1 691 gi|49 31606 31722 854 gi|59 13047 13151
msp 4948 s 329 84.6 1 691 gi|49 31657 31721 776 gi|54 32185 32246
msp 4950 s 322 90.2 1 691 gi|49 31657 31738 738 gi|51 19317 19397
msp 4952 s 350 91.7 -1 691 gi|49 31674 31721 732 gi|50 39634 39681
msp 4954 s 290 91.5 -1 691 gi|49 31675 31721 776 gi|54 32226 32273
msp 4956 s 289 89.4 -1 691 gi|49 31676 31722 804 gi|56 31989 32036
msp 4958 s 280 88.0 -1 691 gi|49 31676 31725 723 gi|50 20064 20114
msp 4960 s 312 89.4 1 691 gi|49 31676 31722 777 gi|54 34626 34672
msp 5065 p 348 82.6 1 650 gi|46 39181 39508 691 gi|49 31450 31762
msp 5075 s 269 94.0 -1 650 gi|46 39349 39398 691 gi|49 31676 31722
edge 38 s 0 0 37 691
edge 238 s 0 0 19 691
edge 271 s 0 0 72 691
edge 306 s 0 0 121 691
edge 338 s 0 0 155 691
edge 376 s 0 0 199 691
edge 403 s 0 0 216 691
edge 447 s 0 0 248 691
edge 478 s 0 0 252 691
edge 512 s 0 0 312 691
edge 532 s 0 0 339 691
edge 553 s 0 0 341 691
edge 593 s 0 0 446 691
edge 617 s 0 0 520 691
edge 666 s 0 0 568 691
edge 683 s 0 0 569 691
edge 708 s 0 0 583 691
edge 734 s 0 0 586 691
edge 753 p 1 82 650 691
edge 778 s 0 0 691 39
edge 779 s 0 0 691 54
edge 780 s 0 0 691 140
edge 781 s 0 0 691 158
edge 782 s 0 0 691 234
edge 783 s 0 0 691 300
edge 784 s 0 0 691 506
edge 785 s 0 0 691 596
edge 786 s 0 0 691 637
edge 787 s 0 0 691 703
edge 788 s 0 0 691 723
edge 789 s 0 0 691 732
edge 790 s 0 0 691 738
edge 791 s 0 0 691 776
edge 792 s 0 0 691 777
edge 793 s 0 0 691 804
edge 794 s 0 0 691 854
edge 795 s 0 0 691 872
edge 796 s 0 0 691 918
pcp 31450 650
pcp 31762 650
