frag gi|5 6602 7213
img_no 37
edge_no 26
msp 387 s 265 85.3 -1 184 gi|2 21035 21109 701 gi|5 7024 7087
msp 501 p 306 76.8 -1 951 gi|1 1671 1782 701 gi|5 7014 7129
msp 503 s 279 75.0 1 951 gi|1 1671 1774 701 gi|5 7024 7131
msp 1240 p 272 76.1 1 701 gi|5 6602 6973 540 gi|40 2394 2738
msp 1242 p 266 78.1 1 701 gi|5 6748 7090 67 gi|12 19434 19796
msp 1244 p 304 82.5 -1 701 gi|5 6798 7003 541 gi|40 2854 3050
msp 1246 s 277 82.3 1 701 gi|5 6953 7065 889 gi|7 7045 7175
msp 1248 s 320 79.4 -1 701 gi|5 6989 7129 121 gi|17 3044 3198
msp 1250 s 282 77.9 1 701 gi|5 6999 7129 489 gi|38 24018 24146
msp 1252 s 271 80.7 -1 701 gi|5 7008 7152 312 gi|27 39529 39674
msp 1254 s 365 82.6 1 701 gi|5 7011 7131 678 gi|49 2135 2249
msp 1256 s 400 78.6 -1 701 gi|5 7013 7213 148 gi|18 21866 22053
msp 1258 s 537 83.3 -1 701 gi|5 7014 7121 647 gi|46 32517 32628
msp 1260 p 287 84.5 1 701 gi|5 7023 7126 953 gi|40 24381 24477
msp 1262 s 557 83.0 -1 701 gi|5 7018 7129 669 gi|48 21740 21850
msp 1264 s 482 85.0 -1 701 gi|5 7020 7132 944 gi|9 22356 22471
msp 1266 s 520 85.2 1 701 gi|5 7022 7129 952 gi|39 33911 34020
msp 1268 s 381 88.9 1 701 gi|5 7022 7129 944 gi|9 22357 22467
msp 1270 s 317 82.8 -1 701 gi|5 7023 7138 879 gi|60 5083 5199
msp 1272 s 253 86.0 -1 701 gi|5 7023 7065 58 gi|12 8630 8674
msp 1274 s 332 80.6 -1 701 gi|5 7024 7126 489 gi|38 24046 24146
msp 1276 s 351 89.4 -1 701 gi|5 7024 7089 911 gi|8 441 510
msp 1278 s 490 87.8 1 701 gi|5 7024 7130 669 gi|48 21740 21845
msp 1280 s 333 86.0 -1 701 gi|5 7024 7133 952 gi|39 33910 34020
msp 1282 s 401 82.3 -1 701 gi|5 7024 7176 942 gi|9 19618 19757
msp 1284 s 325 82.9 1 701 gi|5 7024 7134 942 gi|9 19653 19762
msp 1286 s 288 83.0 1 701 gi|5 7024 7129 148 gi|18 21940 22041
msp 1288 s 397 83.0 1 701 gi|5 7024 7135 879 gi|60 5088 5203
msp 1290 s 361 85.5 1 701 gi|5 7024 7154 62 gi|12 11691 11819
msp 1292 s 358 79.5 1 701 gi|5 7024 7135 121 gi|17 3044 3161
msp 1294 p 265 92.7 -1 701 gi|5 7024 7064 79 gi|13 3708 3750
msp 1296 s 328 75.5 1 701 gi|5 7025 7130 71 gi|12 28020 28121
msp 1298 s 390 86.6 1 701 gi|5 7036 7147 647 gi|46 32523 32638
msp 1300 s 292 80.4 -1 701 gi|5 7080 7130 933 gi|8 28248 28298
msp 1302 s 261 79.6 -1 701 gi|5 7084 7132 694 gi|49 37731 37779
msp 1304 s 279 79.0 -1 701 gi|5 7084 7140 67 gi|12 19711 19768
msp 1306 s 305 87.0 -1 701 gi|5 7084 7129 433 gi|35 28731 28776
edge 55 s 0 0 58 701
edge 64 p 1 78 67 701
edge 83 s 0 0 71 701
edge 97 s 0 0 148 701
edge 115 s 0 0 489 701
edge 141 s 0 0 647 701
edge 163 s 0 0 669 701
edge 171 s 0 0 701 62
edge 172 p -1 92 701 79
edge 173 s 0 0 701 121
edge 174 s 0 0 701 184
edge 175 s 0 0 701 312
edge 176 s 0 0 701 433
edge 177 p 1 76 701 540
edge 178 p -1 82 701 541
edge 180 s 0 0 701 678
edge 181 s 0 0 701 694
edge 182 s 0 0 701 879
edge 183 s 0 0 701 889
edge 184 s 0 0 701 911
edge 185 s 0 0 701 933
edge 186 s 0 0 701 942
edge 187 s 0 0 701 944
edge 968 p -1 76 951 701
edge 985 s 0 0 952 701
edge 999 p 1 84 953 701
pcp 6602 540
pcp 6748 67
pcp 6798 541
pcp 6973 540
pcp 7003 541
pcp 7014 951
pcp 7023 953
pcp 7024 79
pcp 7064 79
pcp 7090 67
pcp 7126 953
pcp 7129 951
