frag gi|12 31933 32201
img_no 37
edge_no 35
msp 85 s 357 90.0 -1 520 gi|4 2505 2554 72 gi|12 32063 32112
msp 137 s 250 90.0 -1 523 gi|4 15245 15324 72 gi|12 32064 32136
msp 605 s 397 87.8 1 19 gi|1 27085 27248 72 gi|12 31972 32113
msp 825 s 265 87.1 -1 339 gi|3 11274 11335 72 gi|12 32051 32115
msp 879 s 383 86.7 -1 341 gi|3 14425 14499 72 gi|12 32057 32129
msp 1093 s 335 88.0 1 918 gi|8 8258 8307 72 gi|12 32065 32114
msp 1367 s 301 86.0 -1 703 gi|5 13339 13388 72 gi|12 32065 32114
msp 1555 s 420 87.4 1 872 gi|6 24855 24981 72 gi|12 32006 32113
msp 1977 s 290 87.0 -1 37 gi|10 22977 23022 72 gi|12 32067 32112
msp 2206 s 322 85.6 -1 72 gi|12 31933 32112 777 gi|54 34626 34814
msp 2208 s 303 79.3 -1 72 gi|12 32003 32113 583 gi|43 11795 11900
msp 2210 s 417 86.4 1 72 gi|12 32006 32130 586 gi|43 15823 15954
msp 2212 s 371 87.7 1 72 gi|12 32008 32113 223 gi|22 3162 3243
msp 2214 s 358 80.8 -1 72 gi|12 32014 32112 586 gi|43 15829 15937
msp 2216 s 283 79.8 1 72 gi|12 32020 32113 216 gi|21 33057 33159
msp 2218 s 385 83.2 1 72 gi|12 32024 32112 723 gi|50 20015 20114
msp 2220 s 270 82.3 1 72 gi|12 32028 32112 158 gi|19 641 737
msp 2222 s 257 79.3 1 72 gi|12 32033 32114 681 gi|49 5751 5822
msp 2224 s 276 80.8 1 72 gi|12 32041 32113 776 gi|54 32199 32273
msp 2226 s 278 83.1 1 72 gi|12 32056 32126 750 gi|52 29282 29356
msp 2228 s 253 84.2 1 72 gi|12 32057 32113 248 gi|23 21298 21358
msp 2230 s 272 80.4 1 72 gi|12 32058 32113 199 gi|21 1623 1680
msp 2232 s 394 85.9 1 72 gi|12 32058 32128 252 gi|23 28117 28187
msp 2234 s 274 82.7 1 72 gi|12 32059 32110 579 gi|42 37465 37518
msp 2236 s 284 87.0 1 72 gi|12 32060 32113 568 gi|42 7958 8014
msp 2238 s 273 81.7 -1 72 gi|12 32060 32130 140 gi|18 3738 3812
msp 2240 s 279 86.5 1 72 gi|12 32061 32112 650 gi|46 39344 39398
msp 2242 s 347 85.2 -1 72 gi|12 32063 32123 569 gi|42 9561 9619
msp 2244 s 341 86.9 -1 72 gi|12 32063 32146 691 gi|49 31647 31726
msp 2246 s 325 86.0 -1 72 gi|12 32063 32112 446 gi|36 9586 9635
msp 2248 s 276 82.0 -1 72 gi|12 32063 32112 312 gi|27 39610 39659
msp 2250 s 300 84.8 1 72 gi|12 32064 32201 167 gi|19 31821 31991
msp 2252 s 285 93.0 -1 72 gi|12 32065 32121 216 gi|21 33174 33234
msp 2254 s 287 82.3 -1 72 gi|12 32065 32126 854 gi|59 13092 13152
msp 2256 s 349 87.8 1 72 gi|12 32066 32114 121 gi|17 3043 3091
msp 2258 s 267 80.4 1 72 gi|12 32066 32116 155 gi|18 36035 36085
msp 2260 s 271 82.0 -1 72 gi|12 32070 32130 720 gi|50 7305 7370
edge 16 s 0 0 37 72
edge 215 s 0 0 19 72
edge 248 s 0 0 72 121
edge 249 s 0 0 72 140
edge 250 s 0 0 72 155
edge 251 s 0 0 72 158
edge 252 s 0 0 72 167
edge 253 s 0 0 72 199
edge 254 s 0 0 72 216
edge 255 s 0 0 72 223
edge 256 s 0 0 72 248
edge 257 s 0 0 72 252
edge 258 s 0 0 72 312
edge 259 s 0 0 72 339
edge 260 s 0 0 72 341
edge 261 s 0 0 72 446
edge 262 s 0 0 72 520
edge 263 s 0 0 72 523
edge 264 s 0 0 72 568
edge 265 s 0 0 72 569
edge 266 s 0 0 72 579
edge 267 s 0 0 72 583
edge 268 s 0 0 72 586
edge 269 s 0 0 72 650
edge 270 s 0 0 72 681
edge 271 s 0 0 72 691
edge 272 s 0 0 72 703
edge 273 s 0 0 72 720
edge 274 s 0 0 72 723
edge 275 s 0 0 72 750
edge 276 s 0 0 72 776
edge 277 s 0 0 72 777
edge 278 s 0 0 72 854
edge 279 s 0 0 72 872
edge 280 s 0 0 72 918
