frag gi|50 36886 37256
img_no 14
edge_no 11
msp 869 s 278 77.0 -1 340 gi|3 14256 14329 731 gi|50 36896 36971
msp 3221 s 276 75.1 -1 209 gi|21 20319 20499 731 gi|50 37010 37194
msp 4109 s 255 74.1 -1 362 gi|30 5216 5300 731 gi|50 36896 36978
msp 4133 s 409 81.5 1 389 gi|33 2378 2458 731 gi|50 36889 36971
msp 4233 s 254 74.1 -1 466 gi|37 17957 18010 731 gi|50 37024 37077
msp 4265 p 271 79.6 -1 1062 gi|36 6686 6793 731 gi|50 37144 37256
msp 4943 p 263 73.1 -1 688 gi|49 24498 24575 731 gi|50 37010 37094
msp 5001 s 316 80.5 -1 651 gi|47 1897 1978 731 gi|50 36897 36973
msp 5027 s 703 100.0 -1 645 gi|46 30934 31008 731 gi|50 36897 36971
msp 5031 p 1376 85.5 -1 646 gi|46 31027 31336 731 gi|50 36905 37224
msp 5033 s 487 79.3 -1 646 gi|46 31033 31216 731 gi|50 36914 37094
msp 5039 s 1056 83.2 -1 646 gi|46 31159 31455 731 gi|50 36886 37210
msp 5120 s 257 78.0 -1 731 gi|50 36904 37076 817 gi|57 13449 13665
msp 5122 s 266 77.4 -1 731 gi|50 37024 37076 817 gi|57 13611 13664
edge 1708 s 0 0 209 731
edge 2502 s 0 0 466 731
edge 2513 s 0 0 645 731
edge 2520 p -1 85 646 731
edge 2639 s 0 0 817 731
edge 2651 p -1 79 1062 731
edge 2661 p -1 73 688 731
edge 2782 s 0 0 340 731
edge 2784 s 0 0 362 731
edge 2785 s 0 0 389 731
edge 2786 s 0 0 731 651
pcp 37256 1062
pcp 37224 646
pcp 37144 1062
pcp 37094 688
pcp 37010 688
pcp 36905 646
