frag gi|52 22528 22801
img_no 10
edge_no 3
msp 127 s 269 81.2 -1 523 gi|4 15170 15270 746 gi|52 22528 22618
msp 1535 s 779 83.6 -1 870 gi|6 21360 21548 746 gi|52 22548 22728
msp 1763 s 291 79.2 1 899 gi|7 23430 23573 746 gi|52 22589 22729
msp 2569 s 887 88.7 1 85 gi|13 13700 13850 746 gi|52 22586 22732
msp 3681 s 424 87.2 -1 260 gi|24 5615 5700 746 gi|52 22652 22730
msp 4017 s 454 77.6 1 326 gi|28 33988 34161 746 gi|52 22564 22734
msp 4161 s 256 75.7 -1 397 gi|33 22201 22377 746 gi|52 22561 22729
msp 4613 s 280 81.9 -1 555 gi|40 37276 37496 746 gi|52 22589 22801
msp 4655 s 405 82.2 -1 560 gi|41 16465 16610 746 gi|52 22591 22729
msp 4805 s 796 83.2 -1 605 gi|44 22269 22459 746 gi|52 22541 22726
edge 648 s 0 0 523 746
edge 1298 s 0 0 560 746
edge 1358 s 0 0 899 746
