frag gi|52 29249 29406
img_no 20
edge_no 20
msp 11 s 274 93.6 -1 518 gi|4 1514 1560 750 gi|52 29294 29342
msp 75 s 266 87.2 -1 520 gi|4 2505 2551 750 gi|52 29295 29344
msp 827 s 262 89.3 -1 339 gi|3 11274 11329 750 gi|52 29291 29347
msp 907 s 351 89.4 -1 341 gi|3 14443 14508 750 gi|52 29283 29346
msp 1083 s 273 84.6 1 918 gi|8 8256 8307 750 gi|52 29292 29346
msp 1615 s 293 87.8 1 872 gi|6 24933 24981 750 gi|52 29294 29345
msp 1975 s 284 93.5 -1 37 gi|10 22977 23022 750 gi|52 29296 29344
msp 2227 s 278 83.1 1 72 gi|12 32056 32126 750 gi|52 29282 29356
msp 2741 s 299 86.3 1 121 gi|17 3043 3093 750 gi|52 29295 29348
msp 3127 s 324 85.7 1 167 gi|19 31822 31877 750 gi|52 29294 29350
msp 3151 s 301 83.9 1 199 gi|21 1625 1680 750 gi|52 29287 29345
msp 3291 s 270 84.1 1 216 gi|21 33111 33173 750 gi|52 29294 29363
msp 3399 s 317 89.7 1 223 gi|22 3196 3253 750 gi|52 29296 29360
msp 3465 s 271 88.0 1 234 gi|22 34677 34726 750 gi|52 29291 29344
msp 3565 s 253 77.9 1 248 gi|23 21291 21358 750 gi|52 29281 29345
msp 3797 s 324 80.2 -1 276 gi|25 21008 21103 750 gi|52 29249 29349
msp 4707 s 290 88.3 -1 569 gi|42 9569 9628 750 gi|52 29286 29345
msp 4755 s 281 84.9 1 579 gi|42 37466 37518 750 gi|52 29286 29342
msp 4883 s 299 89.8 -1 586 gi|43 15829 15877 750 gi|52 29293 29344
msp 5129 s 281 88.4 -1 738 gi|51 19274 19394 750 gi|52 29282 29406
edge 44 s 0 0 37 750
edge 275 s 0 0 72 750
edge 312 s 0 0 121 750
edge 359 s 0 0 167 750
edge 380 s 0 0 199 750
edge 407 s 0 0 216 750
edge 426 s 0 0 223 750
edge 453 s 0 0 248 750
edge 535 s 0 0 339 750
edge 558 s 0 0 341 750
edge 621 s 0 0 520 750
edge 688 s 0 0 569 750
edge 738 s 0 0 586 750
edge 843 s 0 0 738 750
edge 845 s 0 0 750 234
edge 846 s 0 0 750 276
edge 847 s 0 0 750 518
edge 848 s 0 0 750 579
edge 849 s 0 0 750 872
edge 850 s 0 0 750 918
