frag gi|52 36434 37147
img_no 5
edge_no 5
msp 1881 s 320 79.4 -1 954 gi|10 15696 15972 752 gi|52 36465 36743
msp 2901 p 293 66.8 -1 143 gi|18 7059 7738 752 gi|52 36461 37147
msp 3415 s 309 74.9 1 227 gi|22 17464 17750 752 gi|52 36461 36750
msp 5096 s 324 72.1 -1 752 gi|52 36468 36739 774 gi|54 29164 29420
msp 5111 s 416 67.8 1 728 gi|50 28735 29351 752 gi|52 36434 37062
edge 1031 s 0 0 227 752
edge 1064 s 0 0 728 752
edge 1096 p -1 66 752 143
edge 1097 s 0 0 752 774
edge 1145 s 0 0 954 752
pcp 36461 143
pcp 37147 143
