frag gi|54 28593 29467
img_no 6
edge_no 6
msp 4903 s 282 77.6 1 588 gi|43 22043 22493 774 gi|54 28803 29241
msp 4963 s 277 74.1 -1 692 gi|49 35637 35926 774 gi|54 29190 29467
msp 5013 s 440 79.2 1 658 gi|47 19605 20105 774 gi|54 28984 29436
msp 5097 s 324 72.1 -1 752 gi|52 36468 36739 774 gi|54 29164 29420
msp 5115 p 831 78.5 -1 728 gi|50 28739 29578 774 gi|54 28593 29450
msp 5150 p 257 73.7 1 774 gi|54 28898 29087 799 gi|56 27331 27516
edge 1048 s 0 0 658 774
edge 1056 s 0 0 692 774
edge 1065 p -1 78 728 774
edge 1092 s 0 0 588 774
edge 1097 s 0 0 752 774
edge 1117 p 1 73 774 799
pcp 28593 728
pcp 28898 799
pcp 29087 799
pcp 29450 728
