frag gi|54 32133 32441
img_no 44
edge_no 32
msp 89 s 288 87.5 -1 520 gi|4 2505 2560 776 gi|54 32218 32272
msp 683 s 252 85.9 -1 19 gi|1 27256 27319 776 gi|54 32219 32282
msp 705 s 289 91.3 1 19 gi|1 27267 27312 776 gi|54 32203 32248
msp 923 s 318 91.8 -1 341 gi|3 14444 14504 776 gi|54 32216 32273
msp 1335 s 300 85.9 -1 703 gi|5 13314 13398 776 gi|54 32215 32314
msp 1377 s 286 85.5 1 703 gi|5 13340 13394 776 gi|54 32200 32253
msp 1563 s 274 80.2 -1 872 gi|6 24904 24984 776 gi|54 32197 32274
msp 1569 s 251 79.2 1 872 gi|6 24905 24981 776 gi|54 32200 32273
msp 1897 p 553 86.4 1 35 gi|10 18013 18093 776 gi|54 32294 32374
msp 1915 s 277 86.4 -1 37 gi|10 22901 22959 776 gi|54 32199 32251
msp 1973 s 269 91.3 -1 37 gi|10 22977 23022 776 gi|54 32226 32272
msp 2035 s 262 87.1 1 39 gi|10 30545 30606 776 gi|54 32203 32259
msp 2225 s 276 80.8 1 72 gi|12 32041 32113 776 gi|54 32199 32273
msp 2755 s 327 92.0 1 121 gi|17 3044 3093 776 gi|54 32226 32276
msp 2813 s 260 89.9 -1 129 gi|17 20909 20977 776 gi|54 32217 32284
msp 3035 s 286 91.5 1 155 gi|18 36036 36082 776 gi|54 32226 32273
msp 3081 s 291 89.4 -1 158 gi|19 691 737 776 gi|54 32201 32247
msp 3083 s 284 91.5 1 158 gi|19 691 737 776 gi|54 32225 32272
msp 3177 s 267 87.2 1 199 gi|21 1634 1680 776 gi|54 32226 32273
msp 3315 s 304 83.7 -1 216 gi|21 33187 33284 776 gi|54 32163 32274
msp 3385 s 336 84.9 1 223 gi|22 3158 3243 776 gi|54 32188 32273
msp 3487 s 283 88.5 1 234 gi|22 34682 34742 776 gi|54 32226 32291
msp 3577 s 259 90.7 1 248 gi|23 21305 21358 776 gi|54 32223 32273
msp 3589 s 258 89.8 -1 248 gi|23 21307 21355 776 gi|54 32202 32247
msp 3597 s 383 77.7 -1 252 gi|23 27986 28173 776 gi|54 32200 32402
msp 3637 s 346 91.5 1 252 gi|23 28126 28172 776 gi|54 32226 32272
msp 3641 p 558 84.5 -1 253 gi|23 29686 29833 776 gi|54 32299 32441
msp 3951 s 254 82.7 1 312 gi|27 39606 39657 776 gi|54 32197 32248
msp 4283 s 339 88.5 -1 446 gi|36 9582 9633 776 gi|54 32224 32276
msp 4691 s 284 84.2 1 568 gi|42 7966 8047 776 gi|54 32226 32308
msp 4709 s 281 87.8 -1 569 gi|42 9569 9617 776 gi|54 32224 32273
msp 4835 s 319 92.0 -1 583 gi|43 11793 11842 776 gi|54 32226 32275
msp 4853 s 253 86.7 1 583 gi|43 11798 11842 776 gi|54 32202 32246
msp 4893 s 281 79.8 -1 586 gi|43 15889 15997 776 gi|54 32133 32248
msp 4933 s 277 85.1 1 681 gi|49 5774 5820 776 gi|54 32225 32272
msp 4935 s 260 83.3 -1 681 gi|49 5774 5821 776 gi|54 32200 32247
msp 4949 s 329 84.6 1 691 gi|49 31657 31721 776 gi|54 32185 32246
msp 4955 s 290 91.5 -1 691 gi|49 31675 31721 776 gi|54 32226 32273
msp 5079 s 275 88.5 1 650 gi|46 39350 39401 776 gi|54 32226 32275
msp 5085 s 269 90.6 1 650 gi|46 39401 39464 776 gi|54 32192 32246
msp 5101 s 289 86.7 1 723 gi|50 20040 20114 776 gi|54 32199 32272
msp 5125 s 328 88.2 -1 732 gi|50 39631 39681 776 gi|54 32199 32249
msp 5154 s 279 82.8 -1 776 gi|54 32181 32273 804 gi|56 31962 32057
msp 5156 s 424 88.9 1 776 gi|54 32201 32272 804 gi|56 31963 32036
edge 45 s 0 0 37 776
edge 243 s 0 0 19 776
edge 276 s 0 0 72 776
edge 313 s 0 0 121 776
edge 342 s 0 0 155 776
edge 381 s 0 0 199 776
edge 409 s 0 0 216 776
edge 427 s 0 0 223 776
edge 454 s 0 0 248 776
edge 484 s 0 0 252 776
edge 517 s 0 0 312 776
edge 559 s 0 0 341 776
edge 599 s 0 0 446 776
edge 622 s 0 0 520 776
edge 669 s 0 0 568 776
edge 689 s 0 0 569 776
edge 715 s 0 0 583 776
edge 739 s 0 0 586 776
edge 757 s 0 0 650 776
edge 771 s 0 0 681 776
edge 791 s 0 0 691 776
edge 813 s 0 0 703 776
edge 827 s 0 0 723 776
edge 839 s 0 0 732 776
edge 851 p 1 86 776 35
edge 852 s 0 0 776 39
edge 853 s 0 0 776 129
edge 854 s 0 0 776 158
edge 855 s 0 0 776 234
edge 856 p -1 84 776 253
edge 857 s 0 0 776 804
edge 858 s 0 0 776 872
pcp 32294 35
pcp 32299 253
pcp 32374 35
pcp 32441 253
