frag gi|55 31633 33068
img_no 11
edge_no 8
msp 1043 s 251 75.9 -1 912 gi|8 1912 2106 789 gi|55 32554 32737
msp 1315 s 296 86.5 1 702 gi|5 8519 8637 789 gi|55 32956 33068
msp 1317 s 290 75.9 1 702 gi|5 8527 8642 789 gi|55 31989 32110
msp 1487 s 518 75.5 -1 717 gi|5 36565 37896 789 gi|55 31705 33042
msp 1489 s 300 78.6 -1 717 gi|5 36718 37119 789 gi|55 31633 32048
msp 2263 p 260 71.3 -1 73 gi|12 32196 32303 789 gi|55 32011 32113
msp 4597 s 271 79.8 -1 548 gi|40 22892 22995 789 gi|55 32935 33037
msp 4773 p 300 76.1 -1 635 gi|45 37847 38290 789 gi|55 31633 32061
msp 4775 s 313 75.5 -1 635 gi|45 37955 38244 789 gi|55 32519 32817
msp 4779 s 251 73.1 -1 636 gi|45 39338 39519 789 gi|55 32471 32652
msp 5113 s 262 78.3 -1 728 gi|50 28735 28872 789 gi|55 32000 32131
edge 1066 s 0 0 728 789
edge 1111 s 0 0 702 789
edge 1123 p -1 71 789 73
edge 1124 s 0 0 789 548
edge 1125 p -1 76 789 635
edge 1126 s 0 0 789 636
edge 1127 s 0 0 789 717
edge 1128 s 0 0 789 912
pcp 31633 635
pcp 32011 73
pcp 32061 635
pcp 32113 73
