frag gi|57 38428 38640
img_no 18
flimg_no 1
edge_no 18
msp 349 s 352 88.7 -1 180 gi|2 16576 16690 826 gi|57 38507 38608
msp 1757 p 760 85.2 -1 1023 gi|7 23430 23574 826 gi|57 38494 38639
msp 3427 p 344 79.7 1 231 gi|22 30195 30307 826 gi|57 38522 38641
msp 3517 s 254 83.6 -1 240 gi|23 11447 11501 826 gi|57 38507 38566
msp 3689 s 263 75.9 1 260 gi|24 5616 5698 826 gi|57 38494 38577
msp 3729 s 524 82.3 1 267 gi|24 23589 23712 826 gi|57 38492 38616
msp 3765 s 306 85.5 1 272 gi|25 5920 5988 826 gi|57 38508 38571
msp 3785 s 408 76.2 -1 275 gi|25 20327 20477 826 gi|57 38482 38640
msp 3981 s 362 80.3 -1 315 gi|28 14254 14329 826 gi|57 38493 38568
msp 4025 p 627 74.2 -1 1036 gi|28 34012 34218 826 gi|57 38428 38638
msp 4149 p 562 77.8 1 1024 gi|33 22186 22347 826 gi|57 38479 38639
msp 4205 s 274 81.4 -1 460 gi|37 3389 3549 826 gi|57 38445 38592
msp 4589 s 337 79.3 -1 546 gi|40 18914 18995 826 gi|57 38490 38568
msp 4615 s 484 77.0 1 555 gi|40 37333 37497 826 gi|57 38478 38640
msp 4651 s 605 76.7 1 1012 gi|41 16463 16610 826 gi|57 38492 38639
msp 4921 s 365 82.0 1 680 gi|49 3893 3970 826 gi|57 38494 38568
msp 5138 p 302 78.2 -1 826 gi|57 38506 38647 846 gi|58 37202 37351
msp 5141 s 313 85.7 1 792 gi|56 1688 1771 826 gi|57 38498 38571
edge 1220 s 0 0 180 826
edge 1236 s 0 0 240 826
edge 1254 s 0 0 267 826
edge 1263 s 0 0 272 826
edge 1279 s 0 0 460 826
edge 1323 s 0 0 792 826
edge 1325 p 1 79 826 231
edge 1326 s 0 0 826 260
edge 1327 s 0 0 826 275
edge 1328 s 0 0 826 315
edge 1331 s 0 0 826 546
edge 1332 s 0 0 826 555
edge 1333 s 0 0 826 680
edge 1334 p -1 78 826 846
edge 2131 s 0 0 1012 826
edge 2216 p -1 85 1023 826
edge 2240 p 1 77 1024 826
edge 2326 p -1 74 1036 826
pcp 38647 846
pcp 38641 231
pcp 38639 1024
pcp 38639 1023
pcp 38638 1036
pcp 38522 231
pcp 38506 846
pcp 38494 1023
pcp 38479 1024
pcp 38428 1036
