frag gi|13 13336 13513
img_no 4
flimg_no 1
edge_no 4
msp 375 p 368 79.8 1 1010 gi|2 20856 20981 84 gi|13 13373 13494
msp 2560 p 401 81.7 1 84 gi|13 13336 13466 689 gi|49 28259 28373
msp 2562 p 353 78.5 1 84 gi|13 13337 13513 462 gi|37 10056 10240
msp 5199 p 108 79.8 1 1009 gi|2 20819 20855 84 gi|13 13336 13368
edge 1988 p 1 78 84 462
edge 1989 p 1 81 84 689
edge 1992 p 1 79 1010 84
edge 1995 p 1 79 1009 84
pcp 13336 689
pcp 13336 1009
pcp 13337 462
pcp 13368 1009
pcp 13373 1010
pcp 13466 689
pcp 13494 1010
pcp 13513 462
