frag gi|59 13011 13190
img_no 29
edge_no 27
msp 91 s 311 87.7 1 520 gi|4 2505 2569 854 gi|59 13105 13168
msp 181 s 268 88.4 1 523 gi|4 15276 15361 854 gi|59 13105 13182
msp 663 s 258 83.0 1 19 gi|1 27200 27311 854 gi|59 13055 13151
msp 871 s 276 80.8 1 341 gi|3 14398 14501 854 gi|59 13067 13161
msp 1089 s 291 85.7 -1 918 gi|8 8257 8305 854 gi|59 13105 13153
msp 1575 s 347 86.2 -1 872 gi|6 24926 24983 854 gi|59 13102 13158
msp 1909 s 250 82.6 -1 37 gi|10 22868 23022 854 gi|59 13056 13190
msp 2255 s 287 82.3 -1 72 gi|12 32065 32126 854 gi|59 13092 13152
msp 2701 s 278 87.9 -1 121 gi|17 3040 3097 854 gi|59 13098 13154
msp 3029 s 273 82.3 -1 155 gi|18 36035 36102 854 gi|59 13084 13151
msp 3051 s 274 81.7 -1 158 gi|19 678 737 854 gi|59 13105 13162
msp 3159 s 254 81.1 -1 199 gi|21 1629 1681 854 gi|59 13103 13156
msp 3265 p 291 72.7 -1 216 gi|21 33088 33237 854 gi|59 13011 13178
msp 3305 s 293 88.4 1 216 gi|21 33169 33237 854 gi|59 13089 13155
msp 3481 s 259 85.1 -1 234 gi|22 34680 34726 854 gi|59 13105 13152
msp 3579 s 319 92.7 -1 248 gi|23 21305 21359 854 gi|59 13103 13153
msp 3627 s 363 91.9 -1 252 gi|23 28124 28185 854 gi|59 13092 13152
msp 3963 s 293 87.2 1 312 gi|27 39610 39656 854 gi|59 13105 13151
msp 4301 s 327 90.2 1 446 gi|36 9586 9636 854 gi|59 13105 13154
msp 4685 s 259 86.8 -1 568 gi|42 7964 8016 854 gi|59 13102 13152
msp 4751 s 262 82.7 -1 579 gi|42 37444 37518 854 gi|59 13107 13181
msp 4841 s 400 93.7 1 583 gi|43 11795 11857 854 gi|59 13104 13165
msp 4881 s 254 79.6 1 586 gi|43 15829 15877 854 gi|59 13105 13153
msp 4899 s 263 83.7 -1 586 gi|43 15890 15938 854 gi|59 13103 13151
msp 4929 s 316 88.0 -1 681 gi|49 5771 5820 854 gi|59 13105 13153
msp 4947 s 331 80.3 1 691 gi|49 31606 31722 854 gi|59 13047 13151
msp 5069 s 288 79.5 -1 650 gi|46 39340 39466 854 gi|59 13054 13160
msp 5105 s 306 83.1 -1 723 gi|50 20066 20142 854 gi|59 13070 13152
msp 5161 s 344 86.0 1 777 gi|54 34626 34675 854 gi|59 13105 13154
edge 48 s 0 0 37 854
edge 245 s 0 0 19 854
edge 278 s 0 0 72 854
edge 316 s 0 0 121 854
edge 345 s 0 0 155 854
edge 382 s 0 0 199 854
edge 412 p -1 72 216 854
edge 456 s 0 0 248 854
edge 487 s 0 0 252 854
edge 520 s 0 0 312 854
edge 563 s 0 0 341 854
edge 602 s 0 0 446 854
edge 625 s 0 0 520 854
edge 652 s 0 0 523 854
edge 672 s 0 0 568 854
edge 718 s 0 0 583 854
edge 742 s 0 0 586 854
edge 760 s 0 0 650 854
edge 775 s 0 0 681 854
edge 794 s 0 0 691 854
edge 830 s 0 0 723 854
edge 866 s 0 0 777 854
edge 878 s 0 0 854 158
edge 879 s 0 0 854 234
edge 880 s 0 0 854 579
edge 881 s 0 0 854 872
edge 882 s 0 0 854 918
pcp 13178 216
pcp 13011 216
