frag gi|6 12021 12225
img_no 9
flimg_no 1
edge_no 5
msp 1500 p 648 80.8 -1 867 gi|6 12021 12228 92 gi|13 34774 34998
msp 1502 p 635 85.8 1 867 gi|6 12077 12224 50 gi|11 19980 20136
msp 1504 s 955 87.5 -1 867 gi|6 12081 12224 34 gi|10 17665 17812
msp 1506 s 510 82.5 -1 867 gi|6 12098 12223 921 gi|8 11660 11785
msp 1508 p 363 80.3 -1 867 gi|6 12098 12224 50 gi|11 20010 20155
msp 1510 s 866 88.7 1 867 gi|6 12099 12222 891 gi|7 9203 9326
msp 1512 s 316 82.3 -1 867 gi|6 12099 12228 891 gi|7 9217 9346
msp 1514 s 407 86.7 1 867 gi|6 12100 12227 92 gi|13 34761 34911
msp 1516 s 678 84.8 1 867 gi|6 12101 12225 921 gi|8 11643 11767
edge 1645 s 0 0 34 867
edge 1649 p 1 84 50 867
edge 1652 p -1 80 92 867
edge 1655 s 0 0 867 891
edge 1656 s 0 0 867 921
pcp 12021 92
pcp 12077 50
pcp 12098 50
pcp 12224 50
pcp 12224 50
pcp 12228 92
