frag gi|60 10160 10593
img_no 13
edge_no 13
msp 133 s 346 82.8 1 523 gi|4 15231 15329 881 gi|60 10469 10570
msp 265 s 323 88.7 -1 534 gi|4 32847 32908 881 gi|60 10509 10569
msp 429 s 282 91.7 1 184 gi|2 21063 21110 881 gi|60 10516 10563
msp 2495 s 317 81.8 1 950 gi|9 38633 38698 881 gi|60 10516 10580
msp 2551 s 354 88.0 1 80 gi|13 4608 4657 881 gi|60 10516 10565
msp 3833 p 277 81.5 1 288 gi|26 20959 21353 881 gi|60 10160 10566
msp 4361 s 273 83.1 1 426 gi|35 19841 19911 881 gi|60 10488 10563
msp 4455 s 273 80.8 1 482 gi|38 7566 7617 881 gi|60 10516 10566
msp 4809 s 332 88.3 1 606 gi|44 22457 22533 881 gi|60 10493 10564
msp 4971 s 259 87.7 1 693 gi|49 36460 36524 881 gi|60 10504 10565
msp 5087 p 264 69.7 1 760 gi|53 29056 29131 881 gi|60 10519 10593
msp 5137 s 290 89.7 -1 813 gi|57 6365 6432 881 gi|60 10498 10565
msp 5145 s 253 80.8 1 793 gi|56 1902 2005 881 gi|60 10468 10563
edge 653 s 0 0 523 881
edge 955 s 0 0 184 881
edge 1856 p 1 81 288 881
edge 1865 s 0 0 606 881
edge 1867 p 1 68 760 881
edge 1874 s 0 0 426 881
edge 1878 s 0 0 482 881
edge 1880 s 0 0 881 80
edge 1881 s 0 0 881 534
edge 1882 s 0 0 881 693
edge 1883 s 0 0 881 793
edge 1884 s 0 0 881 813
edge 1885 s 0 0 881 950
pcp 10160 288
pcp 10519 760
pcp 10566 288
pcp 10593 760
