frag gi|7 7045 7221
img_no 7
edge_no 7
msp 1247 s 277 82.3 1 701 gi|5 6953 7065 889 gi|7 7045 7175
msp 1648 p 270 85.6 1 889 gi|7 7111 7221 228 gi|22 21329 21450
msp 1650 s 292 92.9 -1 889 gi|7 7123 7178 647 gi|46 32572 32628
msp 1652 s 272 83.6 -1 889 gi|7 7123 7177 669 gi|48 21799 21850
msp 1654 s 274 95.9 -1 889 gi|7 7129 7177 911 gi|8 465 510
msp 1656 s 282 85.7 1 889 gi|7 7129 7177 879 gi|60 5088 5136
msp 1658 s 269 89.6 -1 889 gi|7 7129 7176 944 gi|9 22421 22467
edge 145 s 0 0 647 889
edge 166 s 0 0 669 889
edge 183 s 0 0 701 889
edge 192 s 0 0 879 889
edge 213 s 0 0 944 889
edge 906 s 0 0 911 889
edge 927 p 1 85 889 228
pcp 7221 228
pcp 7111 228
