frag gi|7 13870 14242
img_no 8
flimg_no 1
edge_no 4
msp 1686 p 513 73.6 1 892 gi|7 13870 14239 987 gi|11 26696 27060
msp 1688 p 988 77.4 1 892 gi|7 13932 14249 56 gi|12 5104 5448
msp 1690 p 822 84.0 1 892 gi|7 14048 14194 983 gi|21 13749 13900
msp 1692 p 714 80.3 1 892 gi|7 14038 14240 835 gi|58 18451 18655
msp 1694 s 577 77.3 -1 892 gi|7 14046 14230 56 gi|12 5248 5433
msp 1696 s 528 74.6 -1 892 gi|7 14047 14243 987 gi|11 26869 27059
msp 1698 s 562 72.0 -1 892 gi|7 14058 14239 835 gi|58 18464 18642
msp 1700 s 580 76.1 -1 892 gi|7 14088 14242 983 gi|21 13749 13903
edge 1754 p 1 76 56 892
edge 1770 p 1 80 835 892
edge 1774 p 1 84 983 892
edge 1795 p 1 73 987 892
pcp 13870 987
pcp 13932 56
pcp 14038 835
pcp 14048 983
pcp 14194 983
pcp 14239 987
pcp 14240 835
pcp 14249 56
