frag gi|7 22789 23105
img_no 8
flimg_no 5
edge_no 3
msp 1726 s 1353 75.5 -1 896 gi|7 22788 23105 923 gi|8 12393 12710
msp 1728 p 629 76.7 1 896 gi|7 22789 23105 923 gi|8 12391 12707
msp 1730 p 605 75.4 -1 896 gi|7 22789 23105 232 gi|22 32003 32297
msp 1732 s 522 76.9 -1 896 gi|7 22791 23106 1061 gi|36 1318 1621
msp 1734 p 505 76.2 1 896 gi|7 22791 23105 1061 gi|36 1319 1621
msp 1736 s 512 80.3 1 896 gi|7 22791 23089 232 gi|22 32003 32279
msp 1738 s 516 78.6 1 896 gi|7 22905 23105 923 gi|8 12349 12539
msp 1740 s 337 80.4 -1 896 gi|7 22952 23053 923 gi|8 12613 12717
edge 2621 p -1 75 232 896
edge 2625 p 1 76 896 923
edge 2627 p 1 76 1061 896
pcp 22789 923
pcp 22789 232
pcp 22791 1061
pcp 23105 1061
pcp 23105 923
pcp 23105 232
