frag gi|8 28222 28329
img_no 20
edge_no 18
msp 477 s 291 90.0 1 951 gi|1 1669 1726 933 gi|8 28247 28309
msp 1196 s 380 85.1 1 933 gi|8 28222 28295 148 gi|18 21915 21986
msp 1198 s 308 85.5 1 933 gi|8 28234 28295 67 gi|12 19702 19769
msp 1200 s 273 80.0 -1 933 gi|8 28237 28301 58 gi|12 8622 8685
msp 1202 s 311 86.5 -1 933 gi|8 28237 28288 506 gi|39 15127 15178
msp 1204 s 297 86.3 1 933 gi|8 28244 28294 942 gi|9 19647 19698
msp 1206 s 326 87.8 -1 933 gi|8 28246 28294 121 gi|17 3110 3158
msp 1208 s 333 94.1 -1 933 gi|8 28248 28298 669 gi|48 21797 21845
msp 1210 s 379 93.8 1 933 gi|8 28248 28295 944 gi|9 22358 22405
msp 1212 s 361 92.5 -1 933 gi|8 28248 28300 879 gi|60 5145 5199
msp 1214 s 309 92.0 -1 933 gi|8 28248 28297 647 gi|46 32572 32619
msp 1216 s 381 87.3 1 933 gi|8 28249 28303 669 gi|48 21740 21794
msp 1218 s 262 89.6 1 933 gi|8 28249 28296 879 gi|60 5088 5136
msp 1220 s 324 86.4 -1 933 gi|8 28249 28329 62 gi|12 11720 11791
msp 1222 s 322 88.7 1 933 gi|8 28249 28310 694 gi|49 37734 37804
msp 1224 s 316 93.3 -1 933 gi|8 28249 28293 952 gi|39 33976 34020
msp 1226 s 309 89.4 1 933 gi|8 28249 28295 433 gi|35 28731 28777
msp 1228 s 270 91.3 1 933 gi|8 28250 28295 71 gi|12 28020 28063
msp 1230 s 262 86.0 1 933 gi|8 28252 28294 489 gi|38 24046 24088
msp 1301 s 292 80.4 -1 701 gi|5 7080 7130 933 gi|8 28248 28298
edge 57 s 0 0 58 933
edge 68 s 0 0 67 933
edge 86 s 0 0 71 933
edge 100 s 0 0 148 933
edge 117 s 0 0 489 933
edge 147 s 0 0 647 933
edge 168 s 0 0 669 933
edge 185 s 0 0 701 933
edge 194 s 0 0 879 933
edge 197 s 0 0 933 62
edge 198 s 0 0 933 121
edge 199 s 0 0 933 433
edge 200 s 0 0 933 506
edge 201 s 0 0 933 694
edge 202 s 0 0 933 942
edge 203 s 0 0 933 944
edge 970 s 0 0 951 933
edge 987 s 0 0 952 933
