frag gi|9 22279 22597
img_no 34
edge_no 24
msp 111 s 291 92.3 1 523 gi|4 15145 15196 944 gi|9 22354 22399
msp 475 p 339 84.3 1 951 gi|1 1669 1775 944 gi|9 22359 22470
msp 499 s 373 80.8 -1 951 gi|1 1671 1774 944 gi|9 22357 22467
msp 673 s 336 81.1 1 19 gi|1 27201 27311 944 gi|9 22359 22468
msp 1037 s 257 93.3 -1 911 gi|8 466 510 944 gi|9 22359 22405
msp 1211 s 379 93.8 1 933 gi|8 28248 28295 944 gi|9 22358 22405
msp 1265 s 482 85.0 -1 701 gi|5 7020 7132 944 gi|9 22356 22471
msp 1269 s 381 88.9 1 701 gi|5 7022 7129 944 gi|9 22357 22467
msp 1659 s 269 89.6 -1 889 gi|7 7129 7176 944 gi|9 22421 22467
msp 2416 s 335 80.4 1 944 gi|9 22279 22467 879 gi|60 5003 5198
msp 2418 s 347 83.8 1 944 gi|9 22339 22412 67 gi|12 19705 19777
msp 2420 s 324 79.8 1 944 gi|9 22339 22467 678 gi|49 2127 2247
msp 2422 s 330 89.5 1 944 gi|9 22349 22405 433 gi|35 28721 28777
msp 2424 s 552 87.5 -1 944 gi|9 22350 22469 121 gi|17 3042 3167
msp 2426 s 359 81.9 -1 944 gi|9 22351 22488 489 gi|38 24031 24154
msp 2428 s 257 83.3 -1 944 gi|9 22352 22405 324 gi|28 33285 33336
msp 2430 s 284 80.8 1 944 gi|9 22353 22404 694 gi|49 37728 37779
msp 2432 p 254 88.2 1 944 gi|9 22354 22404 161 gi|19 14809 14857
msp 2434 s 263 75.4 1 944 gi|9 22355 22411 59 gi|12 8766 8823
msp 2436 s 296 78.8 -1 944 gi|9 22355 22581 678 gi|49 2024 2251
msp 2438 p 474 83.8 1 944 gi|9 22356 22565 952 gi|39 33910 34103
msp 2440 s 447 86.5 -1 944 gi|9 22358 22468 669 gi|48 21739 21845
msp 2442 s 545 88.2 -1 944 gi|9 22358 22467 879 gi|60 5088 5199
msp 2444 s 383 91.2 -1 944 gi|9 22358 22459 647 gi|46 32517 32619
msp 2446 s 252 85.4 -1 944 gi|9 22358 22405 58 gi|12 8629 8674
msp 2448 s 623 92.0 1 944 gi|9 22359 22470 669 gi|48 21740 21848
msp 2450 s 292 80.0 1 944 gi|9 22359 22468 121 gi|17 3044 3156
msp 2452 s 532 79.5 1 944 gi|9 22359 22597 148 gi|18 21940 22180
msp 2454 s 255 78.9 -1 944 gi|9 22359 22467 148 gi|18 21940 22041
msp 2456 s 359 87.2 -1 944 gi|9 22359 22467 952 gi|39 33913 34020
msp 2458 s 351 82.6 -1 944 gi|9 22359 22473 62 gi|12 11685 11791
msp 2460 s 265 80.6 1 944 gi|9 22360 22467 71 gi|12 28020 28120
msp 2462 s 306 77.4 1 944 gi|9 22362 22467 489 gi|38 24046 24146
msp 2464 s 350 86.1 1 944 gi|9 22367 22467 647 gi|46 32517 32618
edge 58 s 0 0 58 944
edge 69 s 0 0 67 944
edge 87 s 0 0 71 944
edge 102 s 0 0 148 944
edge 103 p 1 88 161 944
edge 119 s 0 0 489 944
edge 149 s 0 0 647 944
edge 170 s 0 0 669 944
edge 187 s 0 0 701 944
edge 196 s 0 0 879 944
edge 203 s 0 0 933 944
edge 204 s 0 0 944 19
edge 205 s 0 0 944 59
edge 206 s 0 0 944 62
edge 207 s 0 0 944 121
edge 208 s 0 0 944 324
edge 209 s 0 0 944 433
edge 210 s 0 0 944 523
edge 211 s 0 0 944 678
edge 212 s 0 0 944 694
edge 213 s 0 0 944 889
edge 214 s 0 0 944 911
edge 971 p 1 84 951 944
edge 988 p 1 83 952 944
pcp 22565 952
pcp 22470 951
pcp 22404 161
pcp 22359 951
pcp 22356 952
pcp 22354 161
