frag gi|60 38415 38461
img_no 4
flimg_no 3
edge_no 4
msp 1645 p 294 88.5 -1 888 gi|7 73 123 960 gi|60 38413 38463
msp 4537 p 243 84.9 1 509 gi|39 23734 23780 960 gi|60 38417 38463
msp 5119 p 252 88.4 1 730 gi|50 36066 36108 960 gi|60 38418 38460
msp 5167 p 247 84.2 1 833 gi|58 17060 17109 960 gi|60 38413 38460
edge 1186 p 1 84 960 509
edge 1187 p 1 88 960 730
edge 1188 p 1 84 960 833
edge 1189 p -1 88 960 888
pcp 38413 888
pcp 38413 833
pcp 38417 509
pcp 38418 730
pcp 38460 730
pcp 38460 833
pcp 38463 509
pcp 38463 888
