frag gi|14 10076 11503
img_no 13
flimg_no 3
edge_no 13
msp 451 p 12557 99.4 1 968 gi|2 31442 32870 966 gi|14 10075 11503
msp 713 p 134 79.7 -1 979 gi|1 36749 36782 966 gi|14 11473 11506
msp 717 p 12418 99.9 1 967 gi|1 36751 38152 966 gi|14 10104 11499
msp 803 s 264 75.5 1 972 gi|3 7319 7776 966 gi|14 10900 11363
msp 1111 p 12561 99.6 1 919 gi|8 8415 9843 966 gi|14 10076 11503
msp 1175 p 12579 99.2 1 929 gi|8 19548 20973 966 gi|14 10078 11503
msp 2628 p 2312 96.6 -1 966 gi|14 10077 10386 969 gi|21 24877 25187
msp 2630 p 8887 99.4 -1 966 gi|14 10076 11106 977 gi|58 2880 3909
msp 2632 p 10077 100.0 -1 966 gi|14 10381 11506 211 gi|21 21308 22433
msp 2634 s 325 76.9 1 966 gi|14 10596 11397 974 gi|40 6824 7617
msp 2636 p 2561 96.4 -1 966 gi|14 11053 11388 976 gi|58 1 325
msp 2638 s 344 82.0 1 966 gi|14 11164 11363 971 gi|26 749 929
msp 2640 p 1051 100.0 -1 966 gi|14 11389 11503 975 gi|44 39886 40000
edge 1459 p -1 100 966 211
edge 1467 p 1 99 966 919
edge 1468 p 1 99 966 929
edge 1482 p 1 99 967 966
edge 1494 p 1 99 968 966
edge 1500 p -1 96 969 966
edge 1511 s 0 0 971 966
edge 1519 s 0 0 972 966
edge 1532 s 0 0 974 966
edge 1541 p -1 100 975 966
edge 1550 p -1 96 976 966
edge 1559 p -1 99 977 966
edge 1563 p -1 79 979 966
pcp 11506 979
pcp 11506 211
pcp 11503 929
pcp 11503 968
pcp 11503 975
pcp 11503 919
pcp 11499 967
pcp 11473 979
pcp 11389 975
pcp 11388 976
pcp 11106 977
pcp 11053 976
pcp 10386 969
pcp 10381 211
pcp 10104 967
pcp 10078 929
pcp 10077 969
pcp 10076 977
pcp 10076 919
pcp 10075 968
