frag gi|1 36751 38151
img_no 13
flimg_no 4
edge_no 13
msp 714 p 12568 100.0 1 967 gi|1 36751 38151 929 gi|8 19574 20974
msp 716 p 12418 99.9 1 967 gi|1 36751 38152 966 gi|14 10104 11499
msp 718 p 2527 100.0 -1 967 gi|1 36751 37033 969 gi|21 24877 25159
msp 720 p 12560 100.0 1 967 gi|1 36752 38151 919 gi|8 8445 9844
msp 722 p 12552 100.0 1 967 gi|1 36752 38150 968 gi|2 31472 32870
msp 724 p 8910 99.9 -1 967 gi|1 36752 37753 977 gi|58 2880 3881
msp 726 p 10055 100.0 -1 967 gi|1 37028 38150 211 gi|21 21311 22433
msp 728 s 261 77.8 1 967 gi|1 37219 38064 1074 gi|3 5239 6090
msp 732 s 297 75.9 1 967 gi|1 37547 38010 972 gi|3 7319 7776
msp 734 p 2561 96.4 -1 967 gi|1 37700 38035 976 gi|58 1 325
msp 736 s 344 82.0 1 967 gi|1 37811 38010 971 gi|26 749 929
msp 738 p 909 94.8 -1 967 gi|1 38036 38152 975 gi|44 39886 40000
msp 5176 s 284 76.9 1 967 gi|1 37243 38138 974 gi|40 6824 7697
edge 1471 p -1 100 967 211
edge 1480 p 1 100 967 919
edge 1481 p 1 100 967 929
edge 1482 p 1 99 967 966
edge 1495 p 1 100 968 967
edge 1501 p -1 100 969 967
edge 1512 s 0 0 971 967
edge 1520 s 0 0 972 967
edge 1533 s 0 0 974 967
edge 1542 p -1 94 975 967
edge 1551 p -1 96 976 967
edge 1560 p -1 99 977 967
edge 2735 s 0 0 1074 967
pcp 36751 969
pcp 36751 966
pcp 36751 929
pcp 36752 968
pcp 36752 919
pcp 36752 977
pcp 37028 211
pcp 37033 969
pcp 37700 976
pcp 37753 977
pcp 38035 976
pcp 38036 975
pcp 38150 968
pcp 38150 211
pcp 38151 919
pcp 38151 929
pcp 38152 966
pcp 38152 975
