frag gi|2 31439 32870
img_no 13
flimg_no 3
edge_no 13
msp 442 p 2428 99.1 -1 968 gi|2 31438 31753 969 gi|21 24877 25184
msp 444 p 12527 99.6 1 968 gi|2 31438 32870 919 gi|8 8411 9843
msp 446 p 12514 99.0 1 968 gi|2 31438 32870 929 gi|8 19544 20973
msp 448 p 8863 99.3 -1 968 gi|2 31442 32473 977 gi|58 2880 3909
msp 450 p 12557 99.4 1 968 gi|2 31442 32870 966 gi|14 10075 11503
msp 452 p 10055 100.0 -1 968 gi|2 31748 32870 211 gi|21 21311 22433
msp 454 s 261 77.8 1 968 gi|2 31939 32784 1074 gi|3 5239 6090
msp 456 s 325 76.9 1 968 gi|2 31963 32764 974 gi|40 6824 7617
msp 458 s 297 75.9 1 968 gi|2 32267 32730 972 gi|3 7319 7776
msp 460 p 2561 96.4 -1 968 gi|2 32420 32755 976 gi|58 1 325
msp 462 s 344 82.0 1 968 gi|2 32531 32730 971 gi|26 749 929
msp 464 p 1048 100.0 -1 968 gi|2 32756 32870 975 gi|44 39886 40000
msp 723 p 12552 100.0 1 967 gi|1 36752 38150 968 gi|2 31472 32870
edge 1483 p -1 100 968 211
edge 1492 p 1 99 968 919
edge 1493 p 1 99 968 929
edge 1494 p 1 99 968 966
edge 1495 p 1 100 968 967
edge 1502 p -1 99 969 968
edge 1513 s 0 0 971 968
edge 1521 s 0 0 972 968
edge 1534 s 0 0 974 968
edge 1543 p -1 100 975 968
edge 1552 p -1 96 976 968
edge 1561 p -1 99 977 968
edge 2736 s 0 0 1074 968
pcp 31438 929
pcp 31438 969
pcp 31438 919
pcp 31442 966
pcp 31442 977
pcp 31472 967
pcp 31748 211
pcp 31753 969
pcp 32420 976
pcp 32473 977
pcp 32755 976
pcp 32756 975
pcp 32870 929
pcp 32870 966
pcp 32870 975
pcp 32870 211
pcp 32870 919
pcp 32870 967
