frag gi|21 24877 25185
img_no 6
flimg_no 4
edge_no 6
msp 443 p 2428 99.1 -1 968 gi|2 31438 31753 969 gi|21 24877 25184
msp 719 p 2527 100.0 -1 967 gi|1 36751 37033 969 gi|21 24877 25159
msp 1113 p 2544 97.7 -1 919 gi|8 8417 8726 969 gi|21 24877 25183
msp 1179 p 2527 100.0 -1 929 gi|8 19574 19856 969 gi|21 24877 25159
msp 2629 p 2312 96.6 -1 966 gi|14 10077 10386 969 gi|21 24877 25187
msp 3258 p 2423 98.7 1 969 gi|21 24877 25186 977 gi|58 3600 3909
edge 1498 p -1 97 969 919
edge 1499 p -1 100 969 929
edge 1500 p -1 96 969 966
edge 1501 p -1 100 969 967
edge 1502 p -1 99 969 968
edge 1562 p 1 98 977 969
pcp 25187 966
pcp 25186 977
pcp 25184 968
pcp 25183 919
pcp 25159 967
pcp 25159 929
pcp 24877 977
pcp 24877 967
pcp 24877 968
pcp 24877 929
pcp 24877 919
pcp 24877 966
