frag gi|58 1 325
img_no 11
flimg_no 6
edge_no 11
msp 461 p 2561 96.4 -1 968 gi|2 32420 32755 976 gi|58 1 325
msp 735 p 2561 96.4 -1 967 gi|1 37700 38035 976 gi|58 1 325
msp 779 s 476 76.5 -1 1074 gi|3 5795 6037 976 gi|58 11 253
msp 1121 p 2561 96.4 -1 919 gi|8 9393 9728 976 gi|58 1 325
msp 1185 p 2561 96.4 -1 929 gi|8 20523 20858 976 gi|58 1 325
msp 2283 p 179 86.9 -1 46 gi|11 279 310 976 gi|58 290 325
msp 2637 p 2561 96.4 -1 966 gi|14 11053 11388 976 gi|58 1 325
msp 3243 p 2561 96.4 1 211 gi|21 21426 21761 976 gi|58 1 325
msp 3817 s 339 80.1 -1 971 gi|26 749 929 976 gi|58 26 225
msp 3827 s 284 73.7 -1 1073 gi|26 6214 6426 976 gi|58 31 244
msp 4577 s 397 73.2 -1 974 gi|40 7325 7578 976 gi|58 31 281
edge 1544 p -1 86 976 46
edge 1545 p 1 96 976 211
edge 1548 p -1 96 976 919
edge 1549 p -1 96 976 929
edge 1550 p -1 96 976 966
edge 1551 p -1 96 976 967
edge 1552 p -1 96 976 968
edge 1553 s 0 0 976 971
edge 1554 s 0 0 976 974
edge 2731 s 0 0 1073 976
edge 2739 s 0 0 1074 976
pcp 1 966
pcp 1 929
pcp 1 968
pcp 1 211
pcp 1 967
pcp 1 919
pcp 290 46
pcp 325 968
pcp 325 929
pcp 325 919
pcp 325 966
pcp 325 211
pcp 325 967
pcp 325 46
