frag gi|15 4010 4088
img_no 5
flimg_no 3
edge_no 5
msp 213 p 295 80.3 -1 527 gi|4 19779 19853 982 gi|15 4008 4083
msp 2510 s 167 72.5 1 982 gi|15 4009 4080 666 gi|48 8869 8940
msp 2512 p 320 76.5 1 982 gi|15 4008 4090 502 gi|39 9982 10063
msp 2514 p 360 82.1 -1 982 gi|15 4010 4091 247 gi|23 19142 19221
msp 2516 p 282 75.3 -1 982 gi|15 4017 4091 365 gi|30 5763 5836
edge 1728 p -1 82 982 247
edge 1729 p -1 74 982 365
edge 1730 p 1 76 982 502
edge 1731 p -1 80 982 527
edge 1732 s 0 0 982 666
pcp 4091 247
pcp 4091 365
pcp 4090 502
pcp 4083 527
pcp 4017 365
pcp 4010 247
pcp 4008 502
pcp 4008 527
