frag gi|21 13749 13900
img_no 8
flimg_no 8
edge_no 4
msp 1691 p 822 84.0 1 892 gi|7 14048 14194 983 gi|21 13749 13900
msp 1701 s 580 76.1 -1 892 gi|7 14088 14242 983 gi|21 13749 13903
msp 2073 p 877 84.3 1 56 gi|12 5236 5387 983 gi|21 13749 13900
msp 2079 s 504 76.0 -1 56 gi|12 5281 5432 983 gi|21 13752 13903
msp 2317 p 584 81.4 1 987 gi|11 26869 27008 983 gi|21 13749 13895
msp 2325 p 442 73.1 -1 987 gi|11 26908 27060 983 gi|21 13751 13903
msp 3194 p 552 82.0 1 983 gi|21 13750 13903 835 gi|58 18460 18612
msp 3196 p 525 75.0 -1 983 gi|21 13751 13903 835 gi|58 18504 18655
edge 1772 p 1 84 983 56
edge 1773 p 1 82 983 835
edge 1774 p 1 84 983 892
edge 1797 p 1 81 987 983
pcp 13749 987
pcp 13749 56
pcp 13749 892
pcp 13750 835
pcp 13751 835
pcp 13751 987
pcp 13895 987
pcp 13900 56
pcp 13900 892
pcp 13903 987
pcp 13903 835
pcp 13903 835
