frag gi|11 26581 27055
img_no 20
edge_no 11
msp 1687 p 513 73.6 1 892 gi|7 13870 14239 987 gi|11 26696 27060
msp 1697 s 528 74.6 -1 892 gi|7 14047 14243 987 gi|11 26869 27059
msp 1705 s 292 82.7 -1 998 gi|7 14273 14329 987 gi|11 26997 27056
msp 1721 s 281 84.8 1 998 gi|7 14409 14464 987 gi|11 26997 27050
msp 1803 s 270 79.0 -1 984 gi|7 24982 25105 987 gi|11 26940 27052
msp 1807 s 250 82.2 1 984 gi|7 25094 25179 987 gi|11 26974 27058
msp 2308 p 134 78.5 1 987 gi|11 26888 27053 997 gi|36 6463 6657
msp 2310 p 410 74.3 -1 987 gi|11 26643 27051 56 gi|12 5246 5678
msp 2312 s 443 79.1 1 987 gi|11 26850 26959 56 gi|12 5220 5332
msp 2314 p 455 78.2 1 987 gi|11 26874 27050 994 gi|31 18893 19084
msp 2316 p 584 81.4 1 987 gi|11 26869 27008 983 gi|21 13749 13895
msp 2318 s 587 82.1 1 987 gi|11 26872 27005 835 gi|58 18462 18598
msp 2320 p 382 75.4 -1 987 gi|11 26874 27060 835 gi|58 18461 18650
msp 2322 s 315 83.7 -1 987 gi|11 26892 27058 994 gi|31 18893 19066
msp 2324 p 442 73.1 -1 987 gi|11 26908 27060 983 gi|21 13751 13903
msp 2326 s 248 77.6 -1 987 gi|11 26953 27056 997 gi|36 6462 6565
msp 2328 s 409 81.6 -1 987 gi|11 26966 27052 989 gi|31 6118 6207
msp 2330 s 349 87.0 1 987 gi|11 26997 27050 990 gi|32 16989 17042
msp 2332 s 266 87.3 -1 987 gi|11 26997 27051 990 gi|32 16855 16909
msp 5190 p 210 78.5 1 987 gi|11 26581 26858 996 gi|36 6156 6462
edge 1791 p -1 74 987 56
edge 1794 p -1 75 987 835
edge 1795 p 1 73 987 892
edge 1797 p 1 81 987 983
edge 1798 s 0 0 987 984
edge 1805 s 0 0 989 987
edge 1813 s 0 0 990 987
edge 1826 p 1 78 994 987
edge 1830 p 1 78 997 987
edge 1835 p 1 78 996 987
edge 1839 s 0 0 998 987
pcp 26581 996
pcp 26643 56
pcp 26696 892
pcp 26858 996
pcp 26869 983
pcp 26874 835
pcp 26874 994
pcp 26888 997
pcp 26908 983
pcp 27008 983
pcp 27050 994
pcp 27051 56
pcp 27053 997
pcp 27060 835
pcp 27060 892
pcp 27060 983
