frag gi|36 6464 6656
img_no 12
flimg_no 9
edge_no 6
msp 1707 p 565 80.3 -1 998 gi|7 14274 14461 997 gi|36 6463 6657
msp 1711 p 464 78.4 1 998 gi|7 14273 14464 997 gi|36 6465 6656
msp 1797 p 630 76.0 -1 984 gi|7 24982 25175 997 gi|36 6462 6657
msp 1805 p 413 79.7 1 984 gi|7 24988 25172 997 gi|36 6472 6657
msp 2309 p 134 78.5 1 987 gi|11 26888 27053 997 gi|36 6463 6657
msp 2327 s 248 77.6 -1 987 gi|11 26953 27056 997 gi|36 6462 6565
msp 4043 p 678 80.1 1 990 gi|32 16855 17043 997 gi|36 6466 6655
msp 4045 s 815 79.8 -1 990 gi|32 16856 17043 997 gi|36 6471 6654
msp 4067 p 651 82.0 -1 989 gi|31 6118 6314 997 gi|36 6462 6656
msp 4069 s 860 79.6 1 989 gi|31 6124 6309 997 gi|36 6472 6657
msp 4071 p 790 79.1 1 994 gi|31 18893 19086 997 gi|36 6463 6657
msp 4073 s 419 77.9 -1 994 gi|31 18896 19087 997 gi|36 6466 6657
edge 1829 p 1 79 997 984
edge 1830 p 1 78 997 987
edge 1831 p -1 82 997 989
edge 1832 p 1 80 997 990
edge 1834 p 1 79 997 994
edge 1843 p -1 80 998 997
pcp 6462 984
pcp 6462 989
pcp 6463 987
pcp 6463 994
pcp 6463 998
pcp 6465 998
pcp 6466 990
pcp 6472 984
pcp 6655 990
pcp 6656 998
pcp 6656 989
pcp 6657 984
pcp 6657 987
pcp 6657 994
pcp 6657 984
pcp 6657 998
