frag gi|7 14273 14461
img_no 10
flimg_no 8
edge_no 5
msp 1702 s 528 78.5 -1 998 gi|7 14273 14463 994 gi|31 18898 19079
msp 1704 s 292 82.7 -1 998 gi|7 14273 14329 987 gi|11 26997 27056
msp 1706 p 565 80.3 -1 998 gi|7 14274 14461 997 gi|36 6463 6657
msp 1708 s 754 76.0 -1 998 gi|7 14273 14464 989 gi|31 6119 6309
msp 1710 p 464 78.4 1 998 gi|7 14273 14464 997 gi|36 6465 6656
msp 1714 p 479 82.3 1 998 gi|7 14273 14464 989 gi|31 6117 6306
msp 1716 s 532 78.7 -1 998 gi|7 14275 14464 990 gi|32 16855 17043
msp 1720 s 281 84.8 1 998 gi|7 14409 14464 987 gi|11 26997 27050
msp 5184 p 828 85.6 1 998 gi|7 14276 14455 990 gi|32 16856 17043
msp 5188 p 297 84.1 1 998 gi|7 14273 14464 994 gi|31 18895 19081
edge 1839 s 0 0 998 987
edge 1840 p 1 82 998 989
edge 1841 p 1 85 998 990
edge 1842 p 1 84 998 994
edge 1843 p -1 80 998 997
pcp 14273 989
pcp 14273 997
pcp 14273 994
pcp 14274 997
pcp 14276 990
pcp 14455 990
pcp 14461 997
pcp 14464 994
pcp 14464 997
pcp 14464 989
