frag gi|1 18881 19045
img_no 16
edge_no 16
msp 268 p 579 85.9 1 10 gi|1 18881 19022 385 gi|31 14220 14366
msp 270 s 359 84.7 -1 10 gi|1 18905 18976 834 gi|59 1697 1767
msp 272 s 413 84.4 1 10 gi|1 18907 18996 375 gi|30 20377 20470
msp 274 s 581 90.5 -1 10 gi|1 18913 19007 274 gi|25 3882 3971
msp 276 s 459 79.5 -1 10 gi|1 18914 19045 948 gi|51 16406 16539
msp 278 s 429 92.5 -1 10 gi|1 18914 18991 964 gi|34 22201 22269
msp 280 s 389 83.1 1 10 gi|1 18914 18993 961 gi|16 23498 23574
msp 282 s 460 89.0 -1 10 gi|1 18914 18995 962 gi|19 2353 2436
msp 284 s 337 79.3 -1 10 gi|1 18914 18995 184 gi|19 38490 38568
msp 286 s 280 78.4 1 10 gi|1 18914 18987 482 gi|37 3414 3490
msp 288 s 416 81.5 1 10 gi|1 18915 19033 973 gi|31 34083 34196
msp 290 s 417 83.3 -1 10 gi|1 18916 18993 162 gi|18 23589 23664
msp 292 s 338 85.3 -1 10 gi|1 18917 18991 154 gi|18 5616 5687
msp 294 s 288 85.7 -1 10 gi|1 18917 18990 974 gi|56 22266 22332
msp 296 s 291 87.5 1 10 gi|1 18917 18988 947 gi|21 13781 13845
msp 298 s 399 83.1 1 10 gi|1 18929 18993 590 gi|43 11642 11705
edge 593 s 0 0 10 154
edge 594 s 0 0 10 162
edge 596 s 0 0 10 184
edge 598 s 0 0 10 274
edge 599 s 0 0 10 375
edge 600 p 1 85 10 385
edge 603 s 0 0 10 482
edge 604 s 0 0 10 590
edge 607 s 0 0 10 834
edge 854 s 0 0 947 10
edge 871 s 0 0 948 10
edge 982 s 0 0 961 10
edge 1006 s 0 0 962 10
edge 1027 s 0 0 964 10
edge 1096 s 0 0 973 10
edge 1120 s 0 0 974 10
