frag gi|43 6684 6797
img_no 6
flimg_no 3
edge_no 5
msp 1947 p 251 74.4 1 703 gi|5 5415 5491 1006 gi|43 6722 6799
msp 3023 p 239 77.4 1 174 gi|19 13399 13508 1006 gi|43 6682 6799
msp 3035 s 263 72.4 1 174 gi|19 13596 13670 1006 gi|43 6725 6799
msp 4097 p 256 78.8 -1 412 gi|32 37144 37256 1006 gi|43 6686 6793
msp 4467 p 242 76.6 1 1007 gi|39 20262 20375 1006 gi|43 6686 6799
msp 4670 s 370 82.1 -1 1006 gi|43 6721 6799 727 gi|50 39099 39182
edge 2509 S 1 77 1006 174
edge 2510 P -1 78 1006 412
edge 2512 P 1 74 1006 703
edge 2513 s 0 0 1006 727
edge 2530 S 1 76 1007 1006
