frag gi|37 23525 23601
img_no 5
flimg_no 2
edge_no 5
msp 4312 p 273 86.1 -1 1042 gi|37 23526 23573 1045 gi|59 11276 11323
msp 4314 p 335 91.5 -1 1042 gi|37 23525 23569 1043 gi|47 11708 11752
msp 4316 p 272 79.8 -1 1042 gi|37 23525 23603 660 gi|47 20824 20901
msp 4318 p 289 83.7 1 1042 gi|37 23526 23574 729 gi|51 10533 10581
msp 4322 p 253 75.7 1 1042 gi|37 23526 23599 765 gi|54 5153 5234
edge 2852 p -1 79 1042 660
edge 2853 P 1 83 1042 729
edge 2854 p 1 75 1042 765
edge 2859 S -1 91 1043 1042
edge 2864 P -1 86 1045 1042
