frag gi|16 22789 23105
img_no 8
flimg_no 5
edge_no 3
msp 893 p 631 73.6 -1 899 gi|8 32003 32297 127 gi|16 22789 23105
msp 895 s 526 78.7 1 899 gi|8 32003 32279 127 gi|16 22791 23089
msp 2594 s 1353 75.5 -1 127 gi|16 22788 23105 815 gi|57 12393 12710
msp 2596 p 629 76.7 1 127 gi|16 22789 23105 815 gi|57 12391 12707
msp 2598 s 522 76.9 -1 127 gi|16 22791 23106 997 gi|43 1318 1621
msp 2600 p 505 76.2 1 127 gi|16 22791 23105 997 gi|43 1319 1621
msp 2602 s 516 78.6 1 127 gi|16 22905 23105 815 gi|57 12349 12539
msp 2604 s 337 80.4 -1 127 gi|16 22952 23053 815 gi|57 12613 12717
edge 2394 p 1 76 127 815
edge 2395 p -1 73 127 899
edge 2399 p 1 76 997 127
