frag gi|19 13395 13675
img_no 11
edge_no 5
msp 1319 s 305 74.9 1 912 gi|9 31050 31224 174 gi|19 13448 13664
msp 1329 s 260 78.1 1 912 gi|9 31172 31235 174 gi|19 13449 13513
msp 3020 s 398 82.6 -1 174 gi|19 13388 13508 727 gi|50 39100 39227
msp 3022 p 239 77.4 1 174 gi|19 13399 13508 1006 gi|43 6682 6799
msp 3024 s 468 82.8 1 174 gi|19 13435 13672 1007 gi|39 20302 20493
msp 3026 s 283 75.3 1 174 gi|19 13435 13511 1007 gi|39 20417 20494
msp 3028 s 250 82.5 -1 174 gi|19 13449 13665 412 gi|32 36904 37076
msp 3030 s 461 86.4 1 174 gi|19 13593 13673 1007 gi|39 20297 20378
msp 3032 s 322 81.5 -1 174 gi|19 13595 13675 727 gi|50 39096 39176
msp 3034 s 263 72.4 1 174 gi|19 13596 13670 1006 gi|43 6725 6799
msp 3036 s 251 77.8 -1 174 gi|19 13611 13664 412 gi|32 37024 37076
edge 2280 s 0 0 912 174
edge 2496 s 0 0 727 174
edge 2500 s 0 0 174 412
edge 2509 S 1 77 1006 174
edge 2518 s 0 0 1007 174
