frag gi|2 31970 34242
img_no 20
edge_no 15
msp 574 s 1572 77.8 1 198 gi|2 31970 33286 879 gi|7 21926 23229
msp 576 s 325 73.3 -1 198 gi|2 32079 32595 37 gi|10 25860 26374
msp 578 s 706 77.9 1 198 gi|2 32085 32568 879 gi|7 22867 23369
msp 580 s 520 80.4 -1 198 gi|2 32112 32789 409 gi|32 28745 29377
msp 582 s 292 81.0 -1 198 gi|2 32138 32725 114 gi|15 27097 27667
msp 584 s 550 78.0 -1 198 gi|2 32169 33417 37 gi|10 25881 27101
msp 586 s 331 78.0 -1 198 gi|2 32188 32759 773 gi|54 24275 24867
msp 588 s 465 77.2 1 198 gi|2 32531 32841 880 gi|7 23608 23931
msp 590 s 475 75.1 1 198 gi|2 32923 34242 879 gi|7 22005 23345
msp 592 s 479 75.4 1 198 gi|2 32938 33640 75 gi|13 15318 15968
msp 594 s 396 70.7 1 198 gi|2 32961 33270 146 gi|17 19430 19736
msp 596 s 303 79.5 -1 198 gi|2 32973 33250 479 gi|36 36811 37058
msp 598 s 292 80.9 -1 198 gi|2 32974 33245 114 gi|15 27396 27673
msp 600 p 268 78.5 -1 198 gi|2 32983 33112 183 gi|19 35910 36048
msp 602 s 300 77.6 1 198 gi|2 32984 33233 591 gi|43 11801 12040
msp 604 s 359 75.4 -1 198 gi|2 33001 33252 893 gi|8 17815 18063
msp 606 s 284 75.5 1 198 gi|2 33016 33231 647 gi|46 30420 30635
msp 608 s 288 78.1 -1 198 gi|2 33019 33233 806 gi|57 142 353
msp 610 p 316 78.3 1 198 gi|2 33303 33699 880 gi|7 23531 23924
msp 612 s 265 79.6 1 198 gi|2 33432 33637 311 gi|27 20140 20374
edge 1166 s 0 0 75 198
edge 1182 s 0 0 114 198
edge 1204 s 0 0 146 198
edge 1214 s 0 0 409 198
edge 1224 s 0 0 479 198
edge 1233 s 0 0 773 198
edge 1241 s 0 0 893 198
edge 1259 s 0 0 591 198
edge 1274 s 0 0 806 198
edge 1281 s 0 0 879 198
edge 1296 s 0 0 37 198
edge 1324 P -1 78 198 183
edge 1325 s 0 0 198 311
edge 1326 s 0 0 198 647
edge 1327 P 1 78 198 880
