frag gi|20 37094 37351
img_no 15
edge_no 13
msp 491 s 286 82.7 1 192 gi|2 14354 14463 218 gi|20 37116 37230
msp 499 s 267 84.4 -1 192 gi|2 14393 14469 218 gi|20 37129 37218
msp 1299 s 275 85.5 1 1002 gi|9 28707 28767 218 gi|20 37170 37239
msp 1397 p 312 88.6 -1 914 gi|9 34465 34508 218 gi|20 37170 37213
msp 2687 p 263 78.3 -1 142 gi|17 12864 13006 218 gi|20 37172 37303
msp 2689 s 261 83.9 1 142 gi|17 12945 13006 218 gi|20 37139 37204
msp 2942 p 272 88.0 -1 218 gi|20 37094 37201 690 gi|49 35097 35194
msp 2944 s 274 86.0 -1 218 gi|20 37113 37205 670 gi|47 36824 36922
msp 2946 s 488 82.5 1 218 gi|20 37171 37336 797 gi|56 26707 26872
msp 2948 s 265 97.0 1 218 gi|20 37172 37204 826 gi|58 421 455
msp 2950 s 328 82.5 1 218 gi|20 37233 37312 317 gi|27 37838 37920
msp 2952 s 628 81.7 1 218 gi|20 37235 37354 551 gi|40 16576 16695
msp 2954 s 425 78.3 1 218 gi|20 37244 37349 482 gi|37 3375 3479
msp 2956 s 444 79.8 -1 218 gi|20 37246 37349 372 gi|30 5920 6022
msp 3067 p 302 78.2 -1 184 gi|19 38506 38647 218 gi|20 37202 37351
edge 683 p -1 78 184 218
edge 754 s 0 0 482 218
edge 802 s 0 0 372 218
edge 810 s 0 0 551 218
edge 827 P -1 78 218 142
edge 828 s 0 0 218 192
edge 829 s 0 0 218 317
edge 830 s 0 0 218 670
edge 831 P -1 88 218 690
edge 832 s 0 0 218 797
edge 833 s 0 0 218 826
edge 835 S -1 88 218 914
edge 2457 s 0 0 1002 218
