frag gi|22 27323 28912
img_no 6
flimg_no 1
edge_no 5
msp 3210 p 1075 75.6 1 241 gi|22 27323 28912 589 gi|43 9673 11263
msp 3212 s 1305 77.0 1 241 gi|22 27341 28097 297 gi|26 19251 19995
msp 3214 s 266 76.3 1 241 gi|22 27350 28262 299 gi|26 21419 22331
msp 3216 s 267 76.2 1 241 gi|22 27350 27988 591 gi|43 11747 12388
msp 3218 s 251 77.7 -1 241 gi|22 27564 27648 649 gi|46 34227 34311
msp 3220 s 289 75.2 1 241 gi|22 27704 28155 591 gi|43 12203 12674
edge 1260 s 0 0 591 241
edge 1328 s 0 0 649 241
edge 1341 s 0 0 299 241
edge 2021 p 1 75 589 241
edge 2537 s 0 0 297 241
