frag gi|24 31579 33068
img_no 10
edge_no 7
msp 331 s 271 79.8 -1 12 gi|1 22892 22995 268 gi|24 32935 33037
msp 2509 s 256 79.8 -1 114 gi|15 27339 27536 268 gi|24 32521 32700
msp 2515 s 288 75.1 -1 114 gi|15 27400 27632 268 gi|24 31579 31805
msp 3540 s 335 79.3 -1 268 gi|24 31633 32048 651 gi|46 36718 37119
msp 3542 s 278 75.3 -1 268 gi|24 31633 32061 618 gi|44 37847 38290
msp 3544 s 469 75.6 -1 268 gi|24 31705 33042 651 gi|46 36565 37896
msp 3546 s 254 77.0 1 268 gi|24 31989 32110 637 gi|46 8527 8642
msp 3548 s 300 77.3 -1 268 gi|24 32000 32131 409 gi|32 28735 28872
msp 3550 p 253 69.9 -1 268 gi|24 32011 32113 348 gi|29 32196 32303
msp 3552 s 288 85.8 1 268 gi|24 32956 33068 637 gi|46 8519 8637
edge 1185 s 0 0 114 268
edge 1215 s 0 0 409 268
edge 1329 s 0 0 268 12
edge 1330 P -1 69 268 348
edge 1331 s 0 0 268 618
edge 1332 s 0 0 268 637
edge 1333 s 0 0 268 651
