frag gi|24 35390 35528
img_no 6
flimg_no 1
edge_no 6
msp 1391 s 256 94.1 1 913 gi|9 32574 32607 269 gi|24 35496 35529
msp 3554 p 260 79.1 1 269 gi|24 35390 35528 638 gi|46 13219 13371
msp 3556 s 293 100.0 -1 269 gi|24 35492 35529 343 gi|29 19734 19773
msp 3558 s 254 91.2 1 269 gi|24 35496 35529 335 gi|29 8629 8662
msp 3560 s 268 94.1 1 269 gi|24 35496 35529 807 gi|57 466 499
msp 3562 s 250 96.7 -1 269 gi|24 35497 35526 634 gi|46 7036 7065
edge 53 s 0 0 634 269
edge 142 s 0 0 269 335
edge 143 s 0 0 269 343
edge 144 P 1 79 269 638
edge 145 s 0 0 269 807
edge 146 s 0 0 269 913
