frag gi|25 3856 3971
img_no 19
edge_no 19
msp 275 s 581 90.5 -1 10 gi|1 18913 19007 274 gi|25 3882 3971
msp 383 s 339 83.3 1 967 gi|1 37351 37412 274 gi|25 3893 3955
msp 2637 p 413 81.0 -1 961 gi|16 23490 23573 274 gi|25 3893 3978
msp 2763 s 379 85.1 1 154 gi|18 5611 5677 274 gi|25 3888 3957
msp 2811 s 455 90.6 1 162 gi|18 23582 23666 274 gi|25 3880 3964
msp 2975 s 374 89.2 1 962 gi|19 2356 2429 274 gi|25 3892 3970
msp 3063 s 336 81.3 1 184 gi|19 38494 38568 274 gi|25 3893 3970
msp 3145 s 297 87.5 -1 947 gi|21 13783 13846 274 gi|25 3897 3965
msp 3294 s 280 72.0 -1 274 gi|25 3856 3955 482 gi|37 3434 3531
msp 3296 s 352 75.2 -1 274 gi|25 3870 3970 375 gi|30 20387 20489
msp 3298 s 443 84.7 -1 274 gi|25 3880 3964 973 gi|31 34088 34169
msp 3300 s 400 83.3 1 274 gi|25 3887 3970 948 gi|51 16460 16539
msp 3302 s 461 85.7 -1 274 gi|25 3889 3972 385 gi|31 14252 14332
msp 3304 p 389 91.5 1 274 gi|25 3892 3970 964 gi|34 22201 22269
msp 3306 s 397 90.8 -1 274 gi|25 3892 3956 590 gi|43 11641 11704
msp 3308 p 279 84.3 1 274 gi|25 3896 3965 974 gi|56 22266 22330
msp 3310 s 257 83.3 1 274 gi|25 3896 3955 952 gi|52 21359 21414
msp 3312 s 416 91.9 1 274 gi|25 3898 3971 834 gi|59 1689 1760
msp 3314 s 264 84.9 1 274 gi|25 3898 3950 372 gi|30 5912 5960
edge 598 s 0 0 10 274
edge 633 s 0 0 154 274
edge 652 s 0 0 162 274
edge 684 s 0 0 184 274
edge 707 s 0 0 274 372
edge 708 s 0 0 274 375
edge 709 s 0 0 274 385
edge 712 s 0 0 274 482
edge 713 s 0 0 274 590
edge 717 s 0 0 274 834
edge 860 s 0 0 947 274
edge 879 s 0 0 948 274
edge 908 s 0 0 952 274
edge 989 S -1 81 961 274
edge 1011 s 0 0 962 274
edge 1033 S 1 91 964 274
edge 1053 s 0 0 967 274
edge 1100 s 0 0 973 274
edge 1123 S 1 84 974 274
