frag gi|25 5746 5865
img_no 38
edge_no 35
msp 33 s 253 85.0 -1 543 gi|4 33416 33475 275 gi|25 5774 5840
msp 687 s 310 86.8 1 199 gi|2 36036 36088 275 gi|25 5775 5830
msp 703 s 266 85.5 -1 199 gi|2 36094 36176 275 gi|25 5747 5822
msp 911 s 335 83.6 1 900 gi|8 34663 34729 275 gi|25 5758 5823
msp 1067 s 362 93.8 -1 873 gi|7 11799 11846 275 gi|25 5770 5818
msp 1165 s 300 79.8 1 876 gi|7 15873 15976 275 gi|25 5752 5852
msp 1265 s 256 87.7 -1 887 gi|7 39814 39878 275 gi|25 5771 5834
msp 1473 s 281 92.0 1 916 gi|9 39350 39399 275 gi|25 5775 5821
msp 1849 s 328 87.8 -1 58 gi|12 13105 13153 275 gi|25 5771 5820
msp 2075 s 262 82.1 -1 80 gi|13 22956 23022 275 gi|25 5775 5836
msp 2175 s 281 95.5 -1 83 gi|13 30545 30588 275 gi|25 5774 5818
msp 2361 s 253 89.6 1 105 gi|15 7966 8013 275 gi|25 5775 5820
msp 2409 s 263 75.4 -1 106 gi|15 9570 9630 275 gi|25 5760 5820
msp 3316 s 302 82.9 1 275 gi|25 5746 5821 404 gi|32 20027 20115
msp 3318 s 267 76.4 1 275 gi|25 5751 5822 347 gi|29 32033 32114
msp 3320 s 292 87.0 -1 275 gi|25 5754 5822 422 gi|33 14443 14502
msp 3322 s 348 81.8 -1 275 gi|25 5756 5821 589 gi|43 9585 9649
msp 3324 s 283 80.5 -1 275 gi|25 5758 5834 835 gi|59 1940 2029
msp 3326 s 311 95.1 1 275 gi|25 5760 5820 507 gi|38 21299 21357
msp 3328 s 343 87.9 1 275 gi|25 5765 5822 812 gi|57 8252 8307
msp 3330 s 332 87.0 -1 275 gi|25 5766 5865 533 gi|39 33146 33239
msp 3332 s 252 92.6 -1 275 gi|25 5767 5820 715 gi|50 15276 15327
msp 3334 s 306 81.1 -1 275 gi|25 5769 5821 712 gi|50 2504 2556
msp 3336 s 376 90.6 1 275 gi|25 5770 5822 510 gi|38 28121 28174
msp 3338 s 257 88.7 1 275 gi|25 5770 5831 872 gi|60 39540 39604
msp 3340 s 252 89.6 -1 275 gi|25 5774 5821 661 gi|47 20920 20968
msp 3342 s 303 83.0 1 275 gi|25 5774 5826 319 gi|28 691 743
msp 3344 s 302 84.0 1 275 gi|25 5774 5823 413 gi|32 39633 39682
msp 3346 s 277 85.1 1 275 gi|25 5774 5820 630 gi|45 32225 32272
msp 3348 s 260 83.3 -1 275 gi|25 5774 5821 630 gi|45 32200 32247
msp 3350 s 284 87.8 1 275 gi|25 5775 5823 653 gi|47 3044 3092
msp 3352 s 266 81.7 1 275 gi|25 5775 5834 517 gi|39 1634 1700
msp 3354 s 281 83.0 1 275 gi|25 5775 5821 846 gi|59 31990 32037
msp 3356 s 381 93.8 -1 275 gi|25 5775 5822 638 gi|46 13339 13386
msp 3358 s 373 93.6 -1 275 gi|25 5775 5821 872 gi|60 39609 39655
msp 3360 s 334 87.2 -1 275 gi|25 5775 5821 631 gi|45 34625 34671
msp 3362 s 267 87.5 -1 275 gi|25 5775 5822 420 gi|33 11275 11324
msp 3364 s 302 80.3 1 275 gi|25 5775 5835 746 gi|52 24935 24997
edge 260 s 0 0 653 275
edge 319 s 0 0 872 275
edge 1366 s 0 0 533 275
edge 1570 s 0 0 715 275
edge 1592 s 0 0 58 275
edge 1617 s 0 0 80 275
edge 1655 s 0 0 275 83
edge 1656 s 0 0 275 105
edge 1657 s 0 0 275 106
edge 1658 s 0 0 275 199
edge 1659 s 0 0 275 319
edge 1660 s 0 0 275 347
edge 1661 s 0 0 275 404
edge 1662 s 0 0 275 413
edge 1663 s 0 0 275 420
edge 1664 s 0 0 275 422
edge 1665 s 0 0 275 507
edge 1666 s 0 0 275 510
edge 1667 s 0 0 275 517
edge 1668 s 0 0 275 543
edge 1669 s 0 0 275 589
edge 1670 s 0 0 275 630
edge 1671 s 0 0 275 631
edge 1672 s 0 0 275 638
edge 1673 s 0 0 275 661
edge 1674 s 0 0 275 712
edge 1675 s 0 0 275 746
edge 1676 s 0 0 275 812
edge 1677 s 0 0 275 835
edge 1678 s 0 0 275 846
edge 1679 s 0 0 275 873
edge 1680 s 0 0 275 876
edge 1681 s 0 0 275 887
edge 1682 s 0 0 275 900
edge 1683 s 0 0 275 916
