frag gi|25 23034 24184
img_no 5
flimg_no 1
edge_no 5
msp 3374 p 746 92.4 1 280 gi|25 23033 23124 521 gi|39 10751 10842
msp 3376 p 10323 99.6 1 280 gi|25 23034 24184 1028 gi|47 31846 32996
msp 3378 p 955 92.4 -1 280 gi|25 23035 23152 1025 gi|38 35909 36026
msp 3380 p 335 77.3 -1 280 gi|25 23036 23101 296 gi|26 19158 19222
msp 3382 s 352 81.4 1 280 gi|25 23654 24184 351 gi|29 37915 38436
edge 2678 P -1 77 280 296
edge 2679 s 0 0 280 351
edge 2681 P 1 92 280 521
edge 2698 P -1 92 1025 280
edge 2702 p 1 99 1028 280
