frag gi|25 31450 31858
img_no 47
edge_no 39
msp 41 s 281 86.8 1 543 gi|4 33427 33517 285 gi|25 31675 31755
msp 107 s 299 86.4 1 361 gi|3 15112 15170 285 gi|25 31664 31722
msp 441 s 277 91.5 1 186 gi|2 3756 3814 285 gi|25 31674 31741
msp 615 s 266 80.1 1 199 gi|2 35998 36163 285 gi|25 31582 31734
msp 633 s 330 91.8 -1 199 gi|2 36034 36082 285 gi|25 31675 31723
msp 727 s 313 90.1 1 855 gi|6 19317 19397 285 gi|25 31657 31738
msp 903 s 331 83.8 -1 900 gi|8 34653 34726 285 gi|25 31676 31751
msp 1031 s 360 95.9 1 873 gi|7 11795 11843 285 gi|25 31675 31722
msp 1139 s 286 95.7 1 876 gi|7 15829 15875 285 gi|25 31676 31722
msp 1207 s 419 93.0 -1 876 gi|7 15890 15946 285 gi|25 31666 31722
msp 1273 s 264 91.3 1 887 gi|7 39827 39872 285 gi|25 31676 31718
msp 1405 p 348 82.6 1 916 gi|9 39181 39508 285 gi|25 31450 31762
msp 1463 s 269 94.0 -1 916 gi|9 39349 39398 285 gi|25 31676 31722
msp 1661 s 254 94.3 -1 37 gi|10 27197 27249 285 gi|25 31674 31725
msp 1693 s 360 93.8 1 37 gi|10 27264 27311 285 gi|25 31675 31722
msp 1817 s 353 78.1 1 58 gi|12 13047 13151 285 gi|25 31606 31722
msp 2061 s 257 86.8 -1 80 gi|13 22906 23019 285 gi|25 31616 31721
msp 2091 s 259 89.8 1 80 gi|13 22974 23022 285 gi|25 31673 31721
msp 2151 s 276 94.1 1 83 gi|13 30539 30589 285 gi|25 31667 31723
msp 2337 s 310 90.9 -1 105 gi|15 7961 8015 285 gi|25 31674 31726
msp 2387 s 339 89.9 1 106 gi|15 9561 9629 285 gi|25 31666 31736
msp 3398 s 306 81.5 1 285 gi|25 31502 31722 533 gi|39 33002 33233
msp 3400 s 271 81.7 -1 285 gi|25 31608 31722 433 gi|33 38612 38714
msp 3402 s 342 86.2 -1 285 gi|25 31647 31726 347 gi|29 32063 32146
msp 3404 s 329 84.6 1 285 gi|25 31657 31721 630 gi|45 32185 32246
msp 3406 s 317 90.6 -1 285 gi|25 31663 31747 507 gi|38 21283 21371
msp 3408 s 297 84.3 -1 285 gi|25 31672 31722 812 gi|57 8259 8309
msp 3410 s 295 85.5 -1 285 gi|25 31673 31727 517 gi|39 1627 1682
msp 3412 s 350 91.7 -1 285 gi|25 31674 31721 413 gi|32 39634 39681
msp 3414 s 310 88.7 -1 285 gi|25 31674 31726 746 gi|52 24931 24982
msp 3416 s 329 95.9 -1 285 gi|25 31675 31723 653 gi|47 3042 3090
msp 3418 s 279 90.7 -1 285 gi|25 31675 31728 533 gi|39 33107 33159
msp 3420 s 289 89.6 -1 285 gi|25 31675 31780 872 gi|60 39499 39593
msp 3422 s 290 91.5 -1 285 gi|25 31675 31721 630 gi|45 32226 32273
msp 3424 s 319 92.2 1 285 gi|25 31675 31725 420 gi|33 11276 11328
msp 3426 s 256 76.6 1 285 gi|25 31675 31858 422 gi|33 14444 14629
msp 3428 s 343 96.1 -1 285 gi|25 31676 31726 510 gi|38 28122 28172
msp 3430 s 289 89.4 -1 285 gi|25 31676 31722 846 gi|59 31989 32036
msp 3432 s 318 91.5 1 285 gi|25 31676 31722 589 gi|43 9586 9632
msp 3434 s 334 93.6 1 285 gi|25 31676 31722 638 gi|46 13341 13387
msp 3436 s 312 93.3 -1 285 gi|25 31676 31735 861 gi|60 10165 10223
msp 3438 s 304 89.4 1 285 gi|25 31676 31722 872 gi|60 39610 39656
msp 3440 s 367 96.0 -1 285 gi|25 31676 31725 319 gi|28 689 737
msp 3442 s 320 87.0 1 285 gi|25 31676 31729 712 gi|50 2505 2558
msp 3444 s 280 88.0 -1 285 gi|25 31676 31725 404 gi|32 20064 20114
msp 3446 s 312 89.4 1 285 gi|25 31676 31722 631 gi|45 34626 34672
msp 3448 s 292 96.4 1 285 gi|25 31676 31730 620 gi|44 39720 39777
edge 261 s 0 0 653 285
edge 320 s 0 0 872 285
edge 1299 s 0 0 37 285
edge 1367 s 0 0 533 285
edge 1593 s 0 0 58 285
edge 1618 s 0 0 80 285
edge 1703 s 0 0 638 285
edge 1734 s 0 0 83 285
edge 1756 s 0 0 105 285
edge 1778 s 0 0 186 285
edge 1794 s 0 0 199 285
edge 1816 s 0 0 285 106
edge 1817 s 0 0 285 319
edge 1818 s 0 0 285 347
edge 1819 s 0 0 285 361
edge 1820 s 0 0 285 404
edge 1821 s 0 0 285 413
edge 1822 s 0 0 285 420
edge 1823 s 0 0 285 422
edge 1824 s 0 0 285 433
edge 1825 s 0 0 285 507
edge 1826 s 0 0 285 510
edge 1827 s 0 0 285 517
edge 1828 s 0 0 285 543
edge 1829 s 0 0 285 589
edge 1830 s 0 0 285 620
edge 1831 s 0 0 285 630
edge 1832 s 0 0 285 631
edge 1833 s 0 0 285 712
edge 1834 s 0 0 285 746
edge 1835 s 0 0 285 812
edge 1836 s 0 0 285 846
edge 1837 s 0 0 285 855
edge 1838 s 0 0 285 861
edge 1839 s 0 0 285 873
edge 1840 s 0 0 285 876
edge 1841 s 0 0 285 887
edge 1842 s 0 0 285 900
edge 1843 p 1 82 285 916
