frag gi|25 35576 36254
img_no 11
edge_no 11
msp 475 s 261 74.9 -1 189 gi|2 7403 7808 287 gi|25 35609 35997
msp 1527 s 290 78.0 1 22 gi|10 4105 4350 287 gi|25 35726 35936
msp 2019 s 269 77.8 -1 75 gi|13 15425 16063 287 gi|25 35576 36216
msp 3047 s 287 77.5 1 181 gi|19 35429 35517 287 gi|25 35669 35757
msp 3452 s 279 75.2 1 287 gi|25 35601 35930 611 gi|44 23227 23577
msp 3454 p 352 73.9 -1 287 gi|25 35630 35935 637 gi|46 8390 8686
msp 3456 s 277 74.1 -1 287 gi|25 35637 35926 628 gi|45 29190 29467
msp 3458 s 279 74.3 -1 287 gi|25 35661 36007 596 gi|43 32231 32569
msp 3460 p 303 74.3 1 287 gi|25 35672 35928 860 gi|60 303 559
msp 3462 s 314 82.5 -1 287 gi|25 35698 35760 416 gi|33 6708 6772
msp 3539 s 282 80.8 1 267 gi|24 29398 29501 287 gi|25 36148 36254
edge 1151 s 0 0 22 287
edge 1168 s 0 0 75 287
edge 1246 s 0 0 189 287
edge 1250 s 0 0 287 181
edge 1251 s 0 0 287 267
edge 1252 s 0 0 287 416
edge 1253 s 0 0 287 596
edge 1254 s 0 0 287 611
edge 1255 s 0 0 287 628
edge 1256 S -1 73 287 637
edge 1257 P 1 74 287 860
