frag gi|28 31748 31991
img_no 16
edge_no 16
msp 745 s 279 90.4 -1 855 gi|6 19332 19383 326 gi|28 31823 31872
msp 799 s 323 91.7 1 890 gi|8 3196 3243 326 gi|28 31824 31872
msp 945 s 253 85.4 1 900 gi|8 34679 34726 326 gi|28 31821 31871
msp 1119 s 280 86.0 -1 876 gi|7 15824 15880 326 gi|28 31818 31877
msp 2115 s 266 89.1 -1 80 gi|13 22977 23022 326 gi|28 31824 31871
msp 3668 s 256 83.2 1 326 gi|28 31748 31872 746 gi|52 24879 24981
msp 3670 s 250 85.6 -1 326 gi|28 31775 31871 712 gi|50 2505 2603
msp 3672 s 289 78.3 -1 326 gi|28 31805 31873 422 gi|33 14443 14509
msp 3674 s 272 83.6 1 326 gi|28 31819 31873 812 gi|57 8254 8307
msp 3676 s 312 89.8 -1 326 gi|28 31821 31869 711 gi|50 1514 1561
msp 3678 s 283 87.5 -1 326 gi|28 31821 31876 420 gi|33 11272 11327
msp 3680 s 291 87.7 1 326 gi|28 31821 31991 347 gi|29 32064 32201
msp 3682 s 324 85.7 1 326 gi|28 31822 31877 477 gi|36 29294 29350
msp 3684 s 295 82.8 -1 326 gi|28 31822 31879 376 gi|30 21005 21064
msp 3686 s 289 75.3 -1 326 gi|28 31822 31906 638 gi|46 13303 13388
msp 3688 s 260 86.3 1 326 gi|28 31823 31873 653 gi|47 3043 3091
edge 263 s 0 0 653 326
edge 1619 s 0 0 80 326
edge 1706 s 0 0 638 326
edge 1882 s 0 0 326 347
edge 1883 s 0 0 326 376
edge 1884 s 0 0 326 420
edge 1885 s 0 0 326 422
edge 1886 s 0 0 326 477
edge 1887 s 0 0 326 711
edge 1888 s 0 0 326 712
edge 1889 s 0 0 326 746
edge 1890 s 0 0 326 812
edge 1891 s 0 0 326 855
edge 1892 s 0 0 326 876
edge 1893 s 0 0 326 890
edge 1894 s 0 0 326 900
