frag gi|29 735 912
img_no 14
flimg_no 1
edge_no 3
msp 1553 s 425 82.9 -1 976 gi|10 4789 4900 332 gi|29 759 870
msp 1561 s 282 80.9 1 976 gi|10 4789 4898 332 gi|29 773 877
msp 1573 p 308 78.7 -1 976 gi|10 4809 4897 332 gi|29 828 909
msp 1575 p 336 83.9 1 976 gi|10 4810 4900 332 gi|29 734 818
msp 1761 s 254 80.8 -1 42 gi|10 38572 38623 332 gi|29 766 818
msp 1763 s 260 82.2 1 42 gi|10 38580 38624 332 gi|29 772 816
msp 2431 s 325 79.3 -1 977 gi|15 14918 15001 332 gi|29 737 819
msp 2445 s 466 85.2 1 977 gi|15 14923 15003 332 gi|29 827 907
msp 2449 s 619 79.4 1 977 gi|15 14924 15064 332 gi|29 766 907
msp 2451 s 603 77.0 -1 977 gi|15 14924 15062 332 gi|29 737 876
msp 2455 p 673 75.6 -1 977 gi|15 14944 15123 332 gi|29 737 916
msp 2461 s 690 74.2 1 977 gi|15 14957 15123 332 gi|29 738 905
msp 2467 s 326 72.7 -1 977 gi|15 15008 15124 332 gi|29 798 915
msp 2469 s 439 73.3 1 977 gi|15 15009 15127 332 gi|29 730 848
edge 1434 s 0 0 332 42
edge 1439 S 1 83 976 332
edge 1443 p -1 75 977 332
