frag gi|29 14359 14475
img_no 10
edge_no 3
msp 1563 s 278 81.7 -1 976 gi|10 4789 4870 339 gi|29 14372 14448
msp 1569 s 326 82.2 1 976 gi|10 4808 4900 339 gi|29 14372 14461
msp 1741 p 363 89.1 1 42 gi|10 38524 38624 339 gi|29 14359 14455
msp 1755 s 300 75.8 -1 42 gi|10 38567 38632 339 gi|29 14396 14462
msp 2433 p 323 82.0 1 977 gi|15 14918 14992 339 gi|29 14400 14475
msp 2437 s 480 81.3 -1 977 gi|15 14918 15006 339 gi|29 14372 14460
msp 2457 s 396 80.0 1 977 gi|15 14951 15035 339 gi|29 14372 14456
msp 2463 s 344 78.3 -1 977 gi|15 14971 15067 339 gi|29 14372 14467
msp 2473 s 313 81.2 1 977 gi|15 15017 15096 339 gi|29 14377 14456
msp 2477 s 216 77.0 -1 977 gi|15 15044 15127 339 gi|29 14372 14456
edge 1435 S 1 89 339 42
edge 1440 s 0 0 976 339
edge 1444 P 1 82 977 339
