frag gi|29 31933 32201
img_no 36
edge_no 34
msp 415 s 263 82.7 -1 186 gi|2 3738 3812 347 gi|29 32060 32130
msp 651 s 250 80.4 1 199 gi|2 36035 36085 347 gi|29 32066 32116
msp 771 s 372 84.2 1 890 gi|8 3162 3243 347 gi|29 32008 32113
msp 1029 s 328 78.3 -1 873 gi|7 11795 11900 347 gi|29 32003 32113
msp 1115 s 394 87.1 1 876 gi|7 15823 15954 347 gi|29 32006 32130
msp 1137 s 336 82.6 -1 876 gi|7 15829 15937 347 gi|29 32014 32112
msp 1433 s 282 87.3 1 916 gi|9 39344 39398 347 gi|29 32061 32112
msp 1633 s 397 87.8 1 37 gi|10 27085 27248 347 gi|29 31972 32113
msp 1831 s 291 82.0 -1 58 gi|12 13092 13152 347 gi|29 32065 32126
msp 2113 s 290 87.0 -1 80 gi|13 22977 23022 347 gi|29 32067 32112
msp 2331 s 276 87.7 1 105 gi|15 7958 8014 347 gi|29 32060 32113
msp 2385 s 332 84.8 -1 106 gi|15 9561 9619 347 gi|29 32063 32123
msp 2533 s 291 83.3 1 118 gi|15 37465 37518 347 gi|29 32059 32110
msp 3319 s 267 76.4 1 275 gi|25 5751 5822 347 gi|29 32033 32114
msp 3403 s 342 86.2 -1 285 gi|25 31647 31726 347 gi|29 32063 32146
msp 3603 s 281 84.5 1 319 gi|28 641 737 347 gi|29 32028 32112
msp 3681 s 291 87.7 1 326 gi|28 31821 31991 347 gi|29 32064 32201
msp 3852 s 322 85.6 -1 347 gi|29 31933 32112 631 gi|45 34626 34814
msp 3854 s 383 85.2 1 347 gi|29 32006 32113 746 gi|52 24855 24981
msp 3856 s 283 79.8 1 347 gi|29 32020 32113 533 gi|39 33057 33159
msp 3858 s 385 83.2 1 347 gi|29 32024 32112 404 gi|32 20015 20114
msp 3860 s 276 80.8 1 347 gi|29 32041 32113 630 gi|45 32199 32273
msp 3862 s 278 87.7 -1 347 gi|29 32051 32115 420 gi|33 11274 11335
msp 3864 s 278 83.1 1 347 gi|29 32056 32126 477 gi|36 29282 29356
msp 3866 s 401 86.3 -1 347 gi|29 32057 32129 422 gi|33 14425 14499
msp 3868 s 253 84.2 1 347 gi|29 32057 32113 507 gi|38 21298 21358
msp 3870 s 272 80.4 1 347 gi|29 32058 32113 517 gi|39 1623 1680
msp 3872 s 394 85.9 1 347 gi|29 32058 32128 510 gi|38 28117 28187
msp 3874 s 364 90.0 -1 347 gi|29 32063 32112 712 gi|50 2505 2554
msp 3876 s 325 86.0 -1 347 gi|29 32063 32112 589 gi|43 9586 9635
msp 3878 s 276 82.0 -1 347 gi|29 32063 32112 872 gi|60 39610 39659
msp 3880 s 285 93.0 -1 347 gi|29 32065 32121 533 gi|39 33174 33234
msp 3882 s 351 88.0 1 347 gi|29 32065 32114 812 gi|57 8258 8307
msp 3884 s 306 86.0 -1 347 gi|29 32065 32114 638 gi|46 13339 13388
msp 3886 s 349 87.8 1 347 gi|29 32066 32114 653 gi|47 3043 3091
msp 3888 s 271 82.0 -1 347 gi|29 32070 32130 401 gi|32 7305 7370
edge 264 s 0 0 653 347
edge 322 s 0 0 872 347
edge 818 s 0 0 401 347
edge 1301 s 0 0 37 347
edge 1369 s 0 0 533 347
edge 1595 s 0 0 58 347
edge 1620 s 0 0 80 347
edge 1660 s 0 0 275 347
edge 1707 s 0 0 638 347
edge 1758 s 0 0 105 347
edge 1780 s 0 0 186 347
edge 1796 s 0 0 199 347
edge 1818 s 0 0 285 347
edge 1859 s 0 0 319 347
edge 1882 s 0 0 326 347
edge 1895 s 0 0 347 106
edge 1896 s 0 0 347 118
edge 1897 s 0 0 347 404
edge 1898 s 0 0 347 420
edge 1899 s 0 0 347 422
edge 1900 s 0 0 347 477
edge 1901 s 0 0 347 507
edge 1902 s 0 0 347 510
edge 1903 s 0 0 347 517
edge 1904 s 0 0 347 589
edge 1905 s 0 0 347 630
edge 1906 s 0 0 347 631
edge 1907 s 0 0 347 712
edge 1908 s 0 0 347 746
edge 1909 s 0 0 347 812
edge 1910 s 0 0 347 873
edge 1911 s 0 0 347 876
edge 1912 s 0 0 347 890
edge 1913 s 0 0 347 916
