frag gi|31 33242 33329
img_no 5
flimg_no 1
edge_no 5
msp 179 s 250 84.4 -1 931 gi|3 33912 33956 395 gi|31 33285 33330
msp 3745 s 257 83.3 -1 312 gi|27 22352 22405 395 gi|31 33285 33336
msp 3849 s 267 88.6 -1 346 gi|29 28020 28063 395 gi|31 33285 33328
msp 3988 p 252 87.4 1 395 gi|31 33242 33328 452 gi|34 32645 32716
msp 3990 p 296 76.0 -1 395 gi|31 33257 33331 561 gi|41 11402 11476
edge 184 s 0 0 312 395
edge 207 s 0 0 346 395
edge 406 s 0 0 931 395
edge 2432 S -1 76 561 395
edge 2434 S 1 87 395 452
