frag gi|10 38522 38625
img_no 13
flimg_no 1
edge_no 5
msp 1738 p 342 79.5 -1 42 gi|10 38520 38628 977 gi|15 14918 15041
msp 1740 p 363 89.1 1 42 gi|10 38524 38624 339 gi|29 14359 14455
msp 1742 s 317 79.0 1 42 gi|10 38543 38623 342 gi|29 15744 15830
msp 1744 p 279 86.2 -1 42 gi|10 38559 38623 829 gi|58 8502 8567
msp 1746 s 282 79.4 1 42 gi|10 38561 38623 977 gi|15 14969 15033
msp 1748 s 332 87.0 -1 42 gi|10 38561 38629 342 gi|29 15652 15724
msp 1750 s 297 76.6 1 42 gi|10 38561 38624 342 gi|29 15705 15770
msp 1752 s 275 76.3 1 42 gi|10 38569 38624 977 gi|15 14918 14973
msp 1754 s 300 75.8 -1 42 gi|10 38567 38632 339 gi|29 14396 14462
msp 1756 s 282 92.0 1 42 gi|10 38568 38617 829 gi|58 8494 8545
msp 1758 s 290 79.2 1 42 gi|10 38572 38624 342 gi|29 15657 15709
msp 1760 s 254 80.8 -1 42 gi|10 38572 38623 332 gi|29 766 818
msp 1762 s 260 82.2 1 42 gi|10 38580 38624 332 gi|29 772 816
edge 1434 s 0 0 332 42
edge 1435 S 1 89 339 42
edge 1436 s 0 0 342 42
edge 1437 S -1 86 42 829
edge 1442 P -1 79 977 42
