frag gi|33 14398 14629
img_no 45
edge_no 41
msp 417 s 337 90.5 1 186 gi|2 3739 3812 422 gi|33 14425 14496
msp 685 s 278 87.5 -1 199 gi|2 36036 36083 422 gi|33 14443 14490
msp 701 s 273 94.8 1 199 gi|2 36093 36150 422 gi|33 14442 14491
msp 749 s 259 84.8 1 855 gi|6 19332 19449 422 gi|33 14444 14543
msp 787 s 327 90.2 -1 890 gi|8 3193 3243 422 gi|33 14444 14493
msp 905 s 289 83.6 -1 900 gi|8 34654 34726 422 gi|33 14445 14514
msp 999 s 338 80.2 1 873 gi|7 11762 11847 422 gi|33 14402 14495
msp 1153 s 335 87.8 1 876 gi|7 15829 15877 422 gi|33 14445 14493
msp 1185 s 253 85.3 -1 876 gi|7 15885 15959 422 gi|33 14418 14495
msp 1421 s 288 81.0 -1 916 gi|9 39336 39398 422 gi|33 14445 14504
msp 1635 s 293 84.1 -1 37 gi|10 27136 27248 422 gi|33 14444 14548
msp 1823 s 304 79.0 1 58 gi|12 13067 13161 422 gi|33 14398 14501
msp 2047 s 254 85.0 -1 80 gi|13 22896 22975 422 gi|33 14427 14498
msp 2077 s 399 84.4 1 80 gi|13 22959 23022 422 gi|33 14427 14490
msp 2133 s 267 93.3 -1 83 gi|13 30462 30506 422 gi|33 14447 14492
msp 2325 s 332 91.7 -1 105 gi|15 7953 8024 422 gi|33 14436 14501
msp 2389 s 373 90.6 1 106 gi|15 9563 9615 422 gi|33 14437 14490
msp 2537 s 330 86.3 -1 118 gi|15 37468 37518 422 gi|33 14447 14496
msp 3321 s 292 87.0 -1 275 gi|25 5754 5822 422 gi|33 14443 14502
msp 3427 s 256 76.6 1 285 gi|25 31675 31858 422 gi|33 14444 14629
msp 3625 s 281 87.5 -1 319 gi|28 690 737 422 gi|33 14445 14492
msp 3673 s 289 78.3 -1 326 gi|28 31805 31873 422 gi|33 14443 14509
msp 3711 p 262 86.0 1 307 gi|27 15695 15744 422 gi|33 14443 14496
msp 3867 s 401 86.3 -1 347 gi|29 32057 32129 422 gi|33 14425 14499
msp 4025 s 317 91.7 1 401 gi|32 7313 7372 422 gi|33 14431 14491
msp 4037 s 366 89.7 -1 404 gi|32 20037 20114 422 gi|33 14445 14525
msp 4156 s 286 94.8 1 422 gi|33 14417 14493 661 gi|47 20900 20970
msp 4158 s 293 83.1 1 422 gi|33 14427 14491 835 gi|59 1941 2005
msp 4160 s 375 81.1 -1 422 gi|33 14432 14537 533 gi|39 33047 33171
msp 4162 s 332 81.7 -1 422 gi|33 14433 14492 746 gi|52 24933 24993
msp 4164 s 330 86.2 -1 422 gi|33 14438 14502 510 gi|38 28113 28178
msp 4166 s 323 77.5 -1 422 gi|33 14438 14610 812 gi|57 8123 8313
msp 4168 s 394 95.8 -1 422 gi|33 14443 14490 653 gi|47 3044 3091
msp 4170 s 354 74.1 1 422 gi|33 14443 14585 638 gi|46 13339 13490
msp 4172 s 351 89.4 -1 422 gi|33 14443 14508 477 gi|36 29283 29346
msp 4174 s 305 85.7 -1 422 gi|33 14444 14492 517 gi|39 1632 1680
msp 4176 s 277 88.7 -1 422 gi|33 14444 14496 507 gi|38 21302 21358
msp 4178 s 318 91.8 -1 422 gi|33 14444 14504 630 gi|45 32216 32273
msp 4180 s 286 86.8 -1 422 gi|33 14444 14496 872 gi|60 39539 39593
msp 4182 s 384 95.9 1 422 gi|33 14445 14493 712 gi|50 2505 2554
msp 4184 s 293 89.8 1 422 gi|33 14445 14493 533 gi|39 33189 33235
msp 4186 s 270 87.0 -1 422 gi|33 14445 14490 846 gi|59 31990 32036
msp 4188 s 284 84.8 1 422 gi|33 14445 14503 631 gi|45 34626 34682
msp 4190 s 293 87.0 1 422 gi|33 14445 14490 589 gi|43 9586 9631
msp 4192 s 280 81.2 1 422 gi|33 14447 14531 711 gi|50 1514 1601
edge 269 s 0 0 653 422
edge 327 s 0 0 872 422
edge 819 s 0 0 401 422
edge 1306 s 0 0 37 422
edge 1373 s 0 0 533 422
edge 1598 s 0 0 58 422
edge 1625 s 0 0 80 422
edge 1664 s 0 0 275 422
edge 1711 s 0 0 638 422
edge 1736 s 0 0 83 422
edge 1761 s 0 0 105 422
edge 1782 s 0 0 186 422
edge 1800 s 0 0 199 422
edge 1823 s 0 0 285 422
edge 1863 s 0 0 319 422
edge 1885 s 0 0 326 422
edge 1899 s 0 0 347 422
edge 1925 s 0 0 404 422
edge 1949 s 0 0 422 106
edge 1950 s 0 0 422 118
edge 1951 S 1 86 422 307
edge 1952 s 0 0 422 477
edge 1953 s 0 0 422 507
edge 1954 s 0 0 422 510
edge 1955 s 0 0 422 517
edge 1956 s 0 0 422 589
edge 1957 s 0 0 422 630
edge 1958 s 0 0 422 631
edge 1959 s 0 0 422 661
edge 1960 s 0 0 422 711
edge 1961 s 0 0 422 712
edge 1962 s 0 0 422 746
edge 1963 s 0 0 422 812
edge 1964 s 0 0 422 835
edge 1965 s 0 0 422 846
edge 1966 s 0 0 422 855
edge 1967 s 0 0 422 873
edge 1968 s 0 0 422 876
edge 1969 s 0 0 422 890
edge 1970 s 0 0 422 900
edge 1971 s 0 0 422 916
