frag gi|33 29654 29787
img_no 7
flimg_no 1
edge_no 7
msp 2721 p 282 84.5 1 149 gi|17 34873 34930 432 gi|33 29654 29709
msp 3007 s 295 79.0 1 169 gi|19 6368 6429 432 gi|33 29661 29722
msp 4200 s 326 86.0 -1 432 gi|33 29652 29708 555 gi|40 21062 21115
msp 4202 p 332 77.4 -1 432 gi|33 29655 29787 620 gi|44 39618 39771
msp 4204 s 345 81.8 -1 432 gi|33 29657 29722 715 gi|50 15258 15325
msp 4206 s 287 82.2 1 432 gi|33 29661 29733 724 gi|50 32854 32935
msp 4208 s 328 82.7 -1 432 gi|33 29661 29735 835 gi|59 1928 2004
edge 234 s 0 0 555 432
edge 1576 s 0 0 715 432
edge 2085 s 0 0 724 432
edge 2127 s 0 0 835 432
edge 2357 s 0 0 169 432
edge 2367 p -1 77 620 432
edge 2368 P 1 84 432 149
