frag gi|33 38600 40000
img_no 8
edge_no 8
msp 1063 s 275 82.3 -1 873 gi|7 11797 11847 433 gi|33 38608 38659
msp 1183 s 271 90.4 1 876 gi|7 15885 15936 433 gi|33 38608 38658
msp 2323 s 283 91.5 1 105 gi|15 7947 8017 433 gi|33 38600 38662
msp 2891 p 11685 97.8 1 1013 gi|20 4029 5421 433 gi|33 38634 40000
msp 2897 p 11720 99.2 1 1015 gi|20 10299 11598 433 gi|33 38702 40000
msp 3401 s 271 81.7 -1 285 gi|25 31608 31722 433 gi|33 38612 38714
msp 3627 s 268 86.0 1 319 gi|28 690 739 433 gi|33 38611 38660
msp 3927 s 11684 99.3 1 1017 gi|30 14486 15777 433 gi|33 38706 39998
edge 1762 s 0 0 105 433
edge 1824 s 0 0 285 433
edge 1864 s 0 0 319 433
edge 2150 s 0 0 873 433
edge 2162 s 0 0 876 433
edge 2589 p 1 97 1013 433
edge 2593 p 1 99 1015 433
edge 2597 s 0 0 1017 433
