frag gi|4 33409 33582
img_no 15
edge_no 14
msp 28 s 309 90.0 -1 543 gi|4 33409 33488 614 gi|44 28159 28234
msp 30 s 287 93.8 1 543 gi|4 33411 33474 873 gi|7 11788 11842
msp 32 s 253 85.0 -1 543 gi|4 33416 33475 275 gi|25 5774 5840
msp 34 s 309 92.7 -1 543 gi|4 33421 33475 83 gi|13 30463 30518
msp 36 p 367 83.2 1 543 gi|4 33421 33509 686 gi|49 29046 29129
msp 38 s 284 85.7 1 543 gi|4 33427 33482 855 gi|6 19332 19390
msp 40 s 281 86.8 1 543 gi|4 33427 33517 285 gi|25 31675 31755
msp 42 s 269 83.9 -1 543 gi|4 33427 33482 507 gi|38 21300 21358
msp 44 s 368 95.9 1 543 gi|4 33428 33476 83 gi|13 30542 30589
msp 46 p 284 81.9 1 543 gi|4 33428 33499 608 gi|44 16384 16453
msp 48 s 294 77.0 1 543 gi|4 33428 33501 239 gi|22 21301 21381
msp 50 s 290 95.5 1 543 gi|4 33431 33474 638 gi|46 13343 13386
msp 52 s 254 88.6 -1 543 gi|4 33431 33474 510 gi|38 28126 28170
msp 54 s 259 83.5 1 543 gi|4 33431 33582 872 gi|60 39612 39760
msp 56 s 285 91.5 1 543 gi|4 33432 33478 795 gi|56 22486 22535
edge 332 s 0 0 872 543
edge 1649 s 0 0 239 543
edge 1668 s 0 0 275 543
edge 1715 s 0 0 638 543
edge 1739 s 0 0 83 543
edge 1828 s 0 0 285 543
edge 1973 s 0 0 507 543
edge 1988 s 0 0 510 543
edge 2014 P 1 81 543 608
edge 2015 s 0 0 543 614
edge 2016 P 1 83 543 686
edge 2017 s 0 0 543 795
edge 2018 s 0 0 543 855
edge 2019 s 0 0 543 873
