frag gi|40 16532 17661
img_no 18
edge_no 18
msp 71 s 410 91.4 -1 354 gi|3 6010 6114 551 gi|40 16564 16670
msp 397 s 265 79.8 -1 967 gi|1 37359 37467 551 gi|40 16576 16696
msp 1593 p 445 76.6 -1 28 gi|10 10222 11161 551 gi|40 16680 17661
msp 2633 s 357 81.2 1 961 gi|16 23459 23559 551 gi|40 16577 16690
msp 2839 s 283 87.8 -1 162 gi|18 23605 23645 551 gi|40 16650 16690
msp 2919 p 335 76.5 1 210 gi|20 24277 24621 551 gi|40 16685 17031
msp 2935 s 273 81.4 1 216 gi|20 32841 32980 551 gi|40 16872 17011
msp 2953 s 628 81.7 1 218 gi|20 37235 37354 551 gi|40 16576 16695
msp 2977 s 297 80.7 -1 962 gi|19 2358 2476 551 gi|40 16577 16711
msp 3069 s 357 87.2 -1 184 gi|19 38507 38608 551 gi|40 16576 16690
msp 3779 p 318 86.9 1 317 gi|27 37832 37915 551 gi|40 16566 16650
msp 3913 s 528 81.9 -1 372 gi|30 5920 6024 551 gi|40 16585 16689
msp 4005 s 284 80.8 1 973 gi|31 34020 34144 551 gi|40 16550 16691
msp 4283 s 463 80.8 1 482 gi|37 3378 3481 551 gi|40 16588 16691
msp 4347 s 271 93.9 1 499 gi|38 11461 11493 551 gi|40 16650 16682
msp 4560 s 504 77.3 1 551 gi|40 16532 17015 797 gi|56 26737 27228
msp 4562 s 282 84.4 -1 551 gi|40 16550 16690 948 gi|51 16478 16601
msp 4564 s 270 85.1 -1 551 gi|40 16605 16691 834 gi|59 1697 1776
edge 660 s 0 0 162 551
edge 691 s 0 0 184 551
edge 757 s 0 0 482 551
edge 794 s 0 0 834 551
edge 804 s 0 0 372 551
edge 807 p -1 76 551 28
edge 808 P 1 76 551 210
edge 809 s 0 0 551 216
edge 810 s 0 0 551 218
edge 811 P 1 86 551 317
edge 812 s 0 0 551 354
edge 813 s 0 0 551 499
edge 814 s 0 0 551 797
edge 888 s 0 0 948 551
edge 995 s 0 0 961 551
edge 1017 s 0 0 962 551
edge 1061 s 0 0 967 551
edge 1103 s 0 0 973 551
