frag gi|43 32229 32607
img_no 6
edge_no 6
msp 473 s 416 76.7 1 189 gi|2 7391 7737 596 gi|43 32229 32560
msp 833 s 424 76.9 -1 893 gi|8 17431 17720 596 gi|43 32305 32594
msp 2489 p 405 74.2 -1 114 gi|15 27001 27368 596 gi|43 32255 32607
msp 2735 s 264 83.0 1 150 gi|17 36067 36113 596 gi|43 32454 32500
msp 3459 s 279 74.3 -1 287 gi|25 35661 36007 596 gi|43 32231 32569
msp 4081 s 282 69.7 -1 409 gi|32 28758 29011 596 gi|43 32295 32565
edge 1192 P -1 74 114 596
edge 1218 s 0 0 409 596
edge 1245 s 0 0 893 596
edge 1247 s 0 0 189 596
edge 1253 s 0 0 287 596
edge 1335 s 0 0 596 150
