frag gi|44 28134 28248
img_no 8
edge_no 8
msp 29 s 309 90.0 -1 543 gi|4 33409 33488 614 gi|44 28159 28234
msp 459 s 307 87.0 -1 186 gi|2 3760 3813 614 gi|44 28163 28215
msp 781 s 264 87.5 -1 890 gi|8 3172 3219 614 gi|44 28169 28214
msp 2161 s 276 91.5 -1 83 gi|13 30542 30588 614 gi|44 28170 28218
msp 2335 s 264 87.7 1 105 gi|15 7958 8014 614 gi|44 28164 28219
msp 4742 s 303 85.4 -1 614 gi|44 28134 28215 661 gi|47 20923 21016
msp 4744 s 296 80.6 1 614 gi|44 28152 28223 872 gi|60 39526 39597
msp 4746 s 300 83.8 -1 614 gi|44 28169 28248 846 gi|59 31941 32012
edge 334 s 0 0 872 614
edge 1741 s 0 0 83 614
edge 1766 s 0 0 105 614
edge 1785 s 0 0 186 614
edge 2015 s 0 0 543 614
edge 2134 s 0 0 846 614
edge 2336 s 0 0 890 614
edge 2894 s 0 0 614 661
