frag gi|47 2956 3269
img_no 65
edge_no 52
msp 191 s 328 85.0 -1 931 gi|3 33913 34025 653 gi|47 3039 3155
msp 201 s 466 86.1 1 931 gi|3 33914 34021 653 gi|47 3047 3156
msp 453 s 277 98.0 -1 186 gi|2 3758 3806 653 gi|47 3043 3089
msp 553 s 434 77.7 -1 193 gi|2 21940 22051 653 gi|47 3033 3155
msp 617 s 383 80.2 1 199 gi|2 36016 36131 653 gi|47 3027 3146
msp 801 s 283 89.1 1 890 gi|8 3196 3250 653 gi|47 3044 3095
msp 963 s 251 91.8 1 900 gi|8 34681 34729 653 gi|47 3043 3092
msp 1013 s 345 90.3 -1 873 gi|7 11782 11843 653 gi|47 3043 3103
msp 1151 s 337 89.5 -1 876 gi|7 15829 15895 653 gi|47 3022 3089
msp 1211 s 258 91.5 1 876 gi|7 15890 15936 653 gi|47 3043 3089
msp 1353 s 347 79.6 -1 913 gi|9 32517 32697 653 gi|47 2956 3147
msp 1373 s 281 87.8 1 913 gi|9 32521 32618 653 gi|47 3059 3155
msp 1445 s 307 82.5 -1 916 gi|9 39347 39466 653 gi|47 3042 3158
msp 1465 s 275 81.7 1 916 gi|9 39349 39468 653 gi|47 3043 3159
msp 1663 s 512 86.0 -1 37 gi|10 27198 27311 653 gi|47 3043 3158
msp 1671 s 345 83.5 1 37 gi|10 27200 27314 653 gi|47 3043 3159
msp 1833 s 305 87.7 -1 58 gi|12 13098 13154 653 gi|47 3040 3097
msp 2059 s 374 87.2 1 80 gi|13 22906 23022 653 gi|47 3044 3155
msp 2065 s 438 85.7 -1 80 gi|13 22927 23066 653 gi|47 3005 3143
msp 2127 s 309 83.3 1 83 gi|13 30456 30611 653 gi|47 3038 3174
msp 2231 s 498 86.8 -1 94 gi|14 21736 21856 653 gi|47 3032 3160
msp 2233 s 313 84.4 1 94 gi|14 21736 21844 653 gi|47 3040 3155
msp 2357 s 265 94.0 1 105 gi|15 7965 8014 653 gi|47 3043 3090
msp 2373 s 396 87.5 -1 106 gi|15 9545 9616 653 gi|47 3043 3120
msp 2545 s 327 87.0 1 118 gi|15 37473 37526 653 gi|47 3043 3095
msp 3285 s 294 78.8 1 930 gi|25 2149 2247 653 gi|47 3048 3155
msp 3351 s 284 87.8 1 275 gi|25 5775 5823 653 gi|47 3044 3092
msp 3417 s 329 95.9 -1 285 gi|25 31675 31723 653 gi|47 3042 3090
msp 3643 s 263 95.7 1 319 gi|28 692 737 653 gi|47 3044 3089
msp 3689 s 260 86.3 1 326 gi|28 31823 31873 653 gi|47 3043 3091
msp 3731 s 309 79.8 -1 310 gi|27 19653 19756 653 gi|47 3048 3155
msp 3741 s 552 87.5 -1 312 gi|27 22350 22469 653 gi|47 3042 3167
msp 3763 s 292 80.0 1 312 gi|27 22359 22468 653 gi|47 3044 3156
msp 3807 s 349 85.6 1 338 gi|29 11686 11796 653 gi|47 3039 3161
msp 3835 s 310 76.3 1 346 gi|29 27942 28127 653 gi|47 2976 3159
msp 3887 s 349 87.8 1 347 gi|29 32066 32114 653 gi|47 3043 3091
msp 4021 s 293 87.1 -1 401 gi|32 7302 7371 653 gi|47 3044 3116
msp 4065 s 318 86.9 1 404 gi|32 20067 20127 653 gi|47 3043 3102
msp 4099 s 283 86.8 1 413 gi|32 39616 39683 653 gi|47 3022 3093
msp 4139 s 274 90.2 -1 420 gi|33 11275 11325 653 gi|47 3043 3091
msp 4169 s 394 95.8 -1 422 gi|33 14443 14490 653 gi|47 3044 3091
msp 4271 s 267 87.0 1 477 gi|36 29295 29348 653 gi|47 3043 3093
msp 4381 s 263 92.9 1 507 gi|38 21308 21363 653 gi|47 3044 3095
msp 4417 s 320 87.9 1 510 gi|38 28125 28182 653 gi|47 3043 3099
msp 4447 s 290 85.4 1 517 gi|39 1633 1680 653 gi|47 3043 3090
msp 4505 s 263 79.2 -1 533 gi|39 33001 33236 653 gi|47 3040 3269
msp 4519 s 458 85.4 1 533 gi|39 33112 33241 653 gi|47 3043 3163
msp 4653 s 271 84.1 -1 568 gi|41 28691 28778 653 gi|47 3108 3207
msp 4695 s 304 87.2 -1 589 gi|43 9586 9632 653 gi|47 3043 3089
msp 4789 s 325 92.2 1 630 gi|45 32226 32276 653 gi|47 3044 3093
msp 4809 s 294 91.5 -1 631 gi|45 34626 34672 653 gi|47 3043 3089
msp 4811 s 320 79.4 -1 634 gi|46 6989 7129 653 gi|47 3044 3198
msp 4825 s 358 79.5 1 634 gi|46 7024 7135 653 gi|47 3044 3161
msp 4833 s 307 86.7 -1 638 gi|46 13298 13387 653 gi|47 3043 3136
msp 4892 s 391 80.0 1 653 gi|47 3037 3176 752 gi|53 5079 5220
msp 4894 s 394 90.9 -1 653 gi|47 3042 3096 712 gi|50 2498 2552
msp 4896 s 466 85.2 -1 653 gi|47 3043 3164 872 gi|60 39536 39656
msp 4898 s 300 82.9 1 653 gi|47 3043 3159 872 gi|60 39544 39659
msp 4900 s 324 87.5 1 653 gi|47 3043 3090 746 gi|52 24934 24981
msp 4902 s 319 85.7 1 653 gi|47 3043 3091 812 gi|57 8259 8307
msp 4904 s 281 87.2 1 653 gi|47 3043 3089 846 gi|59 31989 32036
msp 4906 s 292 88.4 -1 653 gi|47 3044 3155 752 gi|53 5088 5198
msp 4908 s 264 77.2 -1 653 gi|47 3044 3166 772 gi|54 24032 24146
msp 4910 s 341 84.9 1 653 gi|47 3046 3164 772 gi|54 24044 24156
msp 4912 s 317 87.8 -1 653 gi|47 3110 3158 825 gi|57 28246 28294
edge 64 s 0 0 634 653
edge 111 s 0 0 94 653
edge 134 s 0 0 193 653
edge 171 s 0 0 310 653
edge 186 s 0 0 312 653
edge 195 s 0 0 338 653
edge 211 s 0 0 346 653
edge 248 s 0 0 568 653
edge 251 s 0 0 653 37
edge 252 s 0 0 653 58
edge 253 s 0 0 653 80
edge 254 s 0 0 653 83
edge 255 s 0 0 653 105
edge 256 s 0 0 653 106
edge 257 s 0 0 653 118
edge 258 s 0 0 653 186
edge 259 s 0 0 653 199
edge 260 s 0 0 653 275
edge 261 s 0 0 653 285
edge 262 s 0 0 653 319
edge 263 s 0 0 653 326
edge 264 s 0 0 653 347
edge 265 s 0 0 653 401
edge 266 s 0 0 653 404
edge 267 s 0 0 653 413
edge 268 s 0 0 653 420
edge 269 s 0 0 653 422
edge 270 s 0 0 653 477
edge 271 s 0 0 653 507
edge 272 s 0 0 653 510
edge 273 s 0 0 653 517
edge 274 s 0 0 653 533
edge 275 s 0 0 653 589
edge 276 s 0 0 653 630
edge 277 s 0 0 653 631
edge 278 s 0 0 653 638
edge 279 s 0 0 653 712
edge 280 s 0 0 653 746
edge 281 s 0 0 653 752
edge 282 s 0 0 653 772
edge 283 s 0 0 653 812
edge 284 s 0 0 653 825
edge 285 s 0 0 653 846
edge 286 s 0 0 653 872
edge 287 s 0 0 653 873
edge 288 s 0 0 653 876
edge 289 s 0 0 653 890
edge 290 s 0 0 653 900
edge 291 s 0 0 653 913
edge 292 s 0 0 653 916
edge 390 s 0 0 930 653
edge 409 s 0 0 931 653
