frag gi|47 12134 12323
img_no 7
flimg_no 1
edge_no 4
msp 827 s 253 78.6 1 892 gi|8 17076 17145 658 gi|47 12134 12206
msp 829 s 253 78.6 1 892 gi|8 17076 17145 658 gi|47 12250 12322
msp 4647 s 275 76.8 -1 565 gi|41 21175 21230 658 gi|47 12134 12189
msp 4649 s 275 76.8 -1 565 gi|41 21175 21230 658 gi|47 12250 12305
msp 4857 p 271 82.8 -1 1032 gi|46 15002 15058 658 gi|47 12135 12190
msp 4859 s 271 82.8 -1 1032 gi|46 15002 15058 658 gi|47 12251 12306
msp 4924 p 418 78.4 -1 658 gi|47 12134 12323 991 gi|50 19649 19839
edge 2254 s 0 0 565 658
edge 2273 s 0 0 892 658
edge 2302 P -1 78 991 658
edge 2723 S -1 82 1032 658
