frag gi|12 37214 39902
img_no 6
edge_no 6
msp 1773 s 22179 99.9 -1 47 gi|11 28984 31447 68 gi|12 37364 39819
msp 1888 s 22132 99.2 -1 68 gi|12 37214 39813 578 gi|42 11967 14534
msp 1890 s 22171 100.0 -1 68 gi|12 37364 39806 529 gi|39 22434 24876
msp 1892 s 1303 76.9 1 68 gi|12 37726 39759 201 gi|20 714 2819
msp 1894 s 1299 76.6 -1 68 gi|12 37726 39902 467 gi|35 30714 32979
msp 1957 s 1456 77.7 -1 705 gi|5 6006 8175 68 gi|12 37726 39810
edge 1513 s 0 0 47 68
edge 1519 s 0 0 68 201
edge 1520 s 0 0 68 467
edge 1521 s 0 0 68 529
edge 1522 s 0 0 68 578
edge 1523 s 0 0 68 705
