frag gi|50 21220 21518
img_no 6
edge_no 3
msp 2665 p 371 81.7 1 138 gi|16 38579 38720 719 gi|50 21221 21372
msp 2669 s 345 79.4 -1 138 gi|16 38592 38722 719 gi|50 21233 21373
msp 3015 p 522 87.7 -1 171 gi|19 8490 8652 719 gi|50 21219 21387
msp 3017 s 450 83.7 1 171 gi|19 8509 8649 719 gi|50 21228 21380
msp 3073 s 316 76.9 -1 185 gi|19 38645 38774 719 gi|50 21235 21374
msp 3075 p 351 80.3 1 185 gi|19 38647 38931 719 gi|50 21235 21518
edge 2424 P 1 81 138 719
edge 2425 P -1 87 171 719
edge 2426 p 1 80 185 719
