frag gi|54 33453 34849
img_no 9
flimg_no 1
edge_no 8
msp 329 s 296 71.5 -1 12 gi|1 22849 22971 776 gi|54 34661 34781
msp 1541 s 289 76.9 -1 22 gi|10 4469 4663 776 gi|54 34227 34400
msp 2519 s 263 84.3 -1 114 gi|15 27419 27488 776 gi|54 34331 34400
msp 3187 p 375 85.7 -1 238 gi|22 20243 20354 776 gi|54 34293 34401
msp 3661 s 353 78.3 -1 323 gi|28 16579 16684 776 gi|54 33534 33639
msp 3663 s 306 84.3 -1 323 gi|28 16588 16670 776 gi|54 34331 34413
msp 4873 p 1070 74.6 1 647 gi|46 29658 31078 776 gi|54 33453 34849
msp 4877 p 270 77.5 -1 648 gi|46 33856 33953 776 gi|54 34693 34790
msp 5072 s 253 68.5 -1 776 gi|54 34704 34792 864 gi|60 22667 22758
edge 1158 s 0 0 22 776
edge 1196 s 0 0 114 776
edge 1249 P -1 85 238 776
edge 1269 s 0 0 776 12
edge 1270 s 0 0 776 323
edge 1271 p 1 74 776 647
edge 1272 P -1 77 776 648
edge 1273 s 0 0 776 864
