frag gi|57 51 425
img_no 9
flimg_no 1
edge_no 9
msp 609 s 288 78.1 -1 198 gi|2 33019 33233 806 gi|57 142 353
msp 1231 s 259 81.5 -1 879 gi|7 22070 22318 806 gi|57 139 393
msp 1533 s 272 79.7 1 22 gi|10 4396 4538 806 gi|57 69 222
msp 2017 s 259 77.5 -1 75 gi|13 15408 15620 806 gi|57 131 343
msp 2705 s 297 77.8 -1 146 gi|17 19500 19715 806 gi|57 130 344
msp 3227 s 293 71.0 -1 242 gi|22 29187 29541 806 gi|57 66 414
msp 3577 s 306 69.9 -1 297 gi|26 19261 19579 806 gi|57 110 434
msp 4697 p 431 76.0 -1 589 gi|43 9711 10076 806 gi|57 51 425
msp 5071 s 291 77.8 1 773 gi|54 24655 24870 806 gi|57 135 350
edge 1159 s 0 0 22 806
edge 1175 s 0 0 75 806
edge 1209 s 0 0 146 806
edge 1236 s 0 0 773 806
edge 1274 s 0 0 806 198
edge 1275 s 0 0 806 242
edge 1276 s 0 0 806 297
edge 1277 P -1 76 806 589
edge 1278 s 0 0 806 879
