frag gi|57 19546 20972
img_no 10
flimg_no 2
edge_no 10
msp 1715 p 12559 100.0 1 941 gi|10 36751 38150 821 gi|57 19574 20973
msp 2859 p 2593 96.3 -1 934 gi|20 1 325 821 gi|57 20523 20858
msp 2881 p 8900 99.6 -1 1010 gi|20 2880 3907 821 gi|57 19549 20576
msp 3169 s 339 80.1 1 935 gi|22 749 929 821 gi|57 20634 20833
msp 4129 s 264 75.5 1 940 gi|33 7319 7776 821 gi|57 20370 20833
msp 4481 p 10055 100.0 -1 528 gi|39 21311 22433 821 gi|57 19851 20973
msp 4493 p 2527 100.0 -1 1011 gi|39 24877 25159 821 gi|57 19574 19856
msp 4597 p 12523 99.0 1 942 gi|40 31437 32870 821 gi|57 19543 20973
msp 4889 p 12542 99.2 1 944 gi|48 10078 11502 821 gi|57 19548 20972
msp 5039 p 1051 100.0 -1 1051 gi|56 39886 40000 821 gi|57 20859 20973
edge 472 p -1 100 528 821
edge 511 S -1 96 934 821
edge 521 s 0 0 935 821
edge 545 s 0 0 940 821
edge 555 p 1 100 941 821
edge 566 p 1 99 942 821
edge 577 p 1 99 944 821
edge 2575 p -1 99 1010 821
edge 2581 S -1 100 1011 821
edge 2916 P -1 100 1051 821
