frag gi|7 11762 12033
img_no 53
edge_no 46
msp 19 p 254 80.6 1 540 gi|4 13934 14062 873 gi|7 11822 11941
msp 31 s 287 93.8 1 543 gi|4 33411 33474 873 gi|7 11788 11842
msp 127 s 264 87.8 1 361 gi|3 15122 15170 873 gi|7 11797 11843
msp 449 s 275 94.4 1 186 gi|2 3758 3828 873 gi|7 11796 11860
msp 637 s 310 91.7 -1 199 gi|2 36035 36082 873 gi|7 11795 11843
msp 709 s 262 88.1 1 851 gi|6 26 67 873 gi|7 11804 11849
msp 747 s 256 94.5 1 855 gi|6 19332 19386 873 gi|7 11795 11846
msp 998 s 338 80.2 1 873 gi|7 11762 11847 422 gi|33 14402 14495
msp 1000 s 277 84.2 1 873 gi|7 11763 11844 715 gi|50 15238 15323
msp 1002 s 447 91.8 1 873 gi|7 11767 11876 638 gi|46 13316 13419
msp 1004 s 401 94.4 1 873 gi|7 11778 11849 589 gi|43 9569 9637
msp 1006 s 301 83.6 -1 873 gi|7 11778 11972 37 gi|10 27091 27270
msp 1008 s 252 83.1 1 873 gi|7 11778 11842 807 gi|57 441 515
msp 1010 s 310 95.3 1 873 gi|7 11782 11845 533 gi|39 33178 33235
msp 1012 s 345 90.3 -1 873 gi|7 11782 11843 653 gi|47 3043 3103
msp 1014 s 373 85.3 1 873 gi|7 11790 11857 712 gi|50 2499 2566
msp 1016 s 379 85.5 1 873 gi|7 11793 11930 631 gi|45 34623 34761
msp 1018 s 319 92.0 -1 873 gi|7 11793 11842 630 gi|45 32226 32275
msp 1020 s 392 86.7 -1 873 gi|7 11793 11852 900 gi|8 34672 34730
msp 1022 s 338 96.2 -1 873 gi|7 11793 11844 916 gi|9 39348 39401
msp 1024 s 253 86.3 1 873 gi|7 11794 11844 711 gi|50 1509 1560
msp 1026 s 304 91.9 -1 873 gi|7 11794 11855 872 gi|60 39532 39594
msp 1028 s 328 78.3 -1 873 gi|7 11795 11900 347 gi|29 32003 32113
msp 1030 s 360 95.9 1 873 gi|7 11795 11843 285 gi|25 31675 31722
msp 1032 s 400 93.7 1 873 gi|7 11795 11857 58 gi|12 13104 13165
msp 1034 s 398 96.5 -1 873 gi|7 11795 11851 507 gi|38 21300 21358
msp 1036 s 305 90.5 -1 873 gi|7 11795 11857 105 gi|15 7950 8014
msp 1038 s 284 80.4 1 873 gi|7 11795 11850 106 gi|15 9569 9623
msp 1040 s 282 81.5 -1 873 gi|7 11795 11848 533 gi|39 33107 33159
msp 1042 s 274 86.0 -1 873 gi|7 11795 11844 517 gi|39 1632 1680
msp 1044 s 279 87.7 1 873 gi|7 11795 11859 420 gi|33 11276 11337
msp 1046 s 260 89.8 1 873 gi|7 11795 11843 916 gi|9 39413 39465
msp 1048 s 255 89.6 -1 873 gi|7 11795 11842 80 gi|13 22906 22958
msp 1050 s 297 90.9 1 873 gi|7 11796 11839 288 gi|25 36474 36520
msp 1052 s 288 89.8 -1 873 gi|7 11796 11844 413 gi|32 39632 39679
msp 1054 s 253 89.4 -1 873 gi|7 11796 11842 724 gi|50 32854 32900
msp 1056 s 273 90.2 1 873 gi|7 11796 11846 555 gi|40 21064 21113
msp 1058 s 261 90.9 1 873 gi|7 11796 11850 620 gi|44 39720 39771
msp 1060 s 317 89.4 1 873 gi|7 11797 11843 37 gi|10 27265 27311
msp 1062 s 275 82.3 -1 873 gi|7 11797 11847 433 gi|33 38608 38659
msp 1064 s 253 86.7 1 873 gi|7 11798 11842 630 gi|45 32202 32246
msp 1066 s 362 93.8 -1 873 gi|7 11799 11846 275 gi|25 5770 5818
msp 1068 s 411 85.5 -1 873 gi|7 11799 11867 404 gi|32 20043 20112
msp 1070 s 389 100.0 -1 873 gi|7 11799 11844 510 gi|38 28124 28170
msp 1072 s 315 90.4 -1 873 gi|7 11799 11850 319 gi|28 686 735
msp 1074 s 296 81.7 -1 873 gi|7 11799 12033 812 gi|57 8062 8303
msp 1076 s 347 93.3 1 873 gi|7 11799 11843 872 gi|60 39612 39656
msp 1078 s 265 84.6 1 873 gi|7 11799 11863 661 gi|47 20923 20993
msp 1080 s 266 86.4 1 873 gi|7 11799 11842 80 gi|13 22979 23022
msp 1082 s 308 87.2 -1 873 gi|7 11799 11845 846 gi|59 31987 32034
msp 1084 s 184 86.0 1 873 gi|7 11820 11859 1002 gi|9 28707 28752
msp 1086 p 257 79.8 1 873 gi|7 11811 11988 63 gi|12 18910 19084
msp 1088 s 268 96.9 -1 873 gi|7 11818 11849 106 gi|15 9528 9559
edge 247 s 0 0 555 873
edge 287 s 0 0 653 873
edge 305 s 0 0 807 873
edge 346 s 0 0 872 873
edge 1318 s 0 0 37 873
edge 1386 s 0 0 533 873
edge 1586 s 0 0 715 873
edge 1609 s 0 0 58 873
edge 1640 s 0 0 80 873
edge 1679 s 0 0 275 873
edge 1728 s 0 0 638 873
edge 1772 s 0 0 105 873
edge 1790 s 0 0 186 873
edge 1812 s 0 0 199 873
edge 1839 s 0 0 285 873
edge 1856 s 0 0 288 873
edge 1877 s 0 0 319 873
edge 1910 s 0 0 347 873
edge 1919 s 0 0 361 873
edge 1936 s 0 0 404 873
edge 1946 s 0 0 413 873
edge 1967 s 0 0 422 873
edge 1981 s 0 0 507 873
edge 1998 s 0 0 510 873
edge 2010 s 0 0 517 873
edge 2019 s 0 0 543 873
edge 2035 s 0 0 589 873
edge 2046 s 0 0 630 873
edge 2058 s 0 0 631 873
edge 2067 s 0 0 711 873
edge 2078 s 0 0 712 873
edge 2092 s 0 0 724 873
edge 2118 s 0 0 812 873
edge 2137 s 0 0 846 873
edge 2147 P 1 79 873 63
edge 2148 s 0 0 873 106
edge 2149 s 0 0 873 420
edge 2150 s 0 0 873 433
edge 2151 P 1 80 873 540
edge 2152 s 0 0 873 620
edge 2153 s 0 0 873 661
edge 2154 s 0 0 873 851
edge 2155 s 0 0 873 855
edge 2156 s 0 0 873 900
edge 2158 s 0 0 873 916
edge 2460 s 0 0 1002 873
