frag gi|7 21926 23369
img_no 15
edge_no 12
msp 575 s 1572 77.8 1 198 gi|2 31970 33286 879 gi|7 21926 23229
msp 579 s 706 77.9 1 198 gi|2 32085 32568 879 gi|7 22867 23369
msp 591 s 475 75.1 1 198 gi|2 32923 34242 879 gi|7 22005 23345
msp 1218 s 363 76.8 -1 879 gi|7 21936 23231 37 gi|10 26010 27221
msp 1220 p 251 82.4 1 879 gi|7 21941 22071 314 gi|27 23661 23786
msp 1222 s 293 76.0 1 879 gi|7 22021 22400 901 gi|8 36721 37090
msp 1224 s 319 76.3 1 879 gi|7 22039 22651 75 gi|13 15336 15933
msp 1226 s 282 77.6 1 879 gi|7 22043 22493 628 gi|45 28803 29241
msp 1228 s 398 74.1 -1 879 gi|7 22044 22402 22 gi|10 4371 4723
msp 1230 s 259 81.5 -1 879 gi|7 22070 22318 806 gi|57 139 393
msp 1232 s 334 75.0 -1 879 gi|7 22131 22494 37 gi|10 25880 26243
msp 1234 s 250 79.6 -1 879 gi|7 22277 22330 479 gi|36 36813 36866
msp 1236 s 355 76.2 -1 879 gi|7 22278 22668 114 gi|15 27070 27445
msp 1238 s 256 76.5 -1 879 gi|7 22448 22694 611 gi|44 23309 23561
msp 1240 p 313 73.1 -1 879 gi|7 22570 22766 181 gi|19 35356 35555
edge 1160 s 0 0 22 879
edge 1176 s 0 0 75 879
edge 1198 s 0 0 114 879
edge 1228 s 0 0 479 879
edge 1266 s 0 0 611 879
edge 1268 s 0 0 628 879
edge 1278 s 0 0 806 879
edge 1279 s 0 0 879 37
edge 1280 P -1 73 879 181
edge 1281 s 0 0 879 198
edge 1282 P 1 82 879 314
edge 1283 s 0 0 879 901
