frag gi|7 39803 39901
img_no 6
edge_no 6
msp 1262 s 275 87.1 -1 887 gi|7 39803 39872 319 gi|28 695 755
msp 1264 s 256 87.7 -1 887 gi|7 39814 39878 275 gi|25 5771 5834
msp 1266 s 264 83.3 1 887 gi|7 39818 39901 37 gi|10 27258 27332
msp 1268 s 257 83.3 1 887 gi|7 39825 39884 589 gi|43 9584 9640
msp 1270 s 259 89.4 -1 887 gi|7 39826 39872 413 gi|32 39637 39680
msp 1272 s 264 91.3 1 887 gi|7 39827 39872 285 gi|25 31676 31718
edge 1320 s 0 0 37 887
edge 1681 s 0 0 275 887
edge 1841 s 0 0 285 887
edge 1879 s 0 0 319 887
edge 1948 s 0 0 413 887
edge 2037 s 0 0 589 887
