frag gi|8 31987 32296
img_no 9
flimg_no 2
edge_no 3
msp 882 p 693 78.7 1 899 gi|8 31986 32295 997 gi|43 1305 1621
msp 884 p 504 78.1 1 899 gi|8 31988 32297 815 gi|57 12377 12709
msp 886 s 718 81.1 -1 899 gi|8 32003 32295 997 gi|43 1319 1621
msp 888 s 287 85.1 -1 899 gi|8 32002 32048 815 gi|57 12391 12437
msp 890 s 252 87.8 1 899 gi|8 32002 32050 815 gi|57 12663 12711
msp 892 p 631 73.6 -1 899 gi|8 32003 32297 127 gi|16 22789 23105
msp 894 s 526 78.7 1 899 gi|8 32003 32279 127 gi|16 22791 23089
msp 896 s 428 77.6 -1 899 gi|8 32003 32279 815 gi|57 12409 12707
msp 898 s 266 77.4 -1 899 gi|8 32248 32300 815 gi|57 12659 12711
edge 2395 p -1 73 127 899
edge 2398 p 1 78 815 899
edge 2401 p 1 78 997 899
