frag gi|9 31027 31531
img_no 14
edge_no 11
msp 1314 s 1376 85.5 -1 912 gi|9 31027 31336 412 gi|32 36905 37224
msp 1316 s 487 79.3 -1 912 gi|9 31033 31216 412 gi|32 36914 37094
msp 1318 s 305 74.9 1 912 gi|9 31050 31224 174 gi|19 13448 13664
msp 1320 s 253 79.3 -1 912 gi|9 31149 31336 108 gi|15 13112 13295
msp 1322 p 263 75.6 1 912 gi|9 31157 31246 282 gi|25 24499 24583
msp 1324 s 1056 83.2 -1 912 gi|9 31159 31455 412 gi|32 36886 37210
msp 1326 s 250 74.1 1 912 gi|9 31171 31224 1030 gi|37 17957 18010
msp 1328 s 260 78.1 1 912 gi|9 31172 31235 174 gi|19 13449 13513
msp 1330 p 309 78.2 1 912 gi|9 31360 31460 421 gi|33 14239 14348
msp 1332 s 256 80.6 1 912 gi|9 31367 31531 565 gi|41 21159 21321
msp 1334 s 377 81.0 -1 912 gi|9 31368 31446 435 gi|34 2384 2460
msp 1336 s 307 78.7 1 912 gi|9 31369 31443 139 gi|17 1898 1977
msp 1905 p 259 84.5 1 693 gi|5 1402 1549 912 gi|9 31270 31405
msp 1941 s 268 74.1 1 702 gi|5 5220 5300 912 gi|9 31362 31445
edge 2237 s 0 0 108 912
edge 2242 s 0 0 139 912
edge 2257 s 0 0 565 912
edge 2280 s 0 0 912 174
edge 2281 P 1 75 912 282
edge 2282 s 0 0 912 412
edge 2283 P 1 78 912 421
edge 2284 s 0 0 912 435
edge 2286 P 1 84 912 693
edge 2287 s 0 0 912 702
edge 2717 s 0 0 1030 912
