frag gi|9 39181 39508
img_no 49
flimg_no 1
edge_no 36
msp 123 s 272 84.0 -1 361 gi|3 15121 15170 916 gi|9 39349 39399
msp 621 s 491 85.2 1 199 gi|2 36022 36149 916 gi|9 39332 39464
msp 631 s 420 85.3 -1 199 gi|2 36034 36149 916 gi|9 39350 39466
msp 731 s 363 87.8 -1 855 gi|6 19321 19418 916 gi|9 39322 39413
msp 925 s 290 94.5 1 900 gi|8 34676 34730 916 gi|9 39343 39401
msp 961 s 259 91.3 -1 900 gi|8 34681 34726 916 gi|9 39414 39465
msp 1023 s 338 96.2 -1 873 gi|7 11793 11844 916 gi|9 39348 39401
msp 1047 s 260 89.8 1 873 gi|7 11795 11843 916 gi|9 39413 39465
msp 1113 s 330 89.7 -1 876 gi|7 15821 15878 916 gi|9 39346 39409
msp 1197 s 299 92.0 -1 876 gi|7 15887 15936 916 gi|9 39414 39468
msp 1404 p 348 82.6 1 916 gi|9 39181 39508 285 gi|25 31450 31762
msp 1406 s 381 81.5 1 916 gi|9 39244 39464 80 gi|13 22797 23022
msp 1408 s 297 83.8 1 916 gi|9 39254 39370 726 gi|50 37082 37197
msp 1410 s 370 79.9 -1 916 gi|9 39260 39408 638 gi|46 13329 13483
msp 1412 p 253 80.8 -1 916 gi|9 39276 39369 632 gi|46 1751 1843
msp 1414 s 267 86.0 -1 916 gi|9 39297 39396 797 gi|56 26696 26774
msp 1416 s 312 91.7 1 916 gi|9 39326 39469 106 gi|15 9514 9620
msp 1418 s 298 84.8 1 916 gi|9 39329 39466 83 gi|13 30441 30589
msp 1420 s 288 81.0 -1 916 gi|9 39336 39398 422 gi|33 14445 14504
msp 1422 s 334 90.1 1 916 gi|9 39339 39409 746 gi|52 24926 24988
msp 1424 s 288 79.5 -1 916 gi|9 39340 39466 58 gi|12 13054 13160
msp 1426 s 370 89.3 1 916 gi|9 39341 39415 404 gi|32 20056 20128
msp 1428 s 466 80.2 1 916 gi|9 39343 39468 872 gi|60 39538 39659
msp 1430 s 467 85.7 1 916 gi|9 39344 39469 37 gi|10 27195 27315
msp 1432 s 282 87.3 1 916 gi|9 39344 39398 347 gi|29 32061 32112
msp 1434 s 385 89.2 -1 916 gi|9 39345 39409 631 gi|45 34614 34676
msp 1436 s 472 86.1 -1 916 gi|9 39347 39468 872 gi|60 39541 39658
msp 1438 s 274 93.1 1 916 gi|9 39347 39404 861 gi|60 10173 10229
msp 1440 s 393 89.1 -1 916 gi|9 39347 39465 37 gi|10 27200 27313
msp 1442 s 371 96.2 1 916 gi|9 39347 39399 510 gi|38 28123 28173
msp 1444 s 307 82.5 -1 916 gi|9 39347 39466 653 gi|47 3042 3158
msp 1446 s 334 84.3 -1 916 gi|9 39347 39416 589 gi|43 9568 9634
msp 1448 s 280 84.6 1 916 gi|9 39347 39398 105 gi|15 7963 8013
msp 1450 s 267 93.3 -1 916 gi|9 39347 39465 106 gi|15 9534 9618
msp 1452 s 290 89.0 -1 916 gi|9 39347 39419 420 gi|33 11256 11327
msp 1454 s 395 90.9 -1 916 gi|9 39348 39468 533 gi|39 33109 33234
msp 1456 s 264 92.9 1 916 gi|9 39348 39403 507 gi|38 21306 21362
msp 1458 s 332 94.2 1 916 gi|9 39348 39399 812 gi|57 8258 8306
msp 1460 s 294 90.6 -1 916 gi|9 39349 39401 712 gi|50 2502 2551
msp 1462 s 269 94.0 -1 916 gi|9 39349 39398 285 gi|25 31676 31722
msp 1464 s 275 81.7 1 916 gi|9 39349 39468 653 gi|47 3043 3159
msp 1466 s 309 92.2 1 916 gi|9 39349 39399 846 gi|59 31989 32037
msp 1468 s 421 87.0 -1 916 gi|9 39350 39464 80 gi|13 22906 23022
msp 1470 s 275 88.5 1 916 gi|9 39350 39401 630 gi|45 32226 32275
msp 1472 s 281 92.0 1 916 gi|9 39350 39399 275 gi|25 5775 5821
msp 1474 s 296 80.7 -1 916 gi|9 39356 39490 752 gi|53 5064 5197
msp 1476 s 269 90.6 1 916 gi|9 39401 39464 630 gi|45 32192 32246
msp 1478 s 258 89.3 -1 916 gi|9 39413 39468 746 gi|52 24931 24981
msp 1480 s 262 89.4 1 916 gi|9 39414 39479 589 gi|43 9586 9647
edge 292 s 0 0 653 916
edge 297 s 0 0 752 916
edge 350 s 0 0 872 916
edge 1323 s 0 0 37 916
edge 1390 s 0 0 533 916
edge 1612 s 0 0 58 916
edge 1643 s 0 0 80 916
edge 1683 s 0 0 275 916
edge 1731 s 0 0 638 916
edge 1752 s 0 0 83 916
edge 1775 s 0 0 105 916
edge 1815 s 0 0 199 916
edge 1843 p 1 82 285 916
edge 1913 s 0 0 347 916
edge 1921 s 0 0 361 916
edge 1939 s 0 0 404 916
edge 1971 s 0 0 422 916
edge 1984 s 0 0 507 916
edge 2001 s 0 0 510 916
edge 2039 s 0 0 589 916
edge 2050 s 0 0 630 916
edge 2061 s 0 0 631 916
edge 2080 s 0 0 712 916
edge 2104 s 0 0 746 916
edge 2122 s 0 0 812 916
edge 2141 s 0 0 846 916
edge 2146 s 0 0 861 916
edge 2158 s 0 0 873 916
edge 2168 s 0 0 876 916
edge 2173 s 0 0 900 916
edge 2174 s 0 0 916 106
edge 2175 s 0 0 916 420
edge 2176 P -1 80 916 632
edge 2177 s 0 0 916 726
edge 2178 s 0 0 916 797
edge 2179 s 0 0 916 855
