frag gi|10 1670 1775
img_no 21
flimg_no 7
edge_no 16
msp 173 p 294 84.5 -1 931 gi|3 33911 34020 929 gi|10 1671 1774
msp 199 s 269 81.5 1 931 gi|3 33913 34020 929 gi|10 1671 1772
msp 525 p 297 81.6 1 193 gi|2 21939 22052 929 gi|10 1670 1782
msp 539 s 266 69.6 -1 193 gi|2 21940 22041 929 gi|10 1671 1772
msp 1347 p 251 85.7 1 913 gi|9 32517 32628 929 gi|10 1679 1780
msp 1379 s 284 82.9 -1 913 gi|9 32543 32618 929 gi|10 1671 1739
msp 1482 s 218 90.0 1 929 gi|10 1669 1734 343 gi|29 19709 19780
msp 1484 p 339 84.3 1 929 gi|10 1669 1775 312 gi|27 22359 22470
msp 1486 s 291 90.0 1 929 gi|10 1669 1726 825 gi|57 28247 28309
msp 1488 p 259 81.0 -1 929 gi|10 1669 1772 310 gi|27 19653 19759
msp 1490 p 276 78.3 1 929 gi|10 1669 1773 752 gi|53 5086 5199
msp 1492 p 285 84.0 -1 929 gi|10 1669 1743 335 gi|29 8608 8675
msp 1494 p 290 84.6 1 929 gi|10 1669 1733 561 gi|41 11402 11466
msp 1496 s 280 80.7 -1 929 gi|10 1670 1726 80 gi|13 22964 23023
msp 1498 p 295 91.1 1 929 gi|10 1670 1714 322 gi|28 14813 14857
msp 1500 s 275 80.0 -1 929 gi|10 1670 1769 772 gi|54 24046 24147
msp 1502 p 372 77.5 -1 929 gi|10 1671 1772 94 gi|14 21740 21844
msp 1504 s 373 80.8 -1 929 gi|10 1671 1774 312 gi|27 22357 22467
msp 1506 p 306 76.8 -1 929 gi|10 1671 1782 634 gi|46 7014 7129
msp 1508 s 279 75.0 1 929 gi|10 1671 1774 634 gi|46 7024 7131
msp 1510 p 355 83.0 1 929 gi|10 1674 1773 346 gi|29 28022 28121
edge 364 s 0 0 929 80
edge 365 S -1 76 929 94
edge 366 S 1 81 929 193
edge 367 S -1 80 929 310
edge 368 S 1 84 929 312
edge 369 P 1 91 929 322
edge 370 S -1 84 929 335
edge 371 s 0 0 929 343
edge 372 S 1 83 929 346
edge 374 S 1 84 929 561
edge 375 S -1 76 929 634
edge 376 S 1 78 929 752
edge 377 s 0 0 929 772
edge 378 s 0 0 929 825
edge 379 P 1 85 929 913
edge 414 S -1 84 931 929
