frag gi|33 4950 6134
img_no 8
flimg_no 1
edge_no 8
msp 249 p 5206 81.6 1 933 gi|1 6517 7696 939 gi|33 4949 6135
msp 1729 s 261 77.8 1 941 gi|10 37219 38064 939 gi|33 5239 6090
msp 1883 p 286 76.9 1 65 gi|12 25689 25779 939 gi|33 4951 5047
msp 2865 s 436 76.5 -1 934 gi|20 11 253 939 gi|33 5795 6037
msp 3161 s 407 74.9 1 935 gi|22 544 1027 939 gi|33 5633 6127
msp 3179 s 621 80.2 1 937 gi|22 5657 5857 939 gi|33 4954 5152
msp 3181 p 2632 80.1 1 946 gi|22 5849 6542 939 gi|33 5437 6134
msp 3959 p 828 79.3 1 938 gi|30 32240 32444 939 gi|33 5932 6135
edge 532 S 1 76 939 65
edge 534 p 1 81 939 933
edge 535 s 0 0 939 934
edge 536 s 0 0 939 935
edge 537 s 0 0 939 937
edge 538 S 1 79 939 938
edge 558 s 0 0 941 939
edge 587 S 1 80 946 939
