frag gi|40 31438 32869
img_no 11
flimg_no 3
edge_no 11
msp 1723 p 12552 100.0 1 941 gi|10 36752 38150 942 gi|40 31472 32870
msp 2861 p 2593 96.3 -1 934 gi|20 1 325 942 gi|40 32420 32755
msp 2883 p 8891 99.3 -1 1010 gi|20 2880 3911 942 gi|40 31440 32473
msp 3165 s 339 80.1 1 935 gi|22 749 929 942 gi|40 32531 32730
msp 4125 s 264 75.5 1 940 gi|33 7319 7776 942 gi|40 32267 32730
msp 4477 p 10055 100.0 -1 528 gi|39 21311 22433 942 gi|40 31748 32870
msp 4489 p 2426 99.1 -1 1011 gi|39 24877 25185 942 gi|40 31437 31753
msp 4594 p 12536 99.6 1 942 gi|40 31437 32870 813 gi|57 8410 9843
msp 4596 p 12523 99.0 1 942 gi|40 31437 32870 821 gi|57 19543 20973
msp 4598 p 12548 99.4 1 942 gi|40 31442 32869 944 gi|48 10075 11502
msp 4600 p 1048 100.0 -1 942 gi|40 32756 32870 1051 gi|56 39886 40000
edge 561 p -1 100 942 528
edge 565 p 1 99 942 813
edge 566 p 1 99 942 821
edge 567 S -1 96 942 934
edge 568 s 0 0 942 935
edge 569 s 0 0 942 940
edge 570 p 1 100 942 941
edge 582 p 1 99 944 942
edge 2577 p -1 99 1010 942
edge 2583 S -1 99 1011 942
edge 2918 S -1 100 1051 942
