frag gi|1 37352 37494
img_no 23
flimg_no 8
edge_no 23
msp 358 p 255 79.8 1 967 gi|1 37352 37481 962 gi|19 2378 2494
msp 362 p 436 74.3 1 967 gi|1 37351 37495 964 gi|34 22204 22345
msp 364 s 416 84.4 1 967 gi|1 37351 37436 154 gi|18 5619 5700
msp 366 p 425 77.0 1 967 gi|1 37351 37495 184 gi|19 38496 38638
msp 368 p 631 87.6 1 967 gi|1 37351 37495 948 gi|51 16466 16609
msp 370 s 318 84.0 -1 967 gi|1 37351 37424 385 gi|31 14257 14327
msp 372 s 246 84.1 -1 967 gi|1 37351 37412 499 gi|38 11455 11508
msp 374 p 279 85.6 -1 967 gi|1 37351 37495 375 gi|30 20329 20464
msp 376 s 507 80.3 1 967 gi|1 37351 37466 162 gi|18 23592 23704
msp 378 s 233 73.5 -1 967 gi|1 37351 37427 482 gi|37 3420 3492
msp 380 p 511 81.8 -1 967 gi|1 37351 37494 973 gi|31 34012 34155
msp 382 s 339 83.3 1 967 gi|1 37351 37412 274 gi|25 3893 3955
msp 384 s 289 76.9 1 967 gi|1 37351 37464 974 gi|56 22266 22373
msp 386 s 345 79.2 -1 967 gi|1 37351 37443 590 gi|43 11612 11702
msp 388 s 246 79.8 1 967 gi|1 37351 37432 372 gi|30 5912 5991
msp 390 p 535 82.7 -1 967 gi|1 37351 37495 961 gi|16 23431 23572
msp 392 p 295 86.5 1 967 gi|1 37353 37404 793 gi|56 18809 18859
msp 394 p 387 82.6 -1 967 gi|1 37353 37495 947 gi|21 13704 13845
msp 396 s 265 79.8 -1 967 gi|1 37359 37467 551 gi|40 16576 16696
msp 398 p 395 74.8 1 967 gi|1 37363 37467 971 gi|14 35438 35549
msp 400 s 306 85.4 1 967 gi|1 37365 37412 834 gi|59 1697 1744
msp 402 p 428 83.3 1 967 gi|1 37404 37493 447 gi|34 26930 27017
msp 5096 p 179 81.9 -1 967 gi|1 37351 37495 969 gi|36 22590 22726
edge 1050 s 0 0 967 154
edge 1051 s 0 0 967 162
edge 1052 S 1 77 967 184
edge 1053 s 0 0 967 274
edge 1054 s 0 0 967 372
edge 1055 S -1 85 967 375
edge 1056 s 0 0 967 385
edge 1058 P 1 83 967 447
edge 1059 s 0 0 967 482
edge 1060 s 0 0 967 499
edge 1061 s 0 0 967 551
edge 1062 s 0 0 967 590
edge 1063 P 1 86 967 793
edge 1064 s 0 0 967 834
edge 1065 S -1 82 967 947
edge 1066 P 1 87 967 948
edge 1069 S -1 82 967 961
edge 1070 S 1 78 967 962
edge 1071 S 1 74 967 964
edge 1082 S -1 81 969 967
edge 1094 S 1 74 971 967
edge 1115 S -1 81 973 967
edge 1131 s 0 0 974 967
