frag gi|50 19610 19943
img_no 13
edge_no 10
msp 817 p 359 83.3 -1 892 gi|8 17070 17201 991 gi|50 19612 19724
msp 819 s 297 76.7 -1 892 gi|8 17070 17159 991 gi|50 19751 19845
msp 1913 s 261 81.4 1 1048 gi|5 1868 1926 991 gi|50 19779 19837
msp 2193 p 369 78.5 -1 92 gi|14 8773 9009 991 gi|50 19712 19943
msp 2679 s 315 82.1 1 139 gi|17 1913 1968 991 gi|50 19782 19837
msp 3367 p 356 81.0 -1 277 gi|25 15240 15429 991 gi|50 19774 19943
msp 4471 s 402 75.9 1 1007 gi|39 20352 20492 991 gi|50 19699 19844
msp 4879 s 189 80.2 1 650 gi|46 36009 36136 991 gi|50 19610 19725
msp 4883 s 750 93.7 1 650 gi|46 36060 36170 991 gi|50 19770 19884
msp 4925 p 418 78.4 -1 658 gi|47 12134 12323 991 gi|50 19649 19839
msp 4927 p 489 76.2 -1 659 gi|47 12250 12473 991 gi|50 19609 19839
msp 4929 s 316 81.7 -1 659 gi|47 12366 12474 991 gi|50 19724 19839
msp 4982 s 299 80.3 -1 991 gi|50 19779 19854 827 gi|58 4007 4083
edge 2297 p -1 78 991 92
edge 2298 s 0 0 991 139
edge 2299 P -1 81 991 277
edge 2301 s 0 0 991 650
edge 2302 P -1 78 991 658
edge 2303 P -1 76 991 659
edge 2305 s 0 0 991 827
edge 2306 P -1 83 991 892
edge 2529 s 0 0 1007 991
edge 2907 s 0 0 1048 991
