frag gi|29 5236 5430
img_no 6
flimg_no 2
edge_no 3
msp 2579 p 541 77.4 1 993 gi|16 14063 14232 995 gi|29 5235 5431
msp 2585 s 570 77.3 -1 993 gi|16 14048 14230 995 gi|29 5248 5431
msp 2909 p 674 78.2 1 207 gi|20 18460 18652 995 gi|29 5237 5430
msp 2911 s 491 77.7 -1 207 gi|20 18463 18645 995 gi|29 5248 5431
msp 3794 p 871 84.3 1 995 gi|29 5237 5387 996 gi|39 13750 13900
msp 3796 p 500 76.0 -1 995 gi|29 5281 5431 996 gi|39 13753 13903
edge 2384 p 1 78 995 207
edge 2386 p 1 77 995 993
edge 2390 p 1 84 996 995
