frag gi|17 28565 29455
img_no 15
edge_no 15
msp 503 p 994 74.2 1 625 gi|8 14584 15433 110 gi|17 28579 29455
msp 539 s 282 81.2 1 629 gi|8 28694 28789 110 gi|17 28929 29024
msp 621 s 383 75.4 -1 640 gi|9 26105 26613 110 gi|17 28680 29177
msp 1032 s 311 75.6 1 110 gi|17 28565 29060 566 gi|48 31850 32362
msp 1034 s 425 77.5 -1 110 gi|17 28635 29078 271 gi|30 3011 3472
msp 1036 s 763 72.8 1 110 gi|17 28668 29295 243 gi|29 5748 6380
msp 1038 s 452 75.5 1 110 gi|17 28773 29258 516 gi|45 28118 28592
msp 1040 s 499 77.0 1 110 gi|17 28857 29247 519 gi|46 1469 1856
msp 1042 s 309 80.2 1 110 gi|17 28862 29023 115 gi|18 454 615
msp 1044 s 376 78.0 1 110 gi|17 28948 29161 399 gi|38 34456 34666
msp 1046 s 284 78.7 -1 110 gi|17 28971 29181 151 gi|20 35033 35254
msp 1048 s 274 77.8 1 110 gi|17 28977 29161 520 gi|46 2419 2600
msp 1050 s 271 77.0 1 110 gi|17 28979 29161 534 gi|47 1368 1550
msp 1052 s 283 70.4 -1 110 gi|17 28980 29185 290 gi|31 19279 19483
msp 1054 s 342 75.1 -1 110 gi|17 28981 29161 172 gi|22 24746 24923
edge 54 s 0 0 172 110
edge 78 s 0 0 290 110
edge 104 s 0 0 566 110
edge 148 s 0 0 110 115
edge 149 s 0 0 110 151
edge 150 s 0 0 110 243
edge 151 s 0 0 110 271
edge 152 s 0 0 110 399
edge 153 s 0 0 110 516
edge 154 s 0 0 110 519
edge 155 s 0 0 110 520
edge 156 s 0 0 110 534
edge 157 p 1 74 110 625
edge 158 s 0 0 110 629
edge 159 s 0 0 110 640
