frag gi|18 177 913
img_no 26
edge_no 24
msp 221 p 849 70.7 -1 650 gi|1 24695 25377 115 gi|18 177 874
msp 533 s 816 76.3 1 629 gi|8 28385 28911 115 gi|18 221 738
msp 609 s 624 74.8 -1 640 gi|9 25991 26597 115 gi|18 259 913
msp 948 s 536 75.9 1 115 gi|18 188 673 181 gi|23 14705 15199
msp 950 s 608 76.9 -1 115 gi|18 193 786 172 gi|22 24713 25276
msp 952 s 426 76.1 1 115 gi|18 194 753 480 gi|42 32180 32727
msp 954 s 266 72.3 1 115 gi|18 206 769 534 gi|47 1000 1566
msp 956 s 725 75.6 1 115 gi|18 220 772 566 gi|48 31945 32480
msp 958 s 709 76.6 1 115 gi|18 220 804 399 gi|38 34148 34717
msp 960 s 1091 75.8 1 115 gi|18 311 789 516 gi|45 28075 28531
msp 962 s 266 76.7 1 115 gi|18 379 670 502 gi|44 37646 37931
msp 964 s 319 74.3 1 115 gi|18 400 808 519 gi|46 1417 1825
msp 966 s 395 78.2 -1 115 gi|18 487 771 216 gi|25 35343 35638
msp 968 s 402 74.6 -1 115 gi|18 492 672 545 gi|47 22952 23126
msp 970 s 453 74.9 -1 115 gi|18 522 700 222 gi|26 20697 20875
msp 972 s 389 83.4 -1 115 gi|18 528 714 168 gi|22 15501 15713
msp 974 s 364 75.4 -1 115 gi|18 534 777 151 gi|20 35039 35285
msp 976 s 409 76.2 1 115 gi|18 544 753 534 gi|47 293 498
msp 978 s 459 69.3 -1 115 gi|18 563 819 276 gi|30 38141 38397
msp 980 s 300 81.8 -1 115 gi|18 575 673 393 gi|38 24404 24502
msp 982 s 323 68.2 1 115 gi|18 575 841 520 gi|46 2425 2688
msp 984 s 296 67.7 -1 115 gi|18 576 826 276 gi|30 37132 37382
msp 986 s 320 73.2 -1 115 gi|18 576 821 144 gi|20 18755 18988
msp 988 s 293 75.5 1 115 gi|18 578 761 478 gi|42 27561 27744
msp 990 s 250 82.1 -1 115 gi|18 578 672 202 gi|25 4903 4997
msp 1043 s 309 80.2 1 110 gi|17 28862 29023 115 gi|18 454 615
edge 55 s 0 0 172 115
edge 100 s 0 0 502 115
edge 105 s 0 0 566 115
edge 148 s 0 0 110 115
edge 160 s 0 0 115 144
edge 161 s 0 0 115 151
edge 162 s 0 0 115 168
edge 163 s 0 0 115 181
edge 164 s 0 0 115 202
edge 165 s 0 0 115 216
edge 166 s 0 0 115 222
edge 167 s 0 0 115 276
edge 168 s 0 0 115 393
edge 169 s 0 0 115 399
edge 170 s 0 0 115 478
edge 171 s 0 0 115 480
edge 172 s 0 0 115 516
edge 173 s 0 0 115 519
edge 174 s 0 0 115 520
edge 175 s 0 0 115 534
edge 176 s 0 0 115 545
edge 177 s 0 0 115 629
edge 178 s 0 0 115 640
edge 362 P -1 70 650 115
