frag gi|20 18649 19368
img_no 17
edge_no 17
msp 229 s 481 71.3 1 650 gi|1 24765 24994 144 gi|20 18769 18993
msp 389 s 392 71.7 1 614 gi|7 30268 30850 144 gi|20 18713 19295
msp 403 s 845 71.8 1 615 gi|7 32056 32698 144 gi|20 18729 19368
msp 639 s 281 75.8 1 640 gi|9 26204 26298 144 gi|20 18894 18988
msp 987 s 320 73.2 -1 115 gi|18 576 821 144 gi|20 18755 18988
msp 1112 p 469 73.9 1 144 gi|20 18649 19342 393 gi|38 24152 24856
msp 1114 p 508 75.9 -1 144 gi|20 18681 19008 189 gi|23 25674 26014
msp 1116 s 394 75.1 1 144 gi|20 18717 19106 270 gi|30 1048 1419
msp 1118 s 593 73.0 1 144 gi|20 18735 19164 271 gi|30 2852 3281
msp 1120 s 264 69.7 -1 144 gi|20 18756 18986 566 gi|48 32288 32527
msp 1122 s 266 74.3 -1 144 gi|20 18761 19005 478 gi|42 27545 27792
msp 1124 s 298 71.1 1 144 gi|20 18763 19125 392 gi|38 22483 22839
msp 1126 s 318 70.9 -1 144 gi|20 18792 19021 516 gi|45 28291 28523
msp 1128 s 262 74.8 -1 144 gi|20 18844 18986 399 gi|38 34494 34624
msp 1130 s 289 77.5 1 144 gi|20 18894 19013 172 gi|22 24826 24954
msp 1132 s 310 74.5 1 144 gi|20 18900 19052 168 gi|22 15554 15700
msp 1134 s 276 78.2 -1 144 gi|20 18902 18988 243 gi|29 6070 6152
edge 57 s 0 0 172 144
edge 94 s 0 0 392 144
edge 106 s 0 0 566 144
edge 160 s 0 0 115 144
edge 182 s 0 0 144 168
edge 183 P -1 74 144 189
edge 184 s 0 0 144 243
edge 185 s 0 0 144 270
edge 186 s 0 0 144 271
edge 187 p 1 72 144 393
edge 188 s 0 0 144 399
edge 189 s 0 0 144 478
edge 190 s 0 0 144 516
edge 191 s 0 0 144 614
edge 192 s 0 0 144 615
edge 193 s 0 0 144 640
edge 363 s 0 0 650 144
