frag gi|26 2003 2851
img_no 10
flimg_no 4
edge_no 7
msp 131 p 875 74.3 1 261 gi|3 6374 7207 217 gi|26 2003 2851
msp 799 s 287 70.9 -1 95 gi|16 23516 23735 217 gi|26 2629 2851
msp 801 s 821 75.6 -1 95 gi|16 23947 24348 217 gi|26 2004 2401
msp 1362 s 790 75.4 1 217 gi|26 2004 2401 307 gi|32 10525 10926
msp 1364 s 774 75.1 1 217 gi|26 2004 2401 390 gi|38 18378 18779
msp 1366 p 774 75.9 1 217 gi|26 2004 2851 675 gi|34 27573 28405
msp 1368 p 763 75.7 1 217 gi|26 2004 2851 672 gi|28 28488 29307
msp 1370 p 763 75.7 1 217 gi|26 2004 2851 668 gi|27 12810 13629
msp 1372 s 287 71.3 1 217 gi|26 2629 2851 307 gi|32 11138 11357
msp 1374 s 287 71.3 1 217 gi|26 2629 2851 390 gi|38 18991 19210
edge 685 s 0 0 95 217
edge 700 S 1 74 217 261
edge 701 s 0 0 217 307
edge 703 s 0 0 217 390
edge 732 P 1 75 668 217
edge 758 S 1 75 672 217
edge 785 S 1 75 675 217
