frag gi|26 3437 3658
img_no 7
flimg_no 7
edge_no 7
msp 133 p 325 69.8 1 261 gi|3 7669 7900 218 gi|26 3436 3658
msp 797 p 305 69.4 -1 95 gi|16 22823 23054 218 gi|26 3436 3658
msp 1376 p 284 68.2 1 218 gi|26 3436 3658 307 gi|32 11838 12069
msp 1378 p 281 68.6 1 218 gi|26 3436 3658 675 gi|34 28867 29097
msp 1380 p 284 68.2 1 218 gi|26 3436 3658 672 gi|28 29769 30000
msp 1382 p 284 68.2 1 218 gi|26 3436 3658 668 gi|27 14091 14322
msp 1384 p 260 69.9 1 218 gi|26 3443 3658 390 gi|38 19685 19903
edge 686 S -1 69 95 218
edge 704 S 1 69 218 261
edge 705 S 1 68 218 307
edge 707 P 1 69 218 390
edge 733 S 1 68 668 218
edge 759 S 1 68 672 218
edge 786 S 1 68 675 218
