frag gi|3 5973 8641
img_no 10
flimg_no 4
edge_no 10
msp 116 p 22737 95.9 1 261 gi|3 5970 8642 672 gi|28 28081 30742
msp 118 p 22711 95.9 1 261 gi|3 5973 8642 668 gi|27 12406 15064
msp 120 p 23010 95.8 1 261 gi|3 5973 8640 390 gi|38 17976 20643
msp 122 p 22520 96.3 -1 261 gi|3 5973 8642 95 gi|16 22118 24750
msp 124 p 22723 95.5 1 261 gi|3 5977 8641 675 gi|34 27168 29839
msp 126 p 930 98.3 1 261 gi|3 5977 6091 674 gi|32 8874 8989
msp 128 p 22146 96.4 1 261 gi|3 6072 8640 307 gi|32 10221 12801
msp 130 p 875 74.3 1 261 gi|3 6374 7207 217 gi|26 2003 2851
msp 132 p 325 69.8 1 261 gi|3 7669 7900 218 gi|26 3436 3658
msp 134 s 2067 93.1 -1 261 gi|3 8381 8639 678 gi|39 27668 27926
edge 687 p -1 96 95 261
edge 700 S 1 74 217 261
edge 704 S 1 69 218 261
edge 709 p 1 96 261 307
edge 711 p 1 95 261 390
edge 735 p 1 95 668 261
edge 760 p 1 95 672 261
edge 778 P 1 98 674 261
edge 787 p 1 95 675 261
edge 795 s 0 0 678 261
