frag gi|32 22453 23729
img_no 5
flimg_no 3
edge_no 5
msp 425 p 278 91.3 -1 618 gi|7 35878 35923 314 gi|32 23692 23735
msp 669 p 1111 90.3 1 661 gi|9 30979 31122 314 gi|32 22453 22596
msp 823 p 11594 98.6 -1 651 gi|13 5820 7092 314 gi|32 22453 23726
msp 853 p 11577 98.3 1 663 gi|13 29316 30591 314 gi|32 22453 23728
msp 1667 p 11596 98.6 1 655 gi|31 4913 6186 314 gi|32 22453 23727
edge 519 P -1 91 314 618
edge 547 p -1 98 651 314
edge 558 p 1 98 655 314
edge 596 S 1 90 661 314
edge 608 p 1 98 663 314
