frag gi|33 34168 35886
img_no 11
flimg_no 1
edge_no 11
msp 35 s 1278 75.9 1 431 gi|4 24768 25178 339 gi|33 34316 34773
msp 51 s 886 74.3 1 432 gi|4 25160 25474 339 gi|33 34859 35189
msp 69 s 789 77.3 1 433 gi|4 25408 26003 339 gi|33 35241 35830
msp 569 p 3911 78.1 -1 694 gi|8 30919 32581 339 gi|33 34165 35837
msp 1263 s 3014 75.3 1 178 gi|23 8048 9559 339 gi|33 34286 35803
msp 1473 p 867 81.9 -1 208 gi|25 20595 20749 339 gi|33 34727 34881
msp 1677 s 5773 77.4 1 284 gi|31 11210 12842 339 gi|33 34170 35812
msp 1822 s 5455 77.5 1 339 gi|33 34163 35832 521 gi|46 6615 8294
msp 1824 p 1976 76.7 1 339 gi|33 34172 35886 363 gi|35 31673 33395
msp 1826 s 2067 75.7 1 339 gi|33 34236 35809 438 gi|40 2321 3890
msp 1828 s 977 76.7 1 339 gi|33 34376 35148 524 gi|46 14539 15311
edge 983 s 0 0 178 339
edge 995 S -1 81 208 339
edge 1009 s 0 0 284 339
edge 1040 p 1 76 339 363
edge 1041 s 0 0 339 431
edge 1042 s 0 0 339 432
edge 1043 s 0 0 339 433
edge 1044 s 0 0 339 438
edge 1045 s 0 0 339 521
edge 1046 s 0 0 339 524
edge 1086 p -1 78 694 339
