frag gi|4 17707 18431
img_no 6
edge_no 6
msp 8 s 368 75.9 -1 427 gi|4 17707 18112 154 gi|21 757 1158
msp 10 s 512 75.1 -1 427 gi|4 17716 18048 142 gi|20 16378 16705
msp 12 s 430 74.7 1 427 gi|4 17823 18043 75 gi|14 37213 37427
msp 14 s 550 79.7 -1 427 gi|4 17864 18312 648 gi|34 10382 10818
msp 16 s 390 76.0 1 427 gi|4 17879 18423 182 gi|23 16305 16813
msp 165 s 1115 75.3 1 647 gi|1 3241 3855 427 gi|4 17814 18431
edge 11 s 0 0 75 427
edge 14 s 0 0 142 427
edge 17 s 0 0 154 427
edge 19 s 0 0 182 427
edge 26 s 0 0 647 427
edge 32 s 0 0 648 427
