frag gi|4 24636 25257
img_no 12
edge_no 11
msp 26 s 1089 72.0 1 431 gi|4 24639 25178 695 gi|33 32282 32880
msp 28 s 1245 74.3 1 431 gi|4 24700 25178 521 gi|46 6691 7222
msp 30 s 1088 76.5 1 431 gi|4 24702 25185 178 gi|23 8012 8545
msp 32 s 1088 75.4 1 431 gi|4 24732 25178 284 gi|31 11321 11812
msp 34 s 1278 75.9 1 431 gi|4 24768 25178 339 gi|33 34316 34773
msp 36 s 917 73.3 -1 431 gi|4 24849 25197 694 gi|8 31950 32307
msp 38 s 569 74.5 1 431 gi|4 24858 25179 524 gi|46 14616 14940
msp 40 s 744 78.1 1 431 gi|4 24858 25217 363 gi|35 31948 32308
msp 42 s 775 78.3 1 431 gi|4 24859 25186 340 gi|33 36326 36650
msp 44 s 604 75.5 1 431 gi|4 24870 25179 438 gi|40 2546 2867
msp 46 s 811 71.8 1 431 gi|4 24977 25178 336 gi|33 31018 31219
msp 58 s 307 74.7 1 431 gi|4 25167 25257 178 gi|23 8638 8728
edge 986 s 0 0 178 431
edge 1012 s 0 0 284 431
edge 1021 s 0 0 336 431
edge 1041 s 0 0 339 431
edge 1049 s 0 0 340 431
edge 1056 s 0 0 363 431
edge 1062 s 0 0 431 438
edge 1063 s 0 0 431 521
edge 1064 s 0 0 431 524
edge 1089 s 0 0 694 431
edge 1099 s 0 0 695 431
