frag gi|42 27477 27792
img_no 8
edge_no 8
msp 251 s 317 74.2 -1 650 gi|1 24864 25072 478 gi|42 27477 27685
msp 559 s 279 76.4 1 629 gi|8 28746 28851 478 gi|42 27556 27661
msp 989 s 293 75.5 1 115 gi|18 578 761 478 gi|42 27561 27744
msp 1123 s 266 74.3 -1 144 gi|20 18761 19005 478 gi|42 27545 27792
msp 1315 p 259 81.9 1 185 gi|23 19219 19434 478 gi|42 27531 27754
msp 1511 s 282 67.7 -1 216 gi|25 35354 35520 478 gi|42 27577 27743
msp 2012 s 272 71.7 1 478 gi|42 27529 27765 520 gi|46 2396 2623
msp 2014 s 317 75.9 1 478 gi|42 27553 27718 566 gi|48 32280 32442
edge 116 s 0 0 566 478
edge 170 s 0 0 115 478
edge 189 s 0 0 144 478
edge 309 s 0 0 520 478
edge 320 s 0 0 629 478
edge 328 P 1 81 185 478
edge 361 s 0 0 478 216
edge 377 s 0 0 650 478
