frag gi|12 33074 34808
img_no 14
edge_no 6
msp 367 s 390 90.1 -1 613 gi|7 26533 26603 49 gi|12 33104 33167
msp 373 s 288 88.9 1 613 gi|7 26557 26601 49 gi|12 34702 34747
msp 732 s 375 86.2 -1 49 gi|12 33074 33167 254 gi|29 30733 30833
msp 734 s 289 90.2 -1 49 gi|12 33087 33147 458 gi|41 19060 19120
msp 736 s 14935 98.7 -1 49 gi|12 33104 34748 500 gi|44 32235 33880
msp 738 s 416 81.0 1 49 gi|12 33105 33188 253 gi|29 28489 28574
msp 740 s 356 75.9 1 49 gi|12 33106 33188 500 gi|44 32236 32320
msp 742 p 14796 97.7 1 49 gi|12 33106 34780 311 gi|32 16905 18579
msp 744 s 356 75.9 -1 49 gi|12 33106 33188 311 gi|32 18463 18547
msp 746 s 13171 93.0 -1 49 gi|12 33149 34814 253 gi|29 28413 30087
msp 748 s 338 74.1 1 49 gi|12 34663 34747 500 gi|44 33795 33878
msp 750 s 376 73.9 -1 49 gi|12 34663 34773 311 gi|32 16879 16988
msp 752 s 301 90.2 1 49 gi|12 34710 34750 254 gi|29 30764 30804
msp 754 p 309 85.6 1 49 gi|12 34712 34808 458 gi|41 19064 19154
edge 466 s 0 0 49 253
edge 467 s 0 0 49 254
edge 468 p 1 97 49 311
edge 469 P 1 85 49 458
edge 470 s 0 0 49 500
edge 471 s 0 0 49 613
