frag gi|46 1187 1943
img_no 13
edge_no 13
msp 225 s 359 71.6 -1 650 gi|1 24729 25031 519 gi|46 1555 1857
msp 409 s 350 75.7 -1 615 gi|7 32187 32724 519 gi|46 1187 1721
msp 615 s 391 78.0 -1 640 gi|9 26037 26309 519 gi|46 1585 1854
msp 965 s 319 74.3 1 115 gi|18 400 808 519 gi|46 1417 1825
msp 1041 s 499 77.0 1 110 gi|17 28857 29247 519 gi|46 1469 1856
msp 1075 p 251 75.1 -1 136 gi|20 6966 7142 519 gi|46 1598 1774
msp 1147 s 309 76.8 -1 151 gi|20 35005 35241 519 gi|46 1592 1828
msp 1209 s 315 77.7 -1 172 gi|22 24684 24921 519 gi|46 1595 1833
msp 1647 s 299 75.6 -1 276 gi|30 38173 38573 519 gi|46 1422 1804
msp 1701 s 486 76.9 -1 290 gi|31 19137 19643 519 gi|46 1431 1943
msp 1947 s 353 73.4 -1 393 gi|38 24243 24509 519 gi|46 1588 1863
msp 2009 s 381 77.7 1 516 gi|45 28287 28582 519 gi|46 1562 1857
msp 2030 s 290 74.9 -1 519 gi|46 1586 1864 545 gi|47 22779 23059
edge 69 s 0 0 172 519
edge 88 s 0 0 290 519
edge 154 s 0 0 110 519
edge 173 s 0 0 115 519
edge 203 s 0 0 151 519
edge 246 s 0 0 276 519
edge 257 s 0 0 393 519
edge 292 s 0 0 516 519
edge 301 S -1 75 519 136
edge 302 s 0 0 519 545
edge 303 s 0 0 519 615
edge 304 s 0 0 519 640
edge 382 s 0 0 650 519
