frag gi|46 6617 8329
img_no 15
edge_no 15
msp 29 s 1245 74.3 1 431 gi|4 24700 25178 521 gi|46 6691 7222
msp 55 p 611 76.5 1 432 gi|4 25160 25537 521 gi|46 7308 7709
msp 71 p 1066 75.7 1 433 gi|4 25427 26038 521 gi|46 7714 8313
msp 567 p 3202 74.2 -1 694 gi|8 30918 32583 521 gi|46 6617 8285
msp 1269 s 2521 74.7 1 178 gi|23 8058 9598 521 gi|46 6742 8293
msp 1471 p 932 83.9 -1 208 gi|25 20595 20749 521 gi|46 7176 7330
msp 1657 p 436 74.7 1 278 gi|31 2927 3171 521 gi|46 6730 6975
msp 1679 s 4699 78.6 1 284 gi|31 11267 12909 521 gi|46 6680 8316
msp 1805 s 1761 81.2 1 336 gi|33 31021 31329 521 gi|46 7024 7334
msp 1811 s 1845 75.4 1 337 gi|33 31332 32034 521 gi|46 7554 8262
msp 1819 s 5312 77.2 1 695 gi|33 32339 33971 521 gi|46 6681 8329
msp 1823 s 5455 77.5 1 339 gi|33 34163 35832 521 gi|46 6615 8294
msp 1833 s 2140 77.1 1 340 gi|33 36239 37694 521 gi|46 6813 8278
msp 1879 s 1758 76.4 1 363 gi|35 31871 33394 521 gi|46 6822 8315
msp 1895 s 1926 74.8 1 438 gi|40 2308 3894 521 gi|46 6674 8268
edge 989 s 0 0 178 521
edge 998 S -1 83 208 521
edge 1003 S 1 74 278 521
edge 1017 s 0 0 284 521
edge 1023 s 0 0 336 521
edge 1030 s 0 0 337 521
edge 1045 s 0 0 339 521
edge 1053 s 0 0 340 521
edge 1059 s 0 0 363 521
edge 1063 s 0 0 431 521
edge 1067 P 1 75 433 521
edge 1072 s 0 0 438 521
edge 1075 P 1 76 521 432
edge 1093 p -1 74 694 521
edge 1103 s 0 0 695 521
