frag gi|46 14313 15879
img_no 12
edge_no 12
msp 39 s 569 74.5 1 431 gi|4 24858 25179 524 gi|46 14616 14940
msp 581 s 1274 77.6 -1 694 gi|8 31151 32515 524 gi|46 14399 15745
msp 1257 s 1328 78.1 1 178 gi|23 8006 8830 524 gi|46 14404 15231
msp 1479 p 447 86.8 -1 208 gi|25 20596 20746 524 gi|46 14896 15045
msp 1659 s 296 76.7 1 278 gi|31 3023 3155 524 gi|46 14543 14675
msp 1673 s 1201 75.2 1 284 gi|31 11174 12572 524 gi|46 14313 15687
msp 1807 s 594 80.3 1 336 gi|33 31061 31339 524 gi|46 14781 15059
msp 1817 s 834 75.2 1 695 gi|33 32321 33713 524 gi|46 14383 15748
msp 1829 s 977 76.7 1 339 gi|33 34376 35148 524 gi|46 14539 15311
msp 1837 s 1209 76.1 1 340 gi|33 36257 37018 524 gi|46 14548 15306
msp 1883 s 1058 75.7 1 363 gi|35 31880 32563 524 gi|46 14548 15243
msp 1893 s 864 75.4 1 438 gi|40 2280 3814 524 gi|46 14365 15879
edge 990 s 0 0 178 524
edge 999 P -1 86 208 524
edge 1004 s 0 0 278 524
edge 1018 s 0 0 284 524
edge 1024 s 0 0 336 524
edge 1046 s 0 0 339 524
edge 1054 s 0 0 340 524
edge 1060 s 0 0 363 524
edge 1064 s 0 0 431 524
edge 1073 s 0 0 438 524
edge 1094 s 0 0 694 524
edge 1104 s 0 0 695 524
