frag gi|47 14 1710
img_no 23
flimg_no 1
edge_no 17
msp 215 s 272 76.9 -1 650 gi|1 24691 25072 534 gi|47 1288 1669
msp 245 s 338 74.5 -1 650 gi|1 24816 25234 534 gi|47 56 498
msp 511 s 274 77.4 1 625 gi|8 14779 15260 534 gi|47 1146 1641
msp 547 s 370 74.3 1 629 gi|8 28743 28843 534 gi|47 315 415
msp 549 s 329 77.7 1 629 gi|8 28743 29006 534 gi|47 1367 1615
msp 613 s 451 74.8 -1 640 gi|9 26037 26436 534 gi|47 1232 1634
msp 955 s 266 72.3 1 115 gi|18 206 769 534 gi|47 1000 1566
msp 977 s 409 76.2 1 115 gi|18 544 753 534 gi|47 293 498
msp 1051 s 271 77.0 1 110 gi|17 28979 29161 534 gi|47 1368 1550
msp 1223 s 438 72.9 -1 172 gi|22 24742 25099 534 gi|47 1177 1554
msp 1299 s 272 72.9 1 181 gi|23 15079 15196 534 gi|47 287 415
msp 1309 s 332 79.6 1 181 gi|23 15104 15196 534 gi|47 1375 1467
msp 1397 s 254 68.3 -1 222 gi|26 20724 20824 534 gi|47 1370 1470
msp 1499 s 343 74.4 -1 215 gi|25 34993 35265 534 gi|47 879 1173
msp 1639 p 2489 74.8 -1 276 gi|30 37012 38691 534 gi|47 14 1710
msp 1651 s 640 73.0 -1 276 gi|30 38203 38568 534 gi|47 1192 1554
msp 1841 p 272 75.9 1 342 gi|33 40078 40243 534 gi|47 889 1065
msp 1955 s 389 71.5 1 399 gi|38 34074 34586 534 gi|47 928 1467
msp 1965 s 254 70.3 1 399 gi|38 34474 34766 534 gi|47 303 598
msp 1997 s 288 82.7 1 508 gi|45 6969 7072 534 gi|47 392 498
msp 2007 s 276 71.6 1 516 gi|45 28127 28594 534 gi|47 110 597
msp 2025 s 331 72.0 1 480 gi|42 32535 32727 534 gi|47 306 498
msp 2038 s 260 73.0 1 534 gi|47 228 564 566 gi|48 32203 32526
edge 71 s 0 0 172 534
edge 120 s 0 0 566 534
edge 156 s 0 0 110 534
edge 175 s 0 0 115 534
edge 216 s 0 0 181 534
edge 228 s 0 0 215 534
edge 239 s 0 0 222 534
edge 247 p -1 74 276 534
edge 266 s 0 0 399 534
edge 281 s 0 0 480 534
edge 294 s 0 0 516 534
edge 311 P 1 75 534 342
edge 312 s 0 0 534 508
edge 313 s 0 0 534 625
edge 314 s 0 0 534 629
edge 315 s 0 0 534 640
edge 384 s 0 0 650 534
