frag gi|8 14478 15433
img_no 8
edge_no 8
msp 257 s 314 77.9 -1 650 gi|1 24893 25467 625 gi|8 14550 15090
msp 500 s 323 76.1 1 625 gi|8 14478 15004 181 gi|23 14568 15114
msp 502 p 994 74.2 1 625 gi|8 14584 15433 110 gi|17 28579 29455
msp 504 s 363 73.7 -1 625 gi|8 14686 15293 640 gi|9 25997 26616
msp 506 s 368 74.5 -1 625 gi|8 14697 15250 290 gi|31 19217 19796
msp 508 s 360 75.8 1 625 gi|8 14697 14878 243 gi|29 5769 5950
msp 510 s 274 77.4 1 625 gi|8 14779 15260 534 gi|47 1146 1641
msp 512 s 287 72.6 1 625 gi|8 14820 15260 516 gi|45 28146 28586
edge 91 s 0 0 290 625
edge 157 p 1 74 110 625
edge 218 s 0 0 181 625
edge 298 s 0 0 516 625
edge 313 s 0 0 534 625
edge 326 s 0 0 640 625
edge 340 s 0 0 625 243
edge 387 s 0 0 650 625
