frag gi|9 25991 26668
img_no 23
edge_no 23
msp 413 s 278 82.5 1 615 gi|7 32217 32319 640 gi|9 26200 26301
msp 505 s 363 73.7 -1 625 gi|8 14686 15293 640 gi|9 25997 26616
msp 529 s 348 77.1 -1 629 gi|8 28346 28861 640 gi|9 26186 26668
msp 608 s 624 74.8 -1 640 gi|9 25991 26597 115 gi|18 259 913
msp 610 s 301 74.4 -1 640 gi|9 25996 26347 566 gi|48 32243 32588
msp 612 s 451 74.8 -1 640 gi|9 26037 26436 534 gi|47 1232 1634
msp 614 s 391 78.0 -1 640 gi|9 26037 26309 519 gi|46 1585 1854
msp 616 s 382 75.0 1 640 gi|9 26067 26438 290 gi|31 19244 19612
msp 618 s 455 76.7 -1 640 gi|9 26103 26299 181 gi|23 15101 15291
msp 620 s 383 75.4 -1 640 gi|9 26105 26613 110 gi|17 28680 29177
msp 622 s 461 70.9 1 640 gi|9 26117 26659 172 gi|22 24742 25272
msp 624 p 297 78.3 1 640 gi|9 26118 26297 136 gi|20 6964 7143
msp 626 s 276 79.4 -1 640 gi|9 26193 26299 243 gi|29 6069 6175
msp 628 s 595 77.6 -1 640 gi|9 26200 26511 399 gi|38 34282 34590
msp 630 s 251 74.8 1 640 gi|9 26200 26306 393 gi|38 24403 24509
msp 632 s 428 84.0 -1 640 gi|9 26200 26299 516 gi|45 28320 28419
msp 634 s 308 75.2 1 640 gi|9 26200 26352 222 gi|26 20723 20869
msp 636 s 520 75.6 1 640 gi|9 26202 26467 545 gi|47 22952 23214
msp 638 s 281 75.8 1 640 gi|9 26204 26298 144 gi|20 18894 18988
msp 640 s 282 68.6 1 640 gi|9 26204 26308 276 gi|30 37288 37392
msp 642 s 253 76.5 1 640 gi|9 26215 26299 215 gi|25 34731 34815
msp 644 s 255 73.0 1 640 gi|9 26220 26378 216 gi|25 35460 35611
msp 646 s 446 80.1 1 640 gi|9 26227 26517 151 gi|20 35169 35442
edge 76 s 0 0 172 640
edge 92 s 0 0 290 640
edge 123 s 0 0 566 640
edge 159 s 0 0 110 640
edge 178 s 0 0 115 640
edge 193 s 0 0 144 640
edge 207 s 0 0 151 640
edge 220 s 0 0 181 640
edge 230 s 0 0 215 640
edge 243 s 0 0 222 640
edge 250 s 0 0 276 640
edge 260 s 0 0 393 640
edge 269 s 0 0 399 640
edge 300 s 0 0 516 640
edge 304 s 0 0 519 640
edge 315 s 0 0 534 640
edge 316 s 0 0 545 640
edge 321 s 0 0 629 640
edge 322 S 1 78 640 136
edge 323 s 0 0 640 216
edge 324 s 0 0 640 243
edge 325 s 0 0 640 615
edge 326 s 0 0 640 625
