frag gi|1 3157 3878
img_no 6
flimg_no 2
edge_no 6
msp 158 p 354 73.7 -1 647 gi|1 3157 3878 648 gi|34 10244 10942
msp 160 p 417 75.1 1 647 gi|1 3156 3490 75 gi|14 37119 37461
msp 162 p 719 77.5 -1 647 gi|1 3159 3878 142 gi|20 15986 16688
msp 164 s 1115 75.3 1 647 gi|1 3241 3855 427 gi|4 17814 18431
msp 166 s 580 75.3 1 647 gi|1 3243 3525 182 gi|23 16246 16536
msp 168 s 538 73.5 -1 647 gi|1 3249 3799 154 gi|21 526 1040
edge 21 P 1 75 647 75
edge 22 p -1 77 647 142
edge 23 s 0 0 647 154
edge 24 s 0 0 647 182
edge 26 s 0 0 647 427
edge 33 p -1 73 648 647
