frag gi|13 7199 7486
img_no 8
flimg_no 5
edge_no 8
msp 307 p 2538 99.3 -1 659 gi|5 23729 24014 652 gi|13 7200 7483
msp 655 p 2292 94.2 -1 660 gi|9 30591 30871 652 gi|13 7200 7480
msp 820 p 2665 99.2 -1 652 gi|13 7201 7490 654 gi|31 4509 4804
msp 824 p 2652 99.7 1 652 gi|13 7199 7490 543 gi|47 21549 21842
msp 826 p 2615 99.3 -1 652 gi|13 7200 7489 657 gi|47 33821 34113
msp 828 p 2593 99.7 1 652 gi|13 7199 7486 653 gi|18 3320 3605
msp 830 p 257 79.2 -1 652 gi|13 7414 7490 156 gi|21 7278 7354
msp 832 p 289 87.5 1 652 gi|13 7433 7480 664 gi|39 36529 36575
edge 539 P -1 79 652 156
edge 542 p 1 99 652 543
edge 556 p 1 99 653 652
edge 568 p -1 99 654 652
edge 582 p -1 99 657 652
edge 589 p -1 99 659 652
edge 602 p -1 94 660 652
edge 619 S 1 87 664 652
