frag gi|18 3320 3603
img_no 8
flimg_no 7
edge_no 8
msp 665 p 2205 94.3 -1 660 gi|9 30591 30871 653 gi|18 3321 3601
msp 829 p 2593 99.7 1 652 gi|13 7199 7486 653 gi|18 3320 3605
msp 849 p 2536 98.3 -1 665 gi|13 28925 29208 653 gi|18 3321 3604
msp 992 p 2629 100.0 -1 653 gi|18 3322 3605 654 gi|31 4521 4804
msp 994 p 2631 99.7 1 653 gi|18 3320 3605 543 gi|47 21549 21834
msp 996 p 2607 99.3 -1 653 gi|18 3321 3605 657 gi|47 33829 34113
msp 998 p 289 87.5 1 653 gi|18 3554 3601 664 gi|39 36529 36575
msp 2051 p 2391 97.8 -1 659 gi|5 23733 24014 653 gi|18 3321 3605
edge 552 p 1 99 653 543
edge 556 p 1 99 653 652
edge 569 p -1 100 654 653
edge 583 p -1 99 657 653
edge 590 p -1 97 659 653
edge 603 p -1 94 660 653
edge 620 S 1 87 664 653
edge 627 p -1 98 665 653
