frag gi|9 30590 30870
img_no 9
flimg_no 7
edge_no 9
msp 315 p 2219 94.3 1 659 gi|5 23734 24014 660 gi|9 30591 30871
msp 652 p 266 84.0 -1 660 gi|9 30590 30638 664 gi|39 36529 36576
msp 654 p 2292 94.2 -1 660 gi|9 30591 30871 652 gi|13 7200 7480
msp 660 p 2205 94.3 -1 660 gi|9 30591 30871 543 gi|47 21550 21830
msp 662 p 2180 92.5 1 660 gi|9 30591 30871 657 gi|47 33833 34113
msp 664 p 2205 94.3 -1 660 gi|9 30591 30871 653 gi|18 3321 3601
msp 666 s 254 88.2 1 660 gi|9 30606 30656 245 gi|29 12772 12818
msp 2054 p 2275 94.0 1 660 gi|9 30591 30870 654 gi|31 4525 4804
msp 2058 p 2270 93.0 1 660 gi|9 30591 30871 665 gi|13 28928 29208
edge 600 s 0 0 660 245
edge 601 p -1 94 660 543
edge 602 p -1 94 660 652
edge 603 p -1 94 660 653
edge 604 p 1 94 660 654
edge 606 p 1 92 660 657
edge 607 p 1 94 660 659
edge 624 S -1 84 664 660
edge 631 p 1 93 665 660
