frag gi|32 8874 8989
img_no 6
flimg_no 6
edge_no 6
msp 127 p 930 98.3 1 261 gi|3 5977 6091 674 gi|32 8874 8989
msp 803 p 875 95.7 -1 95 gi|16 24633 24748 674 gi|32 8873 8989
msp 1441 p 930 98.3 1 668 gi|27 12410 12524 674 gi|32 8874 8989
msp 1547 p 930 98.3 1 672 gi|28 28088 28202 674 gi|32 8874 8989
msp 1732 p 785 95.4 1 674 gi|32 8880 8989 675 gi|34 27166 27282
msp 1734 p 925 97.4 1 674 gi|32 8874 8989 390 gi|38 17980 18094
edge 777 S -1 95 674 95
edge 778 P 1 98 674 261
edge 780 S 1 97 674 390
edge 781 S 1 98 674 668
edge 782 S 1 98 674 672
edge 793 S 1 95 675 674
