frag gi|34 27167 29838
img_no 10
flimg_no 5
edge_no 10
msp 125 p 22723 95.5 1 261 gi|3 5977 8641 675 gi|34 27168 29839
msp 795 p 22609 96.6 -1 95 gi|16 22123 24748 675 gi|34 27167 29835
msp 1367 p 774 75.9 1 217 gi|26 2004 2851 675 gi|34 27573 28405
msp 1379 p 281 68.6 1 218 gi|26 3436 3658 675 gi|34 28867 29097
msp 1439 p 23180 97.1 1 668 gi|27 12410 15064 675 gi|34 27168 29839
msp 1545 p 23180 97.1 1 672 gi|28 28088 30742 675 gi|34 27168 29839
msp 1733 p 785 95.4 1 674 gi|32 8880 8989 675 gi|34 27166 27282
msp 1743 p 22134 96.7 1 307 gi|32 10221 12804 675 gi|34 27263 29839
msp 1850 p 23020 96.2 1 675 gi|34 27168 29836 390 gi|38 17980 20642
msp 2068 p 1833 90.0 -1 675 gi|34 29551 29839 678 gi|39 27670 27962
edge 784 p -1 96 675 95
edge 785 S 1 75 675 217
edge 786 S 1 68 675 218
edge 787 p 1 95 675 261
edge 788 p 1 96 675 307
edge 789 p 1 96 675 390
edge 791 p 1 97 675 668
edge 792 p 1 97 675 672
edge 793 S 1 95 675 674
edge 800 S -1 90 678 675
