frag gi|39 27669 27962
img_no 7
flimg_no 2
edge_no 7
msp 135 s 2067 93.1 -1 261 gi|3 8381 8639 678 gi|39 27668 27926
msp 785 s 2020 92.5 1 95 gi|16 22122 22380 678 gi|39 27668 27926
msp 1445 s 1976 90.9 -1 668 gi|27 14803 15061 678 gi|39 27668 27926
msp 1551 s 1976 90.9 -1 672 gi|28 30481 30739 678 gi|39 27668 27926
msp 1745 p 2019 91.1 -1 307 gi|32 12515 12801 678 gi|39 27668 27962
msp 1943 s 1993 91.5 -1 390 gi|38 20384 20642 678 gi|39 27668 27926
msp 2069 p 1833 90.0 -1 675 gi|34 29551 29839 678 gi|39 27670 27962
edge 794 s 0 0 678 95
edge 795 s 0 0 678 261
edge 796 P -1 91 678 307
edge 797 s 0 0 678 390
edge 798 s 0 0 678 668
edge 799 s 0 0 678 672
edge 800 S -1 90 678 675
