frag gi|33 19790 20642
img_no 6
flimg_no 1
edge_no 6
msp 91 s 506 74.0 1 684 gi|2 5 151 692 gi|33 20131 20277
msp 297 s 684 69.8 -1 575 gi|5 18669 19143 692 gi|33 19790 20258
msp 337 p 1062 73.1 -1 693 gi|5 38551 39411 692 gi|33 19791 20642
msp 1790 p 503 71.3 1 692 gi|33 19790 20123 688 gi|38 39912 40242
msp 1792 s 807 76.7 -1 692 gi|33 19807 20269 685 gi|39 12125 12587
msp 2076 p 952 76.4 -1 692 gi|33 19813 20552 689 gi|39 10388 11146
edge 918 s 0 0 692 575
edge 920 s 0 0 692 684
edge 921 s 0 0 692 685
edge 922 S 1 71 692 688
edge 923 p -1 76 692 689
edge 928 p -1 73 693 692
