frag gi|8 30922 32581
img_no 16
flimg_no 4
edge_no 16
msp 37 s 917 73.3 -1 431 gi|4 24849 25197 694 gi|8 31950 32307
msp 57 s 487 80.1 -1 432 gi|4 25165 25461 694 gi|8 31568 31883
msp 77 s 388 74.0 -1 433 gi|4 25460 25989 694 gi|8 30939 31465
msp 562 p 3536 79.0 -1 694 gi|8 30918 32579 284 gi|31 11211 12858
msp 564 p 1125 73.6 -1 694 gi|8 30918 31654 337 gi|33 31312 32057
msp 566 p 3202 74.2 -1 694 gi|8 30918 32583 521 gi|46 6617 8285
msp 568 p 3911 78.1 -1 694 gi|8 30919 32581 339 gi|33 34165 35837
msp 570 p 1814 77.2 -1 694 gi|8 30923 32583 363 gi|35 31677 33348
msp 572 p 3000 72.8 -1 694 gi|8 30926 32514 178 gi|23 8004 9580
msp 574 s 1744 75.2 -1 694 gi|8 30930 32515 438 gi|40 2314 3902
msp 576 p 3702 76.6 -1 694 gi|8 30934 32583 695 gi|33 32282 33925
msp 578 s 3045 76.2 -1 694 gi|8 30980 32583 340 gi|33 36023 37646
msp 580 s 1274 77.6 -1 694 gi|8 31151 32515 524 gi|46 14399 15745
msp 582 p 1400 77.7 -1 694 gi|8 31875 32232 336 gi|33 30953 31319
msp 584 p 647 77.5 1 694 gi|8 31875 32021 208 gi|25 20603 20749
msp 586 s 360 74.5 -1 694 gi|8 32222 32366 278 gi|31 3028 3171
edge 1079 p -1 72 694 178
edge 1080 S 1 77 694 208
edge 1081 s 0 0 694 278
edge 1082 p -1 79 694 284
edge 1083 P -1 76 694 336
edge 1084 P -1 72 694 337
edge 1086 p -1 78 694 339
edge 1087 s 0 0 694 340
edge 1088 p -1 77 694 363
edge 1089 s 0 0 694 431
edge 1090 s 0 0 694 432
edge 1091 s 0 0 694 433
edge 1092 s 0 0 694 438
edge 1093 p -1 74 694 521
edge 1094 s 0 0 694 524
edge 1105 p -1 76 695 694
