frag gi|33 32282 33971
img_no 11
edge_no 11
msp 27 s 1089 72.0 1 431 gi|4 24639 25178 695 gi|33 32282 32880
msp 53 s 793 77.1 1 432 gi|4 25160 25474 695 gi|33 32966 33296
msp 81 s 690 75.8 1 433 gi|4 25517 26007 695 gi|33 33444 33935
msp 577 p 3702 76.6 -1 694 gi|8 30934 32583 695 gi|33 32282 33925
msp 1255 s 2655 74.7 1 178 gi|23 7979 9452 695 gi|33 32315 33800
msp 1475 p 824 80.7 -1 208 gi|25 20595 20749 695 gi|33 32834 32988
msp 1681 s 5889 79.2 1 284 gi|31 11268 12841 695 gi|33 32329 33918
msp 1814 s 1615 77.1 1 695 gi|33 32282 33918 363 gi|35 31676 33333
msp 1816 s 834 75.2 1 695 gi|33 32321 33713 524 gi|46 14383 15748
msp 1818 s 5312 77.2 1 695 gi|33 32339 33971 521 gi|46 6681 8329
msp 1820 s 1740 75.1 1 695 gi|33 32340 33920 438 gi|40 2314 3894
edge 1095 s 0 0 695 178
edge 1096 S -1 80 695 208
edge 1097 s 0 0 695 284
edge 1098 s 0 0 695 363
edge 1099 s 0 0 695 431
edge 1100 s 0 0 695 432
edge 1101 s 0 0 695 433
edge 1102 s 0 0 695 438
edge 1103 s 0 0 695 521
edge 1104 s 0 0 695 524
edge 1105 p -1 76 695 694
