frag gi|1 14308 14854
img_no 7
edge_no 7
msp 184 s 366 77.4 1 7 gi|1 14308 14643 290 gi|31 19302 19640
msp 186 s 252 80.9 1 7 gi|1 14309 14491 172 gi|22 24745 24932
msp 188 p 288 76.6 -1 7 gi|1 14406 14836 502 gi|44 37464 37912
msp 190 s 255 87.0 -1 7 gi|1 14430 14506 566 gi|48 32252 32337
msp 192 p 258 83.8 1 7 gi|1 14628 14726 291 gi|31 20863 20962
msp 194 p 283 88.9 -1 7 gi|1 14676 14756 529 gi|46 29351 29416
msp 196 s 260 82.9 1 7 gi|1 14738 14854 392 gi|38 22989 23108
edge 46 s 0 0 7 172
edge 47 s 0 0 7 290
edge 48 P 1 83 7 291
edge 49 s 0 0 7 392
edge 50 p -1 76 7 502
edge 51 P -1 88 7 529
edge 52 s 0 0 7 566
