frag gi|16 28565 29455
img_no 14
edge_no 14
msp 227 s 353 77.7 1 314 gi|3 34456 34666 105 gi|16 28948 29161
msp 649 s 436 78.3 -1 620 gi|7 3011 3472 105 gi|16 28635 29078
msp 869 s 380 75.0 1 58 gi|12 28118 28592 105 gi|16 28773 29258
msp 973 s 350 80.2 1 35 gi|11 454 615 105 gi|16 28862 29023
msp 1512 s 311 75.6 1 105 gi|16 28565 29060 203 gi|22 31850 32362
msp 1514 p 1054 75.0 1 105 gi|16 28579 29455 234 gi|25 14584 15433
msp 1516 s 763 72.8 1 105 gi|16 28668 29295 283 gi|28 5748 6380
msp 1518 s 421 74.9 -1 105 gi|16 28680 29177 457 gi|39 26105 26613
msp 1520 s 499 77.0 1 105 gi|16 28857 29247 111 gi|17 1469 1856
msp 1522 s 284 78.7 -1 105 gi|16 28971 29181 407 gi|36 35033 35254
msp 1524 s 274 77.8 1 105 gi|16 28977 29161 112 gi|17 2419 2600
msp 1526 s 271 77.0 1 105 gi|16 28979 29161 530 gi|44 1368 1550
msp 1528 s 283 70.4 -1 105 gi|16 28980 29185 153 gi|19 19279 19483
msp 1530 s 342 75.1 -1 105 gi|16 28981 29161 185 gi|21 24746 24923
edge 17 s 0 0 35 105
edge 39 s 0 0 58 105
edge 66 s 0 0 153 105
edge 132 s 0 0 407 105
edge 203 s 0 0 105 111
edge 204 s 0 0 105 112
edge 205 s 0 0 105 185
edge 206 s 0 0 105 203
edge 207 p 1 74 105 234
edge 208 s 0 0 105 283
edge 209 s 0 0 105 314
edge 210 s 0 0 105 457
edge 211 s 0 0 105 530
edge 212 s 0 0 105 620
