frag gi|17 30355 30504
img_no 10
flimg_no 2
edge_no 4
msp 1179 s 270 74.0 -1 73 gi|14 16946 17049 123 gi|17 30382 30500
msp 1199 s 267 82.6 -1 73 gi|14 17106 17151 123 gi|17 30382 30427
msp 1305 s 324 72.8 -1 73 gi|14 19022 19113 123 gi|17 30369 30455
msp 1333 s 360 75.9 -1 73 gi|14 19276 19362 123 gi|17 30376 30466
msp 1776 p 993 90.7 1 123 gi|17 30355 30504 690 gi|46 18844 18994
msp 1778 p 993 90.7 1 123 gi|17 30355 30504 686 gi|20 3166 3316
msp 1780 s 303 71.3 -1 123 gi|17 30369 30455 332 gi|31 33305 33396
msp 1782 s 370 76.9 -1 123 gi|17 30376 30466 332 gi|31 33559 33645
msp 1784 s 271 77.3 -1 123 gi|17 30382 30500 332 gi|31 31230 31333
msp 1786 s 260 82.6 -1 123 gi|17 30382 30427 332 gi|31 31390 31435
edge 715 s 0 0 73 123
edge 735 s 0 0 332 123
edge 909 P 1 90 686 123
edge 937 S 1 90 690 123
