frag gi|19 4508 4806
img_no 8
flimg_no 3
edge_no 8
msp 921 p 2638 100.0 -1 665 gi|9 7199 7489 145 gi|19 4510 4806
msp 947 p 2566 98.6 1 676 gi|9 28925 29209 145 gi|19 4522 4806
msp 1001 p 2638 100.0 -1 670 gi|11 3320 3604 145 gi|19 4522 4806
msp 1554 p 2668 99.3 -1 145 gi|19 4507 4806 539 gi|44 21549 21844
msp 1556 p 2633 99.0 1 145 gi|19 4507 4806 663 gi|44 33817 34114
msp 1558 p 2648 100.0 1 145 gi|19 4521 4806 672 gi|27 23730 24015
msp 1560 p 2227 94.3 1 145 gi|19 4525 4806 674 gi|39 30591 30872
msp 1562 p 289 87.5 -1 145 gi|19 4525 4572 673 gi|37 36529 36575
edge 538 p -1 99 145 539
edge 602 p 1 99 663 145
edge 610 p -1 100 665 145
edge 635 p -1 100 670 145
edge 649 p 1 100 672 145
edge 658 S -1 87 673 145
edge 670 p 1 94 674 145
edge 679 p 1 98 676 145
