frag gi|19 11167 12909
img_no 16
edge_no 16
msp 301 p 656 81.0 -1 7 gi|1 20595 20741 148 gi|19 11774 11920
msp 471 s 2609 73.7 1 592 gi|5 8052 9562 148 gi|19 11326 12837
msp 893 p 252 80.4 -1 59 gi|12 37816 37912 148 gi|19 11179 11282
msp 1564 s 5773 77.4 1 148 gi|19 11210 12842 258 gi|26 34170 35812
msp 1566 p 3631 78.8 -1 148 gi|19 11211 12858 656 gi|25 30918 32579
msp 1568 s 5889 79.2 1 148 gi|19 11268 12841 657 gi|26 32329 33918
msp 1570 s 1062 77.6 1 148 gi|19 11321 11812 365 gi|34 24732 25178
msp 1572 s 2390 74.8 1 148 gi|19 11365 12838 259 gi|26 36201 37680
msp 1574 s 1495 77.1 1 148 gi|19 11421 12706 524 gi|43 31880 33192
msp 1576 s 1279 75.7 1 148 gi|19 11603 11911 255 gi|26 31010 31321
msp 1578 p 844 72.1 1 148 gi|19 11919 12287 366 gi|34 25174 25536
msp 1580 s 1867 75.5 1 148 gi|19 12116 12843 256 gi|26 31310 32039
msp 1582 s 536 76.9 1 148 gi|19 12301 12841 367 gi|34 25469 25984
msp 1627 s 1545 77.2 1 128 gi|18 2206 3458 148 gi|19 11167 12416
msp 1715 s 4647 78.6 1 113 gi|17 6680 8316 148 gi|19 11267 12909
msp 1739 s 1207 75.3 1 116 gi|17 14313 15687 148 gi|19 11174 12572
edge 361 S -1 81 7 148
edge 371 s 0 0 113 148
edge 385 s 0 0 116 148
edge 394 P -1 80 148 59
edge 395 s 0 0 148 128
edge 397 s 0 0 148 255
edge 398 s 0 0 148 256
edge 400 s 0 0 148 258
edge 401 s 0 0 148 259
edge 402 s 0 0 148 365
edge 403 S 1 72 148 366
edge 404 s 0 0 148 367
edge 405 s 0 0 148 524
edge 406 s 0 0 148 592
edge 466 p -1 78 656 148
edge 481 s 0 0 657 148
