frag gi|1 34634 35265
img_no 14
edge_no 14
msp 326 s 268 71.2 -1 15 gi|1 34634 34824 35 gi|11 569 761
msp 328 s 330 75.5 -1 15 gi|1 34661 34815 203 gi|22 32285 32439
msp 330 s 279 78.0 -1 15 gi|1 34661 34824 58 gi|12 28310 28474
msp 332 s 285 76.2 1 15 gi|1 34678 34849 348 gi|33 20685 20856
msp 334 s 324 75.5 1 15 gi|1 34722 34815 185 gi|21 24828 24921
msp 336 s 256 69.1 -1 15 gi|1 34731 34853 595 gi|5 15064 15185
msp 338 s 304 77.5 -1 15 gi|1 34734 35186 283 gi|28 5710 6150
msp 340 s 343 74.4 -1 15 gi|1 34993 35265 530 gi|44 879 1173
msp 342 s 268 82.0 -1 15 gi|1 35030 35179 477 gi|4 36569 36709
msp 344 p 267 73.5 -1 15 gi|1 35044 35164 49 gi|12 6539 6659
msp 346 p 273 66.0 1 15 gi|1 35056 35152 156 gi|19 25552 25649
msp 348 s 259 83.0 1 15 gi|1 35067 35125 84 gi|15 14713 14771
msp 350 s 268 72.3 -1 15 gi|1 35083 35165 199 gi|22 20708 20790
msp 352 p 334 85.5 1 15 gi|1 35085 35160 147 gi|19 10343 10415
edge 10 s 0 0 35 15
edge 35 s 0 0 58 15
edge 113 s 0 0 348 15
edge 141 s 0 0 595 15
edge 152 P -1 73 15 49
edge 153 s 0 0 15 84
edge 154 P 1 85 15 147
edge 155 P 1 66 15 156
edge 156 s 0 0 15 185
edge 157 s 0 0 15 199
edge 158 s 0 0 15 203
edge 159 s 0 0 15 283
edge 160 s 0 0 15 477
edge 161 s 0 0 15 530
