frag gi|19 19137 19844
img_no 17
edge_no 17
msp 61 s 257 78.6 -1 477 gi|4 36595 36650 153 gi|19 19768 19823
msp 225 s 322 78.6 -1 314 gi|3 34451 34590 153 gi|19 19380 19520
msp 283 s 270 79.3 1 2 gi|1 5184 5347 153 gi|19 19690 19844
msp 535 s 259 84.1 -1 598 gi|5 19253 19340 153 gi|19 19383 19470
msp 881 s 332 84.2 -1 58 gi|12 28306 28419 153 gi|19 19380 19499
msp 1421 s 366 77.4 1 84 gi|15 14308 14643 153 gi|19 19302 19640
msp 1473 s 253 76.0 1 654 gi|15 24892 24991 153 gi|19 19380 19479
msp 1529 s 283 70.4 -1 105 gi|16 28980 29185 153 gi|19 19279 19483
msp 1594 s 312 75.2 -1 153 gi|19 19170 19565 203 gi|22 32193 32587
msp 1596 s 380 75.7 -1 153 gi|19 19217 19796 234 gi|25 14697 15250
msp 1598 s 344 74.8 1 153 gi|19 19244 19612 457 gi|39 26067 26438
msp 1600 s 299 81.1 1 153 gi|19 19351 19482 185 gi|21 24793 24923
msp 1602 s 247 85.9 1 153 gi|19 19378 19474 655 gi|36 7041 7140
msp 1604 s 290 77.1 1 153 gi|19 19380 19545 348 gi|33 20723 20885
msp 1606 s 270 80.0 1 153 gi|19 19435 19519 407 gi|36 35194 35283
msp 1683 s 505 77.2 -1 111 gi|17 1431 1943 153 gi|19 19137 19643
msp 1695 s 341 72.9 -1 112 gi|17 2342 2522 153 gi|19 19382 19554
edge 3 s 0 0 2 153
edge 42 s 0 0 58 153
edge 64 s 0 0 153 84
edge 66 s 0 0 153 105
edge 67 s 0 0 153 111
edge 68 s 0 0 153 112
edge 69 s 0 0 153 185
edge 70 s 0 0 153 203
edge 71 s 0 0 153 234
edge 72 s 0 0 153 314
edge 73 s 0 0 153 348
edge 75 s 0 0 153 407
edge 76 s 0 0 153 457
edge 77 s 0 0 153 477
edge 78 s 0 0 153 598
edge 328 s 0 0 654 153
edge 351 s 0 0 655 153
