frag gi|21 24684 25815
img_no 27
edge_no 26
msp 161 s 332 81.1 1 309 gi|3 24360 24502 185 gi|21 24779 24921
msp 211 s 1036 77.1 -1 314 gi|3 34155 34700 185 gi|21 24712 25246
msp 335 s 324 75.5 1 15 gi|1 34722 34815 185 gi|21 24828 24921
msp 367 s 269 80.1 1 16 gi|1 35456 35882 185 gi|21 24838 25210
msp 509 s 343 73.7 -1 595 gi|5 15101 15199 185 gi|21 24823 24921
msp 697 s 271 67.5 1 626 gi|7 37268 37393 185 gi|21 24806 24931
msp 713 s 368 73.4 1 626 gi|7 38196 38387 185 gi|21 24735 24923
msp 789 s 255 77.5 -1 29 gi|10 27561 27640 185 gi|21 24839 24918
msp 813 s 492 75.6 -1 31 gi|10 32241 32727 185 gi|21 24746 25214
msp 873 s 1187 82.4 -1 58 gi|12 28149 28528 185 gi|21 24713 25092
msp 959 s 608 76.9 -1 35 gi|11 193 786 185 gi|21 24713 25276
msp 1423 s 252 80.9 1 84 gi|15 14309 14491 185 gi|21 24745 24932
msp 1479 s 273 70.4 1 654 gi|15 25658 25873 185 gi|21 25500 25715
msp 1531 s 342 75.1 -1 105 gi|16 28981 29161 185 gi|21 24746 24923
msp 1601 s 299 81.1 1 153 gi|19 19351 19482 185 gi|21 24793 24923
msp 1691 s 321 77.8 -1 111 gi|17 1595 1833 185 gi|21 24684 24921
msp 1705 s 357 80.6 -1 112 gi|17 2425 2522 185 gi|21 24824 24921
msp 1902 s 865 71.9 -1 185 gi|21 24712 25330 203 gi|22 31856 32494
msp 1904 p 950 72.7 1 185 gi|21 24713 25815 541 gi|44 22841 23997
msp 1906 s 524 79.5 1 185 gi|21 24716 25085 348 gi|33 20629 20983
msp 1908 s 438 72.9 -1 185 gi|21 24742 25099 530 gi|44 1177 1554
msp 1910 s 417 70.2 1 185 gi|21 24742 25272 457 gi|39 26117 26659
msp 1912 s 392 75.0 -1 185 gi|21 24806 25317 238 gi|25 28313 28863
msp 1914 s 270 79.1 1 185 gi|21 24826 24954 400 gi|36 18894 19013
msp 1916 s 351 77.4 1 185 gi|21 24839 25210 407 gi|36 35156 35539
msp 1918 s 304 75.5 1 185 gi|21 25190 25287 393 gi|36 7384 7481
msp 1920 s 281 74.2 -1 185 gi|21 25350 25675 204 gi|22 33770 34098
edge 21 s 0 0 35 185
edge 44 s 0 0 58 185
edge 69 s 0 0 153 185
edge 90 s 0 0 238 185
edge 100 s 0 0 309 185
edge 118 s 0 0 348 185
edge 135 s 0 0 407 185
edge 144 s 0 0 595 185
edge 156 s 0 0 15 185
edge 167 s 0 0 16 185
edge 171 s 0 0 29 185
edge 177 s 0 0 31 185
edge 205 s 0 0 105 185
edge 213 s 0 0 111 185
edge 220 s 0 0 112 185
edge 225 s 0 0 185 84
edge 226 s 0 0 185 203
edge 227 s 0 0 185 204
edge 228 s 0 0 185 314
edge 229 s 0 0 185 393
edge 230 s 0 0 185 400
edge 231 s 0 0 185 457
edge 232 s 0 0 185 530
edge 233 p 1 72 185 541
edge 234 s 0 0 185 626
edge 330 s 0 0 654 185
