frag gi|1 4734 5347
img_no 9
edge_no 9
msp 266 p 1383 73.0 1 2 gi|1 4734 5321 181 gi|21 15389 15965
msp 268 s 284 76.8 -1 2 gi|1 4903 5040 238 gi|25 28722 28845
msp 270 s 282 74.8 -1 2 gi|1 4903 5001 595 gi|5 15100 15198
msp 272 s 264 82.1 -1 2 gi|1 4903 4997 35 gi|11 578 672
msp 274 s 255 78.8 -1 2 gi|1 4903 5001 58 gi|12 28319 28417
msp 276 s 312 73.1 1 2 gi|1 4904 5033 309 gi|3 24406 24535
msp 278 s 311 79.0 1 2 gi|1 4906 5000 348 gi|33 20728 20822
msp 280 s 295 70.0 1 2 gi|1 4906 5005 407 gi|36 35144 35243
msp 282 s 270 79.3 1 2 gi|1 5184 5347 153 gi|19 19690 19844
edge 1 s 0 0 2 35
edge 2 s 0 0 2 58
edge 3 s 0 0 2 153
edge 4 p 1 73 2 181
edge 5 s 0 0 2 238
edge 6 s 0 0 2 309
edge 7 s 0 0 2 348
edge 8 s 0 0 2 407
edge 9 s 0 0 2 595
