frag gi|22 31842 32677
img_no 25
edge_no 25
msp 73 s 267 77.3 1 478 gi|4 37764 37913 203 gi|22 32204 32362
msp 165 s 282 76.9 -1 309 gi|3 24398 24540 203 gi|22 32242 32389
msp 197 p 1246 74.3 1 314 gi|3 34080 34877 203 gi|22 31877 32677
msp 329 s 330 75.5 -1 15 gi|1 34661 34815 203 gi|22 32285 32439
msp 491 s 539 78.1 1 595 gi|5 14638 15199 203 gi|22 31842 32383
msp 785 s 317 75.9 1 29 gi|10 27553 27718 203 gi|22 32280 32442
msp 803 s 490 76.0 1 31 gi|10 32179 32727 203 gi|22 31918 32460
msp 865 s 1581 78.0 1 58 gi|12 27989 28597 203 gi|22 31954 32544
msp 963 s 725 75.6 1 35 gi|11 220 772 203 gi|22 31945 32480
msp 1425 s 255 87.0 -1 84 gi|15 14430 14506 203 gi|22 32252 32337
msp 1459 s 1079 75.8 -1 654 gi|15 24776 25378 203 gi|22 31897 32500
msp 1513 s 311 75.6 1 105 gi|16 28565 29060 203 gi|22 31850 32362
msp 1589 p 301 73.1 -1 151 gi|19 18380 18598 203 gi|22 32293 32512
msp 1595 s 312 75.2 -1 153 gi|19 19170 19565 203 gi|22 32193 32587
msp 1703 s 266 83.4 1 112 gi|17 2425 2605 203 gi|22 32285 32465
msp 1895 s 262 78.5 -1 181 gi|21 15421 15643 203 gi|22 32285 32510
msp 1903 s 865 71.9 -1 185 gi|21 24712 25330 203 gi|22 31856 32494
msp 1958 s 574 69.7 1 203 gi|22 31868 32497 238 gi|25 28298 28963
msp 1960 s 567 72.0 -1 203 gi|22 32100 32499 541 gi|44 22835 23234
msp 1962 s 264 81.6 1 203 gi|22 32200 32406 335 gi|32 6616 6810
msp 1964 s 340 74.0 -1 203 gi|22 32243 32588 457 gi|39 25996 26347
msp 1966 s 263 80.4 -1 203 gi|22 32256 32367 407 gi|36 35156 35261
msp 1968 s 594 78.5 -1 203 gi|22 32282 32518 348 gi|33 20592 20825
msp 1970 s 310 70.8 -1 203 gi|22 32288 32527 400 gi|36 18756 18986
msp 1972 s 252 75.6 -1 203 gi|22 32288 32406 325 gi|30 32186 32313
edge 22 s 0 0 35 203
edge 45 s 0 0 58 203
edge 70 s 0 0 153 203
edge 81 s 0 0 181 203
edge 91 s 0 0 238 203
edge 101 s 0 0 309 203
edge 119 s 0 0 348 203
edge 136 s 0 0 407 203
edge 145 s 0 0 595 203
edge 158 s 0 0 15 203
edge 172 s 0 0 29 203
edge 178 s 0 0 31 203
edge 206 s 0 0 105 203
edge 221 s 0 0 112 203
edge 226 s 0 0 185 203
edge 235 s 0 0 203 84
edge 236 P -1 73 203 151
edge 237 p 1 74 203 314
edge 238 s 0 0 203 325
edge 239 s 0 0 203 335
edge 240 s 0 0 203 400
edge 241 s 0 0 203 457
edge 242 s 0 0 203 478
edge 243 s 0 0 203 541
edge 331 s 0 0 654 203
