frag gi|24 5974 8641
img_no 10
flimg_no 4
edge_no 10
msp 107 p 23023 95.8 1 307 gi|3 17976 20643 220 gi|24 5973 8640
msp 417 p 22715 95.5 1 706 gi|2 27168 29839 220 gi|24 5977 8641
msp 1821 p 22692 95.8 1 687 gi|20 12406 15064 220 gi|24 5973 8642
msp 1868 p 22737 95.9 1 220 gi|24 5970 8642 691 gi|46 28081 30742
msp 1870 p 22520 96.3 -1 220 gi|24 5973 8642 485 gi|40 22118 24750
msp 1872 p 921 98.3 1 220 gi|24 5978 6091 710 gi|38 8875 8989
msp 1874 p 22146 96.4 1 220 gi|24 6072 8640 432 gi|38 10221 12801
msp 1876 p 875 74.3 1 220 gi|24 6374 7207 341 gi|33 2003 2851
msp 1878 p 325 69.8 1 220 gi|24 7669 7900 342 gi|33 3436 3658
msp 1880 s 2067 93.1 -1 220 gi|24 8381 8639 709 gi|37 27668 27926
edge 899 p 1 95 687 220
edge 927 p 1 95 691 220
edge 1180 p 1 95 220 307
edge 1181 S 1 74 220 341
edge 1182 S 1 69 220 342
edge 1185 p 1 96 220 432
edge 1186 p -1 96 220 485
edge 1202 p 1 95 706 220
edge 1212 s 0 0 709 220
edge 1220 P 1 98 710 220
