frag gi|25 28279 29006
img_no 20
edge_no 16
msp 193 s 259 78.4 1 314 gi|3 34073 34345 238 gi|25 28304 28581
msp 223 s 419 76.5 1 314 gi|3 34432 34614 238 gi|25 28689 28880
msp 269 s 284 76.8 -1 2 gi|1 4903 5040 238 gi|25 28722 28845
msp 503 s 319 76.4 1 595 gi|5 15078 15200 238 gi|25 28717 28847
msp 695 s 343 74.0 -1 626 gi|7 37262 37388 238 gi|25 28743 28869
msp 721 s 340 68.3 -1 626 gi|7 38290 38390 238 gi|25 28743 28843
msp 787 s 290 76.4 1 29 gi|10 27556 27661 238 gi|25 28746 28851
msp 797 s 305 73.4 1 31 gi|10 32099 32406 238 gi|25 28279 28581
msp 821 s 290 73.7 1 31 gi|10 32549 32719 238 gi|25 28747 28909
msp 867 s 579 70.4 1 58 gi|12 28005 28511 238 gi|25 28409 28942
msp 965 s 784 75.9 1 35 gi|11 221 738 238 gi|25 28385 28911
msp 1461 s 568 71.4 -1 654 gi|15 24783 25352 238 gi|25 28363 28959
msp 1493 p 254 69.9 1 97 gi|16 5558 5640 238 gi|25 28365 28447
msp 1913 s 392 75.0 -1 185 gi|21 24806 25317 238 gi|25 28313 28863
msp 1959 s 574 69.7 1 203 gi|22 31868 32497 238 gi|25 28298 28963
msp 2168 s 348 77.1 -1 238 gi|25 28346 28861 457 gi|39 26186 26668
msp 2170 s 386 72.3 -1 238 gi|25 28740 28851 348 gi|33 20719 20830
msp 2172 s 370 74.3 1 238 gi|25 28743 28843 530 gi|44 315 415
msp 2174 s 329 77.7 1 238 gi|25 28743 29006 530 gi|44 1367 1615
msp 2176 s 364 78.8 -1 238 gi|25 28745 28843 407 gi|36 35143 35242
edge 5 s 0 0 2 238
edge 23 s 0 0 35 238
edge 48 s 0 0 58 238
edge 86 s 0 0 238 29
edge 87 s 0 0 238 31
edge 89 P 1 69 238 97
edge 90 s 0 0 238 185
edge 91 s 0 0 238 203
edge 92 s 0 0 238 314
edge 93 s 0 0 238 348
edge 94 s 0 0 238 407
edge 95 s 0 0 238 457
edge 96 s 0 0 238 530
edge 97 s 0 0 238 595
edge 98 s 0 0 238 626
edge 333 s 0 0 654 238
