frag gi|26 30953 31339
img_no 9
edge_no 9
msp 309 p 879 82.3 -1 7 gi|1 20597 20749 255 gi|26 31173 31325
msp 477 s 986 75.5 1 592 gi|5 8329 8654 255 gi|26 31010 31335
msp 1577 s 1279 75.7 1 148 gi|19 11603 11911 255 gi|26 31010 31321
msp 1641 s 655 72.6 1 128 gi|18 2623 2929 255 gi|26 30983 31294
msp 1727 s 1744 81.3 1 113 gi|17 7024 7334 255 gi|26 31021 31329
msp 1757 s 580 80.3 1 116 gi|17 14781 15059 255 gi|26 31061 31339
msp 2104 s 602 81.0 1 255 gi|26 31002 31333 524 gi|43 32046 32388
msp 2106 s 812 71.8 1 255 gi|26 31018 31219 365 gi|34 24977 25178
msp 2193 p 1400 77.7 -1 656 gi|25 31875 32232 255 gi|26 30953 31319
edge 363 S -1 82 7 255
edge 373 s 0 0 113 255
edge 387 s 0 0 116 255
edge 397 s 0 0 148 255
edge 419 s 0 0 255 128
edge 420 s 0 0 255 365
edge 421 s 0 0 255 524
edge 422 s 0 0 255 592
edge 467 P -1 76 656 255
