frag gi|26 31300 32110
img_no 8
edge_no 8
msp 481 s 791 78.3 1 592 gi|5 9170 9580 256 gi|26 31648 32048
msp 1581 s 1867 75.5 1 148 gi|19 12116 12843 256 gi|26 31310 32039
msp 1645 s 307 72.1 1 128 gi|18 3179 3626 256 gi|26 31331 31796
msp 1731 s 1828 75.6 1 113 gi|17 7554 8262 256 gi|26 31332 32034
msp 2108 s 484 81.0 1 256 gi|26 31300 31436 366 gi|34 25350 25486
msp 2110 s 739 79.1 1 256 gi|26 31515 32044 367 gi|34 25453 25989
msp 2112 s 481 80.3 1 256 gi|26 31721 32110 524 gi|43 32991 33396
msp 2179 p 1125 73.6 -1 656 gi|25 30918 31654 256 gi|26 31312 32057
edge 374 s 0 0 113 256
edge 398 s 0 0 148 256
edge 444 s 0 0 524 256
edge 450 s 0 0 592 256
edge 454 s 0 0 128 256
edge 459 s 0 0 256 366
edge 460 s 0 0 256 367
edge 468 P -1 72 656 256
