frag gi|26 36013 37694
img_no 13
edge_no 12
msp 293 s 378 78.3 -1 7 gi|1 20594 20722 259 gi|26 36626 36754
msp 475 s 2149 76.0 1 592 gi|5 8129 9563 259 gi|26 36239 37672
msp 1547 p 415 78.5 1 142 gi|19 2900 3155 259 gi|26 36132 36384
msp 1573 s 2390 74.8 1 148 gi|19 11365 12838 259 gi|26 36201 37680
msp 1635 s 1087 75.1 1 128 gi|18 2457 3564 259 gi|26 36248 37367
msp 1723 s 2016 77.1 1 113 gi|17 6813 8278 259 gi|26 36239 37694
msp 1751 s 1217 76.0 1 116 gi|17 14548 15306 259 gi|26 36257 37018
msp 2130 s 1024 74.6 1 259 gi|26 36073 36902 524 gi|43 31711 32528
msp 2132 s 781 78.8 1 259 gi|26 36326 36650 365 gi|34 24859 25186
msp 2134 s 366 74.6 1 259 gi|26 36756 37070 366 gi|34 25178 25483
msp 2136 s 419 77.9 1 259 gi|26 37180 37590 524 gi|43 32815 33237
msp 2138 s 303 70.6 1 259 gi|26 37385 37680 367 gi|34 25696 25985
msp 2189 s 3045 76.2 -1 656 gi|25 30980 32583 259 gi|26 36023 37646
edge 366 s 0 0 7 259
edge 377 s 0 0 113 259
edge 390 s 0 0 116 259
edge 401 s 0 0 148 259
edge 435 s 0 0 259 128
edge 436 P 1 78 259 142
edge 437 s 0 0 259 365
edge 438 s 0 0 259 366
edge 439 s 0 0 259 367
edge 440 s 0 0 259 524
edge 441 s 0 0 259 592
edge 471 s 0 0 656 259
