frag gi|3 17979 20643
img_no 11
flimg_no 4
edge_no 10
msp 106 p 23023 95.8 1 307 gi|3 17976 20643 220 gi|24 5973 8640
msp 108 p 22974 96.4 1 307 gi|3 17979 20643 691 gi|46 28087 30740
msp 110 p 22974 96.4 1 307 gi|3 17979 20643 687 gi|20 12409 15062
msp 112 p 23444 98.1 -1 307 gi|3 17980 20641 485 gi|40 22123 24747
msp 114 p 914 97.4 1 307 gi|3 17981 18094 710 gi|38 8875 8989
msp 116 p 22911 97.9 1 307 gi|3 18075 20651 432 gi|38 10221 12809
msp 118 s 815 75.4 1 307 gi|3 18378 18779 341 gi|33 2004 2401
msp 120 s 287 70.9 1 307 gi|3 18991 19210 341 gi|33 2629 2851
msp 122 p 276 70.3 1 307 gi|3 19685 19903 342 gi|33 3443 3658
msp 124 s 1993 91.5 -1 307 gi|3 20384 20642 709 gi|37 27668 27926
msp 415 p 23020 96.2 1 706 gi|2 27168 29836 307 gi|3 17980 20642
edge 900 p 1 96 687 307
edge 928 p 1 96 691 307
edge 1180 p 1 95 220 307
edge 1187 s 0 0 307 341
edge 1188 P 1 70 307 342
edge 1191 p 1 97 307 432
edge 1192 p -1 98 307 485
edge 1203 p 1 96 706 307
edge 1213 s 0 0 709 307
edge 1221 S 1 97 710 307
