frag gi|10 32099 32777
img_no 19
edge_no 18
msp 53 s 252 84.9 1 477 gi|4 35296 35421 31 gi|10 32494 32628
msp 205 s 530 74.9 1 314 gi|3 34104 34585 31 gi|10 32147 32643
msp 371 s 253 77.2 -1 16 gi|1 35664 35935 31 gi|10 32192 32467
msp 513 s 277 78.3 1 595 gi|5 15104 15195 31 gi|10 32552 32643
msp 653 s 258 79.0 -1 620 gi|7 3028 3103 31 gi|10 32552 32624
msp 796 s 305 73.4 1 31 gi|10 32099 32406 238 gi|25 28279 28581
msp 798 s 436 71.0 -1 31 gi|10 32133 32643 407 gi|36 35144 35648
msp 800 s 481 71.4 -1 31 gi|10 32146 32777 654 gi|15 24763 25376
msp 802 s 490 76.0 1 31 gi|10 32179 32727 203 gi|22 31918 32460
msp 804 s 433 76.8 1 31 gi|10 32179 32643 58 gi|12 27970 28414
msp 806 s 467 75.5 1 31 gi|10 32180 32727 35 gi|11 194 753
msp 808 s 269 74.1 1 31 gi|10 32213 32629 283 gi|28 5745 6149
msp 810 p 302 78.0 -1 31 gi|10 32216 32729 57 gi|12 23474 23987
msp 812 s 492 75.6 -1 31 gi|10 32241 32727 185 gi|21 24746 25214
msp 814 s 331 72.0 1 31 gi|10 32535 32727 530 gi|44 306 498
msp 816 s 332 77.6 -1 31 gi|10 32537 32643 541 gi|44 22955 23061
msp 818 s 278 75.9 -1 31 gi|10 32541 32681 181 gi|21 15495 15650
msp 820 s 290 73.7 1 31 gi|10 32549 32719 238 gi|25 28747 28909
msp 822 s 437 81.5 -1 31 gi|10 32552 32643 348 gi|33 20728 20819
edge 13 s 0 0 35 31
edge 37 s 0 0 58 31
edge 79 s 0 0 181 31
edge 87 s 0 0 238 31
edge 115 s 0 0 348 31
edge 129 s 0 0 407 31
edge 142 s 0 0 595 31
edge 163 s 0 0 16 31
edge 175 p -1 78 31 57
edge 177 s 0 0 31 185
edge 178 s 0 0 31 203
edge 179 s 0 0 31 283
edge 180 s 0 0 31 314
edge 181 s 0 0 31 477
edge 182 s 0 0 31 530
edge 183 s 0 0 31 541
edge 184 s 0 0 31 620
edge 322 s 0 0 654 31
