frag gi|33 2003 2851
img_no 10
flimg_no 4
edge_no 7
msp 119 s 815 75.4 1 307 gi|3 18378 18779 341 gi|33 2004 2401
msp 121 s 287 70.9 1 307 gi|3 18991 19210 341 gi|33 2629 2851
msp 421 p 833 75.5 1 706 gi|2 27573 28405 341 gi|33 2004 2851
msp 1829 p 821 74.9 1 687 gi|20 12810 13629 341 gi|33 2004 2851
msp 1877 p 875 74.3 1 220 gi|24 6374 7207 341 gi|33 2003 2851
msp 2322 s 781 75.4 -1 341 gi|33 2004 2401 485 gi|40 23947 24348
msp 2324 s 790 75.4 1 341 gi|33 2004 2401 432 gi|38 10525 10926
msp 2326 p 763 75.7 1 341 gi|33 2004 2851 691 gi|46 28488 29307
msp 2328 s 287 71.3 -1 341 gi|33 2629 2851 485 gi|40 23516 23735
msp 2330 s 287 71.3 1 341 gi|33 2629 2851 432 gi|38 11138 11357
edge 901 S 1 74 687 341
edge 929 P 1 75 691 341
edge 1181 S 1 74 220 341
edge 1187 s 0 0 307 341
edge 1193 s 0 0 341 432
edge 1194 s 0 0 341 485
edge 1204 S 1 75 706 341
