frag gi|33 3807 9271
img_no 17
edge_no 5
msp 1011 p 48151 98.2 -1 38 gi|11 6328 11730 343 gi|33 3867 9271
msp 1023 s 270 83.3 1 38 gi|11 6645 6716 343 gi|33 7098 7172
msp 1035 s 250 88.6 1 38 gi|11 8425 8468 343 gi|33 8881 8920
msp 1105 s 17368 98.6 -1 677 gi|13 38022 39939 343 gi|33 7130 9049
msp 1109 s 258 90.0 1 677 gi|13 38149 38188 343 gi|33 7129 7172
msp 1121 s 287 95.3 1 677 gi|13 39897 39939 343 gi|33 8881 8919
msp 1153 s 499 98.4 -1 677 gi|13 40185 40245 343 gi|33 7063 7123
msp 1357 s 30363 99.7 1 75 gi|14 27279 30551 343 gi|33 3854 7123
msp 1381 s 17725 97.9 1 75 gi|14 30797 32781 343 gi|33 7130 9116
msp 1383 s 287 95.3 -1 75 gi|14 30797 30839 343 gi|33 8881 8919
msp 1395 s 258 90.0 -1 75 gi|14 32548 32587 343 gi|33 7129 7172
msp 2233 s 48612 99.5 1 331 gi|31 9170 14422 343 gi|33 3867 9120
msp 2239 s 262 90.9 -1 331 gi|31 12431 12474 343 gi|33 8881 8920
msp 2249 s 258 90.0 -1 331 gi|31 14183 14222 343 gi|33 7129 7172
msp 2338 s 48149 98.9 -1 343 gi|33 3807 9122 482 gi|40 9932 15240
msp 2340 s 262 90.9 1 343 gi|33 7129 7172 482 gi|40 10134 10173
msp 2342 s 258 90.0 1 343 gi|33 8881 8920 482 gi|40 11882 11925
edge 690 p -1 98 38 343
edge 703 s 0 0 75 343
edge 707 s 0 0 331 343
edge 710 s 0 0 343 482
edge 759 s 0 0 677 343
