frag gi|34 25160 25536
img_no 9
flimg_no 1
edge_no 9
msp 1579 p 844 72.1 1 148 gi|19 11919 12287 366 gi|34 25174 25536
msp 1643 s 457 71.8 1 128 gi|18 2945 3246 366 gi|34 25155 25450
msp 1729 p 634 77.9 1 113 gi|17 7308 7709 366 gi|34 25160 25537
msp 2109 s 484 81.0 1 256 gi|26 31300 31436 366 gi|34 25350 25486
msp 2119 s 850 78.2 1 657 gi|26 32966 33296 366 gi|34 25160 25474
msp 2127 s 891 75.5 1 258 gi|26 34859 35189 366 gi|34 25160 25474
msp 2135 s 366 74.6 1 259 gi|26 36756 37070 366 gi|34 25178 25483
msp 2191 s 492 81.3 -1 656 gi|25 31568 31883 366 gi|34 25165 25461
msp 2392 s 267 72.6 1 366 gi|34 25172 25437 524 gi|43 32376 32665
edge 379 P 1 77 113 366
edge 403 S 1 72 148 366
edge 431 s 0 0 258 366
edge 438 s 0 0 259 366
edge 446 s 0 0 524 366
edge 456 s 0 0 128 366
edge 459 s 0 0 256 366
edge 473 s 0 0 656 366
edge 483 s 0 0 657 366
