frag gi|38 10221 12803
img_no 10
flimg_no 6
edge_no 9
msp 117 p 22911 97.9 1 307 gi|3 18075 20651 432 gi|38 10221 12809
msp 419 p 22136 96.7 1 706 gi|2 27263 29839 432 gi|38 10221 12804
msp 1827 p 22111 96.8 1 687 gi|20 12505 15064 432 gi|38 10221 12803
msp 1875 p 22146 96.4 1 220 gi|24 6072 8640 432 gi|38 10221 12801
msp 2325 s 790 75.4 1 341 gi|33 2004 2401 432 gi|38 10525 10926
msp 2331 s 287 71.3 1 341 gi|33 2629 2851 432 gi|38 11138 11357
msp 2335 p 284 68.2 1 342 gi|33 3436 3658 432 gi|38 11838 12069
msp 2419 p 2039 91.3 -1 709 gi|37 27668 27962 432 gi|38 12515 12801
msp 2466 p 22344 98.1 -1 432 gi|38 10221 12806 485 gi|40 22117 24652
msp 2468 p 22127 96.9 1 432 gi|38 10221 12803 691 gi|46 28183 30742
edge 905 p 1 96 687 432
edge 933 p 1 96 691 432
edge 1185 p 1 96 220 432
edge 1191 p 1 97 307 432
edge 1193 s 0 0 341 432
edge 1195 S 1 68 342 432
edge 1200 p -1 98 432 485
edge 1208 p 1 96 706 432
edge 1214 P -1 91 709 432
