frag gi|38 16879 18579
img_no 14
edge_no 6
msp 25 s 14826 98.2 -1 476 gi|4 32235 33879 436 gi|38 16904 18548
msp 31 s 367 75.3 1 476 gi|4 32236 32320 436 gi|38 16905 16988
msp 39 s 385 75.0 1 476 gi|4 33795 33878 436 gi|38 18463 18547
msp 589 s 291 94.4 1 634 gi|8 19064 19099 436 gi|38 18512 18547
msp 597 s 266 91.4 -1 634 gi|8 19065 19099 436 gi|38 16905 16939
msp 1087 p 14796 97.7 1 71 gi|13 33106 34780 436 gi|38 16905 18579
msp 1089 s 356 75.9 -1 71 gi|13 33106 33188 436 gi|38 18463 18547
msp 1093 s 376 73.9 -1 71 gi|13 34663 34773 436 gi|38 16879 16988
msp 2053 s 447 80.2 1 293 gi|28 28484 28574 436 gi|38 16900 16988
msp 2057 s 13054 93.2 -1 293 gi|28 28490 30102 436 gi|38 16929 18547
msp 2061 s 358 88.4 -1 294 gi|28 30733 30801 436 gi|38 16905 16966
msp 2063 s 354 86.8 1 294 gi|28 30764 30831 436 gi|38 18510 18575
msp 2205 s 375 90.0 -1 323 gi|30 26533 26602 436 gi|38 16904 16966
msp 2207 s 313 91.1 1 323 gi|30 26557 26601 436 gi|38 18502 18547
edge 954 p 1 97 71 436
edge 959 s 0 0 293 436
edge 963 s 0 0 294 436
edge 966 s 0 0 323 436
edge 969 s 0 0 436 476
edge 970 s 0 0 436 634
