frag gi|38 22453 23728
img_no 6
flimg_no 3
edge_no 6
msp 911 p 11594 98.6 -1 664 gi|9 5820 7092 439 gi|38 22453 23726
msp 951 p 11577 98.3 1 667 gi|9 29316 30591 439 gi|38 22453 23728
msp 995 p 11596 98.6 -1 669 gi|11 1940 3213 439 gi|38 22453 23727
msp 2225 p 271 91.3 -1 660 gi|30 35879 35923 439 gi|38 23692 23734
msp 2472 p 1115 90.3 1 439 gi|38 22453 22596 675 gi|39 30979 31122
msp 2474 p 10251 97.7 -1 439 gi|38 22582 23727 662 gi|40 31450 32595
edge 585 S -1 91 660 439
edge 597 p -1 97 662 439
edge 618 p -1 98 664 439
edge 622 p 1 98 667 439
edge 643 p -1 98 669 439
edge 666 S 1 90 675 439
