frag gi|39 25991 26668
img_no 23
edge_no 22
msp 167 s 259 74.8 1 309 gi|3 24403 24509 457 gi|39 26200 26306
msp 215 s 602 77.3 -1 314 gi|3 34282 34590 457 gi|39 26200 26511
msp 369 s 261 71.7 1 16 gi|1 35460 35611 457 gi|39 26220 26378
msp 507 s 487 75.9 -1 595 gi|5 15101 15291 457 gi|39 26103 26299
msp 705 s 303 68.6 1 626 gi|7 37288 37392 457 gi|39 26204 26308
msp 723 s 257 72.7 1 626 gi|7 38290 38388 457 gi|39 26204 26302
msp 891 s 384 84.0 -1 58 gi|12 28320 28419 457 gi|39 26200 26299
msp 967 s 618 76.6 -1 35 gi|11 259 913 457 gi|39 25991 26597
msp 1519 s 421 74.9 -1 105 gi|16 28680 29177 457 gi|39 26105 26613
msp 1599 s 344 74.8 1 153 gi|19 19244 19612 457 gi|39 26067 26438
msp 1685 s 405 77.8 -1 111 gi|17 1585 1854 457 gi|39 26037 26309
msp 1911 s 417 70.2 1 185 gi|21 24742 25272 457 gi|39 26117 26659
msp 1965 s 340 74.0 -1 203 gi|22 32243 32588 457 gi|39 25996 26347
msp 2025 s 324 79.4 -1 283 gi|28 6069 6175 457 gi|39 26193 26299
msp 2157 s 363 73.7 -1 234 gi|25 14686 15293 457 gi|39 25997 26616
msp 2169 s 348 77.1 -1 238 gi|25 28346 28861 457 gi|39 26186 26668
msp 2219 s 278 82.5 1 325 gi|30 32217 32319 457 gi|39 26200 26301
msp 2361 s 283 74.2 1 348 gi|33 20723 20869 457 gi|39 26200 26352
msp 2429 p 294 78.3 1 655 gi|36 6964 7140 457 gi|39 26118 26294
msp 2433 s 286 75.8 1 400 gi|36 18894 18988 457 gi|39 26204 26298
msp 2441 s 446 78.8 1 407 gi|36 35169 35442 457 gi|39 26227 26517
msp 2480 s 451 74.8 -1 457 gi|39 26037 26436 530 gi|44 1232 1634
msp 2482 s 520 75.6 1 457 gi|39 26202 26467 541 gi|44 22952 23214
edge 29 s 0 0 35 457
edge 58 s 0 0 58 457
edge 76 s 0 0 153 457
edge 95 s 0 0 238 457
edge 109 s 0 0 309 457
edge 124 s 0 0 348 457
edge 138 s 0 0 407 457
edge 148 s 0 0 595 457
edge 168 s 0 0 16 457
edge 210 s 0 0 105 457
edge 217 s 0 0 111 457
edge 231 s 0 0 185 457
edge 241 s 0 0 203 457
edge 247 s 0 0 314 457
edge 255 s 0 0 400 457
edge 259 s 0 0 457 234
edge 260 s 0 0 457 283
edge 261 s 0 0 457 325
edge 263 s 0 0 457 530
edge 264 s 0 0 457 541
edge 265 s 0 0 457 626
edge 353 S 1 78 655 457
