frag gi|4 32223 33903
img_no 14
edge_no 6
msp 20 s 345 89.8 -1 476 gi|4 32223 32281 323 gi|30 26557 26618
msp 22 s 14922 98.7 -1 476 gi|4 32235 33880 71 gi|13 33104 34748
msp 24 s 14826 98.2 -1 476 gi|4 32235 33879 436 gi|38 16904 18548
msp 26 s 323 94.9 -1 476 gi|4 32235 32273 294 gi|28 30764 30802
msp 28 s 342 76.5 1 476 gi|4 32236 32320 71 gi|13 33106 33188
msp 30 s 367 75.3 1 476 gi|4 32236 32320 436 gi|38 16905 16988
msp 32 p 13146 93.6 1 476 gi|4 32236 33903 293 gi|28 28490 30135
msp 34 s 296 94.4 -1 476 gi|4 32236 32271 634 gi|8 19064 19099
msp 36 s 360 73.8 1 476 gi|4 33795 33878 71 gi|13 34663 34747
msp 38 s 385 75.0 1 476 gi|4 33795 33878 436 gi|38 18463 18547
msp 40 s 431 79.8 -1 476 gi|4 33795 33878 293 gi|28 28490 28574
msp 42 s 358 87.1 1 476 gi|4 33817 33878 294 gi|28 30733 30801
msp 44 s 394 89.1 1 476 gi|4 33817 33880 323 gi|30 26533 26603
msp 46 s 275 91.4 1 476 gi|4 33844 33878 634 gi|8 19065 19099
edge 955 s 0 0 71 476
edge 960 p 1 93 293 476
edge 964 s 0 0 294 476
edge 967 s 0 0 323 476
edge 969 s 0 0 436 476
edge 971 s 0 0 476 634
