frag gi|4 34997 37132
img_no 11
flimg_no 1
edge_no 9
msp 48 p 1495 73.4 -1 477 gi|4 34997 37135 290 gi|28 20107 22234
msp 50 s 583 74.8 -1 477 gi|4 35012 35555 290 gi|28 20104 20663
msp 52 s 252 84.9 1 477 gi|4 35296 35421 31 gi|10 32494 32628
msp 54 p 259 75.8 -1 477 gi|4 35335 35458 146 gi|19 9984 10106
msp 56 s 258 81.5 1 477 gi|4 35343 35461 422 gi|37 28001 28119
msp 58 p 924 72.6 1 477 gi|4 36550 37130 536 gi|44 16431 17014
msp 60 s 257 78.6 -1 477 gi|4 36595 36650 153 gi|19 19768 19823
msp 62 s 273 80.4 1 477 gi|4 36621 36671 199 gi|22 20755 20805
msp 64 s 305 79.5 -1 477 gi|4 36874 37131 290 gi|28 21700 21961
msp 66 s 277 74.6 -1 477 gi|4 36920 37045 654 gi|15 24870 24994
msp 343 s 268 82.0 -1 15 gi|1 35030 35179 477 gi|4 36569 36709
edge 77 s 0 0 153 477
edge 160 s 0 0 15 477
edge 181 s 0 0 31 477
edge 282 s 0 0 422 477
edge 294 P -1 75 477 146
edge 295 s 0 0 477 199
edge 296 p -1 73 477 290
edge 297 S 1 72 477 536
edge 342 s 0 0 654 477
