frag gi|8 19064 19154
img_no 9
flimg_no 1
edge_no 6
msp 35 s 296 94.4 -1 476 gi|4 32236 32271 634 gi|8 19064 19099
msp 47 s 275 91.4 1 476 gi|4 33844 33878 634 gi|8 19065 19099
msp 584 s 277 90.2 -1 634 gi|8 19060 19120 71 gi|13 33087 33147
msp 586 s 293 95.0 1 634 gi|8 19060 19099 323 gi|30 26560 26601
msp 588 s 291 94.4 1 634 gi|8 19064 19099 436 gi|38 18512 18547
msp 590 s 310 92.5 1 634 gi|8 19064 19103 294 gi|28 30766 30805
msp 592 s 276 91.7 -1 634 gi|8 19064 19099 293 gi|28 28490 28525
msp 594 p 298 84.6 1 634 gi|8 19064 19154 71 gi|13 34712 34808
msp 596 s 266 91.4 -1 634 gi|8 19065 19099 436 gi|38 16905 16939
edge 956 P 1 84 71 634
edge 961 s 0 0 293 634
edge 965 s 0 0 294 634
edge 968 s 0 0 323 634
edge 970 s 0 0 436 634
edge 971 s 0 0 476 634
