frag gi|36 6964 7139
img_no 7
flimg_no 4
edge_no 7
msp 175 s 227 82.1 1 309 gi|3 24406 24499 655 gi|36 7049 7140
msp 639 s 254 72.0 1 619 gi|7 1207 1297 655 gi|36 7050 7140
msp 1591 p 268 70.1 1 151 gi|19 18426 18597 655 gi|36 6962 7136
msp 1603 s 247 85.9 1 153 gi|19 19378 19474 655 gi|36 7041 7140
msp 1693 p 262 75.1 -1 111 gi|17 1600 1774 655 gi|36 6966 7140
msp 1707 p 254 79.0 -1 112 gi|17 2430 2603 655 gi|36 6964 7140
msp 2428 p 294 78.3 1 655 gi|36 6964 7140 457 gi|39 26118 26294
edge 348 S -1 75 655 111
edge 349 P -1 79 655 112
edge 350 S 1 70 655 151
edge 351 s 0 0 655 153
edge 352 s 0 0 655 309
edge 353 S 1 78 655 457
edge 354 s 0 0 655 619
