frag gi|39 30590 30871
img_no 9
flimg_no 7
edge_no 9
msp 913 p 2296 94.2 -1 665 gi|9 7200 7480 674 gi|39 30591 30871
msp 997 p 2295 94.0 -1 670 gi|11 3320 3601 674 gi|39 30591 30872
msp 1561 p 2227 94.3 1 145 gi|19 4525 4806 674 gi|39 30591 30872
msp 2001 p 2227 94.3 1 672 gi|27 23734 24015 674 gi|39 30591 30872
msp 2031 s 269 87.2 1 285 gi|28 12772 12818 674 gi|39 30606 30656
msp 2427 p 270 83.7 -1 673 gi|37 36529 36576 674 gi|39 30590 30638
msp 2486 p 2213 94.3 -1 674 gi|39 30591 30872 539 gi|44 21549 21830
msp 2488 p 2188 92.5 1 674 gi|39 30591 30872 663 gi|44 33833 34114
msp 2515 p 2280 93.0 1 676 gi|9 28928 29209 674 gi|39 30591 30872
edge 670 p 1 94 674 145
edge 671 s 0 0 674 285
edge 672 p -1 94 674 539
edge 673 p 1 92 674 663
edge 674 p -1 94 674 665
edge 676 p -1 94 674 670
edge 677 p 1 94 674 672
edge 678 S -1 83 674 673
edge 685 p 1 93 676 674
