frag gi|9 28925 29209
img_no 7
flimg_no 6
edge_no 7
msp 936 p 2397 97.8 1 676 gi|9 28925 29209 663 gi|44 33837 34114
msp 938 p 175 85.7 -1 676 gi|9 28926 28975 673 gi|37 36529 36578
msp 940 p 2449 98.3 -1 676 gi|9 28925 29209 539 gi|44 21549 21829
msp 944 p 2545 98.3 1 676 gi|9 28925 29209 672 gi|27 23731 24015
msp 946 p 2566 98.6 1 676 gi|9 28925 29209 145 gi|19 4522 4806
msp 2512 p 2613 99.0 -1 676 gi|9 28925 29209 670 gi|11 3320 3604
msp 2514 p 2280 93.0 1 676 gi|9 28928 29209 674 gi|39 30591 30872
edge 679 p 1 98 676 145
edge 680 p -1 98 676 539
edge 681 p 1 97 676 663
edge 682 p -1 99 676 670
edge 683 p 1 98 676 672
edge 684 S -1 85 676 673
edge 685 p 1 93 676 674
