frag gi|35 11642 12886
img_no 6
flimg_no 5
edge_no 6
msp 601 p 10685 97.8 -1 682 gi|8 19560 20786 679 gi|35 11640 12885
msp 675 p 11155 97.6 -1 681 gi|7 15743 16989 679 gi|35 11641 12886
msp 899 p 250 91.1 -1 684 gi|12 38037 38076 679 gi|35 11640 11682
msp 1065 p 11322 98.4 -1 683 gi|11 35870 37109 679 gi|35 11645 12884
msp 2369 p 11198 97.9 -1 678 gi|33 23930 25182 679 gi|35 11640 12892
msp 2396 p 11238 98.0 -1 679 gi|35 11646 12884 680 gi|38 8982 10220
edge 801 p -1 97 679 678
edge 807 p -1 98 680 679
edge 812 p -1 97 681 679
edge 817 p -1 97 682 679
edge 822 p -1 98 683 679
edge 826 S -1 91 684 679
