frag gi|8 19561 20784
img_no 6
flimg_no 5
edge_no 6
msp 598 p 10841 98.5 1 682 gi|8 19560 20781 683 gi|11 35875 37108
msp 600 p 10685 97.8 -1 682 gi|8 19560 20786 679 gi|35 11640 12885
msp 602 p 10958 98.0 1 682 gi|8 19560 20781 678 gi|33 23929 25171
msp 604 p 10892 98.1 1 682 gi|8 19564 20786 680 gi|38 8982 10225
msp 606 p 277 90.0 1 682 gi|8 20745 20784 684 gi|12 38037 38076
msp 681 p 10961 98.2 1 681 gi|7 15746 16988 682 gi|8 19564 20786
edge 816 p 1 98 682 678
edge 817 p -1 97 682 679
edge 818 p 1 98 682 680
edge 819 p 1 98 682 681
edge 825 p 1 98 683 682
edge 829 S 1 90 684 682
