frag gi|20 174 12403
img_no 19
flimg_no 1
edge_no 11
msp 729 p 488 69.5 1 608 gi|6 4441 4847 686 gi|20 9620 10026
msp 1167 s 439 70.8 -1 73 gi|14 2675 3006 686 gi|20 8729 9060
msp 1185 s 267 82.6 -1 73 gi|14 17004 17049 686 gi|20 3194 3239
msp 1195 s 267 82.6 -1 73 gi|14 17106 17151 686 gi|20 3194 3239
msp 1301 s 316 73.4 -1 73 gi|14 19022 19130 686 gi|20 3161 3267
msp 1337 s 346 83.1 -1 73 gi|14 19290 19360 686 gi|20 3190 3264
msp 1779 p 993 90.7 1 123 gi|17 30355 30504 686 gi|20 3166 3316
msp 1798 s 285 81.7 1 686 gi|20 3116 3219 513 gi|42 32164 32275
msp 1800 s 308 72.9 -1 686 gi|20 3161 3267 332 gi|31 33305 33413
msp 1802 s 363 84.0 -1 686 gi|20 3190 3264 332 gi|31 33573 33643
msp 1804 s 260 82.6 -1 686 gi|20 3194 3239 332 gi|31 31288 31333
msp 1806 s 260 82.6 -1 686 gi|20 3194 3239 332 gi|31 31390 31435
msp 1808 p 274 69.5 1 686 gi|20 4994 5383 575 gi|47 18662 19055
msp 1810 p 983 75.4 -1 686 gi|20 7093 9060 419 gi|37 22634 24566
msp 1812 s 464 70.8 -1 686 gi|20 8729 9060 332 gi|31 17101 17432
msp 1814 p 277 69.3 1 686 gi|20 10571 10671 263 gi|27 13545 13645
msp 1816 p 586 71.3 1 686 gi|20 10861 11512 264 gi|27 13791 14456
msp 1818 p 345 73.7 1 686 gi|20 11725 11876 265 gi|27 14657 14808
msp 2524 p 114048 98.8 1 686 gi|20 174 12403 690 gi|46 15835 28081
edge 908 s 0 0 686 73
edge 909 P 1 90 686 123
edge 910 P 1 69 686 263
edge 911 P 1 71 686 264
edge 912 P 1 73 686 265
edge 913 s 0 0 686 332
edge 914 P -1 75 686 419
edge 915 s 0 0 686 513
edge 917 P 1 69 686 575
edge 918 P 1 69 686 608
edge 945 p 1 98 690 686
