frag gi|20 12411 15063
img_no 10
flimg_no 4
edge_no 10
msp 111 p 22974 96.4 1 307 gi|3 17979 20643 687 gi|20 12409 15062
msp 413 p 23195 97.1 1 706 gi|2 27168 29839 687 gi|20 12410 15064
msp 1820 p 22692 95.8 1 687 gi|20 12406 15064 220 gi|24 5973 8642
msp 1822 p 22668 97.0 -1 687 gi|20 12410 15064 485 gi|40 22119 24747
msp 1824 p 921 98.3 1 687 gi|20 12411 12524 710 gi|38 8875 8989
msp 1826 p 22111 96.8 1 687 gi|20 12505 15064 432 gi|38 10221 12803
msp 1828 p 821 74.9 1 687 gi|20 12810 13629 341 gi|33 2004 2851
msp 1830 p 285 69.4 1 687 gi|20 14091 14322 342 gi|33 3436 3658
msp 1832 s 1976 90.9 -1 687 gi|20 14803 15061 709 gi|37 27668 27926
msp 2526 p 24665 98.8 1 687 gi|20 12420 15064 691 gi|46 28081 30742
edge 899 p 1 95 687 220
edge 900 p 1 96 687 307
edge 901 S 1 74 687 341
edge 902 S 1 69 687 342
edge 905 p 1 96 687 432
edge 906 p -1 97 687 485
edge 935 p 1 98 691 687
edge 1210 p 1 97 706 687
edge 1216 s 0 0 709 687
edge 1223 S 1 98 710 687
