frag gi|46 28085 30741
img_no 10
flimg_no 5
edge_no 10
msp 109 p 22974 96.4 1 307 gi|3 17979 20643 691 gi|46 28087 30740
msp 411 p 23195 97.1 1 706 gi|2 27168 29839 691 gi|46 28088 30742
msp 1869 p 22737 95.9 1 220 gi|24 5970 8642 691 gi|46 28081 30742
msp 2327 p 763 75.7 1 341 gi|33 2004 2851 691 gi|46 28488 29307
msp 2337 p 284 68.2 1 342 gi|33 3436 3658 691 gi|46 29769 30000
msp 2421 s 1986 90.9 -1 709 gi|37 27668 27926 691 gi|46 30481 30739
msp 2445 p 22698 97.0 -1 485 gi|40 22119 24747 691 gi|46 28088 30742
msp 2465 p 931 98.3 1 710 gi|38 8875 8989 691 gi|46 28089 28202
msp 2469 p 22127 96.9 1 432 gi|38 10221 12803 691 gi|46 28183 30742
msp 2527 p 24665 98.8 1 687 gi|20 12420 15064 691 gi|46 28081 30742
edge 927 p 1 95 691 220
edge 928 p 1 96 691 307
edge 929 P 1 75 691 341
edge 930 S 1 68 691 342
edge 933 p 1 96 691 432
edge 934 p -1 97 691 485
edge 935 p 1 98 691 687
edge 1211 p 1 97 706 691
edge 1217 s 0 0 709 691
edge 1224 S 1 98 710 691
