frag gi|15 3157 3878
img_no 6
flimg_no 2
edge_no 6
msp 391 p 373 72.8 -1 700 gi|2 10244 10942 699 gi|15 3157 3878
msp 519 s 601 76.0 1 596 gi|5 16246 16536 699 gi|15 3243 3525
msp 745 p 423 75.7 1 618 gi|6 37119 37461 699 gi|15 3156 3490
msp 1408 p 719 77.5 -1 699 gi|15 3159 3878 398 gi|36 15986 16688
msp 1410 s 1115 75.3 1 699 gi|15 3241 3855 361 gi|34 17814 18431
msp 1412 s 538 73.5 -1 699 gi|15 3249 3799 504 gi|42 526 1040
edge 1021 s 0 0 699 361
edge 1022 p -1 77 699 398
edge 1023 s 0 0 699 504
edge 1024 s 0 0 699 596
edge 1025 P 1 75 699 618
edge 1032 p -1 72 700 699
