frag gi|15 24065 24313
img_no 5
flimg_no 2
edge_no 5
msp 1436 p 457 76.0 -1 89 gi|15 24059 24320 271 gi|27 25496 25766
msp 1438 p 583 78.5 -1 89 gi|15 24066 24311 274 gi|27 28449 28703
msp 1440 p 483 71.8 -1 89 gi|15 24068 24290 268 gi|27 21950 22181
msp 1442 p 358 78.9 -1 89 gi|15 24068 24304 269 gi|27 22998 23238
msp 1444 p 388 79.3 -1 89 gi|15 24096 24317 272 gi|27 26469 26699
edge 1048 p -1 71 89 268
edge 1049 p -1 78 89 269
edge 1050 p -1 76 89 271
edge 1051 p -1 79 89 272
edge 1052 p -1 78 89 274
