154 2584 gi|1 267 1238 
156 260 gi|1 2816 2925 
158 382 gi|1 3102 3879 
160 420 gi|1 3154 3490 
162 719 gi|1 3159 3878 
164 1115 gi|1 3241 3855 
166 580 gi|1 3243 3525 
168 538 gi|1 3249 3799 
170 328 gi|1 5034 5239 
172 284 gi|1 5056 5258 
174 340 gi|1 5451 5705 
176 375 gi|1 5474 5777 
178 472 gi|1 5484 5706 
180 276 gi|1 5573 5686 
182 260 gi|1 14042 14128 
184 366 gi|1 14308 14643 
186 252 gi|1 14309 14491 
188 288 gi|1 14406 14836 
190 255 gi|1 14430 14506 
192 258 gi|1 14628 14726 
194 283 gi|1 14676 14756 
196 260 gi|1 14738 14854 
198 322 gi|1 15155 15388 
200 280 gi|1 15554 15785 
202 257 gi|1 17181 17414 
204 457 gi|1 24059 24320 
206 583 gi|1 24066 24311 
210 358 gi|1 24068 24304 
208 483 gi|1 24068 24290 
212 388 gi|1 24096 24317 
214 287 gi|1 24671 25072 
216 1906 gi|1 24687 26299 
218 1477 gi|1 24687 25390 
220 849 gi|1 24695 25377 
222 295 gi|1 24726 24990 
224 359 gi|1 24729 25031 
226 475 gi|1 24763 25376 
230 553 gi|1 24765 25873 
228 481 gi|1 24765 24994 
232 294 gi|1 24765 24991 
234 1079 gi|1 24776 25378 
238 568 gi|1 24783 25352 
236 335 gi|1 24783 25190 
240 272 gi|1 24783 24988 
244 338 gi|1 24816 25234 
246 268 gi|1 24816 25014 
242 376 gi|1 24816 24991 
248 482 gi|1 24818 25003 
250 317 gi|1 24864 25072 
252 284 gi|1 24870 24994 
254 253 gi|1 24892 24991 
256 314 gi|1 24893 25467 
258 293 gi|1 24894 24990 
260 338 gi|1 24896 25043 
262 343 gi|1 24912 25412 
264 307 gi|1 24915 24990 
266 487 gi|1 25658 25997 
268 273 gi|1 25658 25873 
270 340 gi|1 26574 26806 
272 259 gi|1 34593 34685 
274 1467 gi|1 35939 36656 
276 291 gi|1 38607 39070 
278 263 gi|1 38651 38719 
672 256 gi|10 184 312 
674 257 gi|10 6522 6629 
676 459 gi|10 15650 16499 
678 271 gi|10 16690 17136 
680 271 gi|10 18785 19111 
682 440 gi|10 19874 19950 
607 416 gi|10 23942 24168 
481 482 gi|10 27377 27681 
684 5732 gi|10 32663 33924 
157 260 gi|10 36778 36884 
686 253 gi|10 37211 37283 
688 333 gi|11 6355 6507 
690 331 gi|11 6358 6480 
692 276 gi|11 6358 6434 
694 253 gi|11 6790 6934 
696 511 gi|11 9494 10182 
698 310 gi|11 10032 10165 
700 316 gi|11 10677 11061 
702 326 gi|11 10852 10982 
704 268 gi|11 10876 10986 
706 280 gi|11 12788 12863 
153 252 gi|11 15780 15910 
451 259 gi|11 19375 19445 
275 1467 gi|11 19988 20694 
708 254 gi|11 24162 24223 
710 592 gi|11 28486 29436 
712 283 gi|11 28540 28904 
714 367 gi|11 29315 29448 
483 315 gi|11 30679 30836 
716 876 gi|11 34877 35733 
89 262 gi|12 12612 12840 
718 262 gi|12 19770 19863 
720 380 gi|12 24397 24610 
473 253 gi|12 25143 25188 
722 383 gi|12 25887 26274 
724 679 gi|12 28027 28428 
726 252 gi|12 30936 31005 
728 405 gi|12 31623 31712 
730 985 gi|12 32851 33013 
732 375 gi|12 33074 33167 
734 289 gi|12 33087 33147 
736 14935 gi|12 33104 34748 
367 390 gi|12 33104 33167 
738 416 gi|12 33105 33188 
742 14796 gi|12 33106 34780 
740 356 gi|12 33106 33188 
744 356 gi|12 33106 33188 
746 13171 gi|12 33149 34814 
750 376 gi|12 34663 34773 
748 338 gi|12 34663 34747 
373 288 gi|12 34702 34747 
752 301 gi|12 34710 34750 
754 309 gi|12 34712 34808 
756 20570 gi|12 37905 40245 
758 17301 gi|12 37980 39939 
760 258 gi|12 38149 38188 
762 281 gi|12 38150 38188 
764 287 gi|12 39897 39939 
766 287 gi|12 39897 39939 
768 292 gi|12 39956 40013 
770 268 gi|12 40088 40167 
772 451 gi|12 40091 40178 
774 434 gi|12 40094 40184 
776 499 gi|12 40185 40245 
812 3823 gi|13 1 1599 
814 2921 gi|13 18 1652 
816 250 gi|13 1448 1482 
818 417 gi|13 3845 4069 
820 15430 gi|13 5812 7490 
822 11594 gi|13 5820 7092 
655 4339 gi|13 6949 7480 
307 2682 gi|13 7199 7498 
828 2667 gi|13 7199 7494 
824 2652 gi|13 7199 7490 
826 2624 gi|13 7199 7489 
830 257 gi|13 7414 7490 
832 289 gi|13 7433 7480 
834 319 gi|13 10033 10321 
139 256 gi|13 11525 11723 
459 561 gi|13 11648 12051 
719 262 gi|13 12274 12358 
836 4054 gi|13 12509 13352 
838 257 gi|13 18409 18617 
840 253 gi|13 20485 20569 
723 383 gi|13 22266 22659 
151 330 gi|13 28146 28381 
842 2678 gi|13 28892 29209 
844 296 gi|13 28892 28975 
846 2604 gi|13 28907 29209 
309 2587 gi|13 28921 29209 
848 2581 gi|13 28921 29209 
850 15377 gi|13 28924 30597 
657 4298 gi|13 28928 29459 
852 11577 gi|13 29316 30591 
87 1059 gi|13 36941 37638 
854 488 gi|14 4441 4847 
856 488 gi|14 4441 4847 
858 542 gi|14 9669 10121 
141 360 gi|14 12149 12442 
860 296 gi|14 16077 16189 
862 291 gi|14 16636 16913 
864 1429 gi|14 17615 17953 
866 314 gi|14 23622 23891 
868 317 gi|14 28709 28903 
870 250 gi|14 28739 28891 
872 369 gi|14 29642 29777 
835 319 gi|14 36710 37004 
161 420 gi|14 37117 37461 
874 338 gi|14 37188 37459 
13 430 gi|14 37213 37427 
876 356 gi|14 37250 37456 
878 338 gi|14 37344 37450 
147 373 gi|15 805 905 
707 280 gi|15 841 916 
201 280 gi|15 4431 4674 
199 322 gi|15 4837 5070 
880 368 gi|15 6418 6744 
773 451 gi|15 6451 6538 
882 791 gi|15 6462 6562 
884 688 gi|15 6538 6610 
771 268 gi|15 6770 6850 
886 29825 gi|15 6782 10234 
769 292 gi|15 6783 6839 
757 20570 gi|15 10174 12527 
888 434 gi|15 10235 10325 
890 17436 gi|15 10480 12596 
763 281 gi|15 10480 10522 
892 287 gi|15 10480 10522 
894 258 gi|15 12230 12269 
765 287 gi|15 12230 12268 
896 556 gi|15 13749 14265 
898 279 gi|15 14213 14369 
900 352 gi|15 18662 19055 
902 352 gi|15 18662 19055 
904 358 gi|15 20006 20292 
7 293 gi|15 21249 21451 
359 251 gi|15 24944 25015 
906 354 gi|15 25268 25718 
908 306 gi|15 25354 25715 
675 257 gi|15 30119 30222 
711 592 gi|15 31072 32025 
910 257 gi|15 31077 31244 
273 259 gi|15 32663 32747 
778 1002 gi|16 3801 4940 
780 1002 gi|16 3801 4940 
649 297 gi|16 7243 7506 
782 260 gi|16 18957 19027 
784 2067 gi|16 22116 22380 
786 22358 gi|16 22117 24652 
123 22520 gi|16 22118 24750 
788 22707 gi|16 22118 24747 
790 22707 gi|16 22118 24747 
794 22609 gi|16 22123 24748 
792 23435 gi|16 22123 24747 
796 305 gi|16 22823 23054 
798 287 gi|16 23516 23735 
800 821 gi|16 23947 24348 
802 875 gi|16 24633 24748 
804 254 gi|16 25653 25766 
806 476 gi|16 29440 29586 
808 549 gi|16 33266 34096 
203 257 gi|16 34682 34889 
810 452 gi|16 34942 35231 
1014 658 gi|17 25 449 
531 270 gi|17 5558 5640 
679 271 gi|17 13109 13534 
677 459 gi|17 13637 14445 
1016 251 gi|17 16821 16879 
1018 384 gi|17 17117 17399 
1020 303 gi|17 23705 23977 
1022 422 gi|17 23719 23930 
1024 297 gi|17 23736 23894 
1026 298 gi|17 23773 23876 
1028 268 gi|17 24525 24566 
1030 256 gi|17 27736 27812 
1032 311 gi|17 28565 29060 
503 994 gi|17 28579 29455 
1034 425 gi|17 28635 29078 
1036 763 gi|17 28668 29295 
621 383 gi|17 28680 29177 
1038 452 gi|17 28773 29258 
1040 499 gi|17 28857 29247 
1042 309 gi|17 28862 29023 
539 282 gi|17 28929 29024 
1044 376 gi|17 28948 29161 
1046 284 gi|17 28971 29181 
1048 274 gi|17 28977 29161 
1050 271 gi|17 28979 29161 
1052 283 gi|17 28980 29185 
1054 342 gi|17 28981 29161 
1056 284 gi|17 35681 35845 
1058 585 gi|17 36310 36473 
1060 454 gi|17 36328 36500 
1062 412 gi|17 38899 39531 
1064 303 gi|17 39785 39873 
1066 616 gi|17 39821 40122 
1068 369 gi|17 39972 40090 
221 849 gi|18 177 874 
948 536 gi|18 188 673 
950 608 gi|18 193 786 
952 426 gi|18 194 753 
954 266 gi|18 206 769 
958 709 gi|18 220 804 
956 725 gi|18 220 772 
533 816 gi|18 221 738 
609 624 gi|18 259 913 
960 1091 gi|18 311 789 
962 266 gi|18 379 670 
964 319 gi|18 400 808 
1043 309 gi|18 454 615 
966 395 gi|18 487 771 
968 402 gi|18 492 672 
970 453 gi|18 522 700 
972 389 gi|18 528 714 
974 364 gi|18 534 777 
976 409 gi|18 544 753 
978 459 gi|18 563 819 
982 323 gi|18 575 841 
980 300 gi|18 575 673 
984 296 gi|18 576 826 
986 320 gi|18 576 821 
988 293 gi|18 578 761 
990 250 gi|18 578 672 
305 2661 gi|18 3320 3636 
829 2667 gi|18 3320 3613 
849 2581 gi|18 3320 3608 
994 2641 gi|18 3320 3606 
992 2648 gi|18 3320 3605 
996 2617 gi|18 3320 3605 
665 2213 gi|18 3320 3601 
998 289 gi|18 3554 3601 
1000 565 gi|18 4871 5075 
1002 268 gi|18 6328 6470 
1004 456 gi|18 11803 12237 
1006 254 gi|18 14961 15063 
783 260 gi|18 20267 20339 
1008 255 gi|18 25989 26261 
1010 284 gi|18 29974 30060 
729 405 gi|18 30013 30096 
1012 256 gi|18 37457 37633 
912 45501 gi|19 1 4808 
914 398 gi|19 250 374 
916 1139 gi|19 1441 2449 
918 1180 gi|19 1562 2446 
920 454 gi|19 1562 2254 
922 41552 gi|19 4798 9183 
924 335 gi|19 7245 7484 
145 277 gi|19 7357 7476 
926 157276 gi|19 14427 31250 
928 339 gi|19 15960 16079 
930 576 gi|19 17082 17518 
932 539 gi|19 17099 17446 
934 439 gi|19 17101 17432 
936 439 gi|19 17101 17432 
938 287 gi|19 20487 20576 
25 1972 gi|19 26261 27752 
940 286 gi|19 26526 26625 
942 261 gi|19 30792 30874 
944 2280 gi|19 32271 32519 
946 60529 gi|19 33820 40245 
90 517 gi|2 2 151 
92 1314 gi|2 3 413 
94 426 gi|2 4 401 
96 280 gi|2 6 317 
98 1040 gi|2 10 391 
100 255 gi|2 1995 2081 
102 324 gi|2 10537 10990 
104 283 gi|2 10629 10985 
106 276 gi|2 34317 34478 
108 267 gi|2 38699 38932 
1070 1869 gi|20 145 365 
625 297 gi|20 6964 7143 
1072 261 gi|20 6964 7142 
1074 251 gi|20 6966 7142 
1076 258 gi|20 7041 7142 
1078 252 gi|20 7048 7142 
1080 349 gi|20 7376 7496 
929 339 gi|20 7376 7496 
1082 275 gi|20 7381 7553 
1084 304 gi|20 7384 7481 
433 285 gi|20 7575 7749 
1086 322 gi|20 8276 8363 
1088 306 gi|20 8292 8385 
1090 275 gi|20 10114 10235 
1092 533 gi|20 14851 15061 
1094 359 gi|20 14888 15529 
175 340 gi|20 14922 15179 
173 284 gi|20 15345 15532 
1096 437 gi|20 15978 16566 
163 719 gi|20 15986 16688 
1098 360 gi|20 16312 16478 
875 338 gi|20 16351 16622 
11 512 gi|20 16378 16705 
1100 795 gi|20 16760 17515 
385 1018 gi|20 16838 17529 
1102 795 gi|20 16844 17122 
1104 339 gi|20 16844 17008 
1106 739 gi|20 16845 17130 
1108 264 gi|20 16857 17300 
407 477 gi|20 16884 17536 
1110 623 gi|20 17291 17555 
1112 469 gi|20 18649 19342 
1114 508 gi|20 18681 19008 
389 392 gi|20 18713 19295 
1116 394 gi|20 18717 19106 
403 845 gi|20 18729 19368 
1118 593 gi|20 18735 19164 
987 320 gi|20 18755 18988 
1120 264 gi|20 18756 18986 
1122 266 gi|20 18761 19005 
1124 298 gi|20 18763 19125 
229 481 gi|20 18769 18993 
1126 318 gi|20 18792 19021 
1128 262 gi|20 18844 18986 
1130 289 gi|20 18894 19013 
639 281 gi|20 18894 18988 
1132 310 gi|20 18900 19052 
1134 276 gi|20 18902 18988 
1009 255 gi|20 22116 22439 
861 296 gi|20 22348 22461 
519 323 gi|20 27924 28444 
1136 974 gi|20 30872 31626 
1138 333 gi|20 31077 31405 
1140 335 gi|20 31540 31753 
1142 555 gi|20 32149 32589 
931 576 gi|20 32149 32589 
471 332 gi|20 34714 34779 
1144 410 gi|20 34901 35445 
1146 309 gi|20 35005 35241 
1148 357 gi|20 35029 35240 
1047 284 gi|20 35033 35254 
975 364 gi|20 35039 35285 
1150 251 gi|20 35052 35251 
1152 365 gi|20 35053 35307 
1154 390 gi|20 35060 35239 
243 376 gi|20 35060 35238 
1156 302 gi|20 35065 35396 
1158 257 gi|20 35113 35565 
1160 398 gi|20 35136 35403 
557 364 gi|20 35143 35242 
1162 362 gi|20 35144 35648 
1164 294 gi|20 35144 35243 
1168 381 gi|20 35156 35539 
1166 260 gi|20 35156 35261 
1170 316 gi|20 35158 35264 
647 446 gi|20 35169 35442 
1172 285 gi|20 35194 35283 
1174 384 gi|20 37066 37283 
1176 353 gi|20 38349 38547 
1097 437 gi|21 439 1004 
1178 714 gi|21 525 983 
169 538 gi|21 526 1040 
9 368 gi|21 757 1158 
1180 323 gi|21 768 1002 
879 338 gi|21 799 905 
1182 566 gi|21 2682 2923 
831 257 gi|21 7278 7354 
101 255 gi|21 14675 14763 
453 294 gi|21 17861 18273 
455 462 gi|21 18952 19290 
457 411 gi|21 19953 20546 
1184 262 gi|21 21214 21331 
731 985 gi|21 32170 32333 
1186 17035 gi|21 32465 34428 
819 417 gi|21 36180 36416 
1188 267 gi|22 7074 7258 
1190 282 gi|22 11296 11736 
687 253 gi|22 11620 11683 
1192 541 gi|22 12230 13117 
1194 1328 gi|22 15389 15965 
1196 262 gi|22 15421 15643 
241 272 gi|22 15438 15640 
1198 255 gi|22 15495 15650 
973 389 gi|22 15501 15713 
1200 279 gi|22 15546 15647 
1133 310 gi|22 15554 15700 
1171 316 gi|22 15562 15669 
1202 453 gi|22 18973 19201 
1204 687 gi|22 20298 20750 
1206 396 gi|22 24435 24552 
1208 315 gi|22 24684 24921 
1212 865 gi|22 24712 25330 
1210 985 gi|22 24712 25246 
1216 950 gi|22 24713 25815 
951 608 gi|22 24713 25276 
1214 1225 gi|22 24713 25092 
1218 524 gi|22 24716 25085 
1220 330 gi|22 24735 24923 
623 461 gi|22 24742 25272 
1222 438 gi|22 24742 25099 
187 252 gi|22 24745 24932 
1224 387 gi|22 24746 25214 
1055 342 gi|22 24746 24923 
1226 329 gi|22 24779 24921 
1228 299 gi|22 24793 24923 
527 466 gi|22 24806 25317 
1230 343 gi|22 24823 24921 
1232 393 gi|22 24824 24921 
1131 289 gi|22 24826 24954 
1234 337 gi|22 24828 24921 
1169 381 gi|22 24839 25210 
1085 304 gi|22 25190 25287 
1236 281 gi|22 25350 25675 
1238 277 gi|22 25470 25720 
269 273 gi|22 25500 25715 
1240 423 gi|22 29411 29580 
811 452 gi|22 29475 29765 
1242 1336 gi|22 38303 38459 
1244 9617 gi|22 38496 39707 
1246 1789 gi|22 38759 38983 
1248 5206 gi|22 39060 39700 
1250 784 gi|22 39436 39696 
589 317 gi|23 5304 5664 
1252 313 gi|23 5445 5538 
671 688 gi|23 5809 6114 
1254 2655 gi|23 7979 9452 
573 3000 gi|23 8004 9580 
1256 1328 gi|23 8006 8830 
1258 1652 gi|23 8010 9572 
31 1088 gi|23 8012 8545 
1260 1332 gi|23 8013 9567 
1262 3014 gi|23 8048 9559 
1264 422 gi|23 8048 8277 
1266 2609 gi|23 8052 9562 
1268 2521 gi|23 8058 9598 
1270 2149 gi|23 8129 9563 
1272 986 gi|23 8329 8654 
1274 522 gi|23 8499 8646 
59 307 gi|23 8638 8728 
1276 791 gi|23 9170 9580 
83 490 gi|23 9241 9558 
1278 384 gi|23 10043 10172 
1280 419 gi|23 10323 10528 
1282 253 gi|23 10410 10576 
501 323 gi|23 14568 15114 
1284 539 gi|23 14638 15199 
1286 577 gi|23 14644 15199 
1288 828 gi|23 14660 15390 
949 536 gi|23 14705 15199 
1290 548 gi|23 14749 15312 
1292 275 gi|23 14886 15206 
1294 259 gi|23 15064 15185 
1296 278 gi|23 15065 15199 
541 340 gi|23 15078 15200 
1298 272 gi|23 15079 15196 
1300 256 gi|23 15100 15199 
1302 276 gi|23 15100 15198 
619 455 gi|23 15101 15291 
1231 343 gi|23 15101 15199 
259 293 gi|23 15102 15198 
1306 263 gi|23 15104 15206 
1308 332 gi|23 15104 15196 
1304 277 gi|23 15104 15195 
167 580 gi|23 16246 16536 
1181 323 gi|23 16291 16528 
17 390 gi|23 16305 16813 
1310 287 gi|23 16309 16557 
1099 360 gi|23 16380 16555 
21 355 gi|23 18160 18373 
177 375 gi|23 18165 18465 
1312 408 gi|23 18233 18463 
1093 533 gi|23 18245 18461 
183 260 gi|23 18935 19021 
1314 259 gi|23 19219 19434 
1318 290 gi|23 19253 19414 
1316 259 gi|23 19253 19340 
1 266 gi|23 22846 22997 
1320 269 gi|23 22925 22975 
1089 306 gi|23 23915 24009 
1322 320 gi|23 24506 24734 
1324 262 gi|23 24516 24658 
1025 297 gi|23 24552 24710 
1326 268 gi|23 25660 25967 
1115 508 gi|23 25674 26014 
1328 393 gi|23 25676 25952 
1330 276 gi|23 25688 25866 
379 753 gi|23 25690 26013 
1332 555 gi|23 25690 25976 
1107 739 gi|23 25691 25976 
1334 739 gi|23 25699 25988 
1336 566 gi|23 25815 26014 
1338 5848 gi|23 26884 30353 
1340 348 gi|23 32374 32473 
463 269 gi|23 37235 37418 
597 298 gi|23 38431 38577 
909 306 gi|24 5 366 
695 253 gi|24 5812 5971 
1342 833 gi|24 5817 6886 
1344 256 gi|24 5833 5953 
1346 459 gi|24 5834 6058 
1348 269 gi|24 5836 5951 
329 690 gi|24 5847 6495 
1319 290 gi|24 5861 6022 
325 269 gi|24 5914 6033 
1350 284 gi|24 6329 6467 
335 317 gi|24 6365 6465 
1352 275 gi|24 6616 6810 
1354 612 gi|24 6638 6968 
247 268 gi|24 6669 6858 
323 261 gi|24 6748 6896 
839 257 gi|24 18646 18821 
1356 273 gi|24 23003 23087 
1358 280 gi|24 23007 23075 
1360 294 gi|24 25467 25649 
865 1429 gi|24 27205 27540 
1013 256 gi|24 39856 40035 
717 876 gi|25 556 1439 
1195 1328 gi|25 4734 5321 
543 284 gi|25 4903 5040 
1303 276 gi|25 4903 5001 
1454 255 gi|25 4903 5001 
991 250 gi|25 4903 4997 
1456 312 gi|25 4904 5033 
1165 294 gi|25 4906 5005 
1458 311 gi|25 4906 5000 
1460 270 gi|25 5184 5347 
1462 320 gi|25 6507 6629 
345 286 gi|25 7921 8089 
1464 1552 gi|25 8952 9281 
1466 302 gi|25 13119 13271 
605 255 gi|25 14563 14658 
1468 378 gi|25 20594 20722 
1470 932 gi|25 20595 20749 
1472 867 gi|25 20595 20749 
1474 824 gi|25 20595 20749 
1275 522 gi|25 20595 20742 
1476 656 gi|25 20595 20741 
1478 447 gi|25 20596 20746 
1480 271 gi|25 20596 20724 
1482 879 gi|25 20597 20749 
585 647 gi|25 20603 20749 
817 250 gi|25 22485 22519 
1205 687 gi|25 27675 28127 
905 358 gi|25 29602 29898 
1484 268 gi|25 32059 32206 
1486 342 gi|25 32511 32742 
1488 551 gi|25 33753 34224 
1492 279 gi|25 34661 34824 
1490 330 gi|25 34661 34815 
1494 285 gi|25 34678 34849 
1235 337 gi|25 34722 34815 
1295 259 gi|25 34731 34853 
643 253 gi|25 34731 34815 
1496 304 gi|25 34734 35186 
1498 343 gi|25 34993 35265 
1500 268 gi|25 35030 35179 
1502 267 gi|25 35044 35164 
1504 273 gi|25 35056 35152 
1506 268 gi|25 35083 35165 
1508 334 gi|25 35085 35160 
967 395 gi|25 35343 35638 
1510 282 gi|25 35354 35520 
1512 261 gi|25 35384 35522 
1514 281 gi|25 35418 35600 
1516 254 gi|25 35422 35523 
1159 257 gi|25 35423 35907 
1518 267 gi|25 35438 35524 
645 255 gi|25 35460 35611 
1520 253 gi|25 35664 35935 
1522 250 gi|25 35859 35914 
131 875 gi|26 2003 2851 
1366 774 gi|26 2004 2851 
1368 763 gi|26 2004 2851 
1370 763 gi|26 2004 2851 
1362 790 gi|26 2004 2401 
1364 774 gi|26 2004 2401 
801 821 gi|26 2004 2401 
1372 287 gi|26 2629 2851 
1374 287 gi|26 2629 2851 
799 287 gi|26 2629 2851 
133 325 gi|26 3436 3658 
1376 284 gi|26 3436 3658 
1378 281 gi|26 3436 3658 
1380 284 gi|26 3436 3658 
1382 284 gi|26 3436 3658 
797 305 gi|26 3436 3658 
1384 260 gi|26 3443 3658 
1003 268 gi|26 9128 9271 
1386 323 gi|26 9289 9502 
1175 384 gi|26 19041 19260 
1388 529 gi|26 20592 20825 
1219 524 gi|26 20629 20983 
1390 551 gi|26 20649 20834 
249 482 gi|26 20649 20834 
1495 285 gi|26 20685 20856 
971 453 gi|26 20697 20875 
1517 254 gi|26 20708 20806 
545 386 gi|26 20719 20830 
1161 398 gi|26 20721 20990 
1392 508 gi|26 20722 20983 
411 282 gi|26 20722 20837 
1394 276 gi|26 20723 20885 
635 308 gi|26 20723 20869 
1297 278 gi|26 20724 20858 
1396 254 gi|26 20724 20824 
1398 524 gi|26 20727 21036 
1400 365 gi|26 20727 20863 
1402 279 gi|26 20727 20831 
1459 311 gi|26 20728 20822 
1404 407 gi|26 20728 20819 
1406 253 gi|26 20773 20819 
417 283 gi|26 21105 21163 
699 310 gi|26 31866 32002 
1408 281 gi|26 31886 31990 
1410 307 gi|26 32438 32579 
1412 402 gi|26 32445 32723 
1069 369 gi|26 32520 32641 
1414 530 gi|26 34363 34778 
357 561 gi|26 34363 34741 
479 544 gi|26 34363 34741 
1416 288 gi|26 35175 35433 
1418 251 gi|26 36231 36319 
1420 2547 gi|26 38399 39460 
1422 2430 gi|26 38457 39490 
1424 227978 gi|27 55 24567 
1426 447 gi|27 55 173 
1428 406 gi|27 55 173 
1430 318 gi|27 3252 3316 
903 352 gi|27 4994 5383 
1432 983 gi|27 7093 9060 
1434 464 gi|27 8729 9060 
935 439 gi|27 8729 9060 
857 488 gi|27 9620 10026 
285 628 gi|27 10861 11512 
289 381 gi|27 11725 11876 
119 22789 gi|27 12400 15067 
1436 22939 gi|27 12409 15062 
791 22707 gi|27 12410 15065 
1438 23180 gi|27 12410 15064 
1440 930 gi|27 12410 12524 
1442 22111 gi|27 12505 15064 
1371 763 gi|27 12810 13629 
1383 284 gi|27 14091 14322 
1444 2007 gi|27 14803 15065 
491 323 gi|27 17754 17893 
499 267 gi|27 17781 17893 
781 1002 gi|27 21681 22874 
913 45501 gi|27 24568 29375 
915 398 gi|27 24817 24941 
1446 1139 gi|27 26008 27016 
1448 1180 gi|27 26129 27013 
1450 454 gi|27 26129 26821 
923 41552 gi|27 30617 35002 
1452 335 gi|27 33064 33303 
143 277 gi|27 33176 33295 
1524 354 gi|28 65 484 
1241 423 gi|28 1717 1873 
1526 302 gi|28 9382 9526 
1528 5669 gi|28 9746 11117 
1449 1180 gi|28 9830 10717 
919 1180 gi|28 9830 10717 
1530 343 gi|28 10130 10702 
1532 699 gi|28 11942 12884 
1534 674 gi|28 14352 14580 
1429 406 gi|28 15503 15622 
1427 447 gi|28 15609 15728 
1425 227978 gi|28 15716 40245 
1536 318 gi|28 18930 18994 
901 352 gi|28 20672 21061 
1538 983 gi|28 22771 24738 
1540 464 gi|28 24407 24738 
937 439 gi|28 24407 24738 
855 488 gi|28 25298 25704 
283 628 gi|28 26539 27190 
287 381 gi|28 27403 27554 
117 22789 gi|28 28078 30745 
1542 22939 gi|28 28087 30740 
789 22707 gi|28 28088 30743 
1544 23180 gi|28 28088 30742 
1546 930 gi|28 28088 28202 
1548 22111 gi|28 28183 30742 
1369 763 gi|28 28488 29307 
1381 284 gi|28 29769 30000 
1550 2007 gi|28 30481 30743 
489 323 gi|28 33432 33571 
497 267 gi|28 33459 33571 
779 1002 gi|28 37359 38552 
1193 541 gi|29 900 1795 
263 343 gi|29 5654 6148 
1552 519 gi|29 5670 6148 
1554 360 gi|29 5674 6148 
1497 304 gi|29 5710 6150 
1556 285 gi|29 5745 6149 
1037 763 gi|29 5748 6380 
509 360 gi|29 5769 5950 
1558 254 gi|29 6056 6145 
627 276 gi|29 6069 6175 
1560 289 gi|29 6069 6145 
1135 276 gi|29 6070 6152 
515 286 gi|29 9865 10006 
1562 253 gi|29 12750 12818 
1564 254 gi|29 12772 12818 
667 254 gi|29 12772 12818 
443 662 gi|29 13087 14048 
1566 397 gi|29 13109 13978 
1568 265 gi|29 13188 13292 
319 302 gi|29 13278 13781 
1177 353 gi|29 15056 15254 
1570 712 gi|29 16475 17254 
1572 300 gi|29 17757 17917 
1574 328 gi|29 17793 18119 
1576 335 gi|29 17850 18193 
1578 273 gi|29 17985 18080 
1580 844 gi|29 20088 20674 
1582 578 gi|29 20104 20663 
1584 1450 gi|29 20107 22234 
1586 312 gi|29 21700 21961 
1588 289 gi|29 21702 22210 
907 354 gi|29 23848 24301 
1005 456 gi|29 27990 28429 
747 13171 gi|29 28413 30087 
1590 447 gi|29 28484 28574 
377 317 gi|29 28484 28528 
739 416 gi|29 28489 28574 
1592 13160 gi|29 28490 30135 
1596 13054 gi|29 28490 30102 
1594 441 gi|29 28490 28574 
1598 286 gi|29 28490 28525 
361 3334 gi|29 30089 30801 
733 375 gi|29 30733 30833 
1600 358 gi|29 30733 30801 
1602 358 gi|29 30733 30801 
1606 354 gi|29 30764 30831 
753 301 gi|29 30764 30804 
1604 323 gi|29 30764 30802 
1608 316 gi|29 30766 30805 
475 18163 gi|29 30821 33063 
355 18144 gi|29 30823 33074 
1415 530 gi|29 30983 31395 
867 314 gi|29 38065 38357 
1001 565 gi|29 38964 39168 
1610 272 gi|29 40144 40212 
939 287 gi|29 40144 40212 
110 305 gi|3 2093 2413 
112 284 gi|3 2220 2296 
114 529 gi|3 3076 3509 
116 22789 gi|3 5967 8645 
118 22789 gi|3 5967 8645 
122 22520 gi|3 5973 8642 
120 23010 gi|3 5973 8640 
124 22792 gi|3 5977 8649 
126 930 gi|3 5977 6091 
128 22146 gi|3 6072 8640 
130 875 gi|3 6374 7207 
132 325 gi|3 7669 7900 
134 2083 gi|3 8381 8641 
136 564 gi|3 11446 12213 
138 256 gi|3 14023 14200 
140 360 gi|3 14133 14429 
142 277 gi|3 14713 14825 
144 277 gi|3 14713 14825 
146 373 gi|3 16360 16463 
148 268 gi|3 20704 20843 
150 330 gi|3 27782 28014 
152 252 gi|3 28698 28811 
1101 795 gi|30 941 1686 
399 279 gi|30 967 1302 
383 630 gi|30 1006 1619 
1612 607 gi|30 1015 1651 
1614 516 gi|30 1015 1161 
1333 555 gi|30 1016 1303 
1616 368 gi|30 1042 1317 
1117 394 gi|30 1048 1419 
1618 255 gi|30 1594 1664 
1327 268 gi|30 2829 3136 
1620 410 gi|30 2836 3098 
405 270 gi|30 2843 3134 
1119 593 gi|30 2852 3281 
1035 425 gi|30 3011 3472 
395 418 gi|30 3027 3484 
1622 258 gi|30 3028 3103 
1559 254 gi|30 3030 3120 
1624 253 gi|30 3030 3108 
265 307 gi|30 3030 3105 
1626 253 gi|30 6388 6483 
1628 1196 gi|30 7163 7875 
1630 1247 gi|30 7173 7950 
1632 349 gi|30 7558 7810 
1634 319 gi|30 34028 34136 
1636 354 gi|30 35942 36391 
1638 2489 gi|30 37012 38691 
985 296 gi|30 37132 37382 
1640 291 gi|30 37252 37380 
553 329 gi|30 37262 37388 
1307 263 gi|30 37276 37380 
261 338 gi|30 37288 37440 
1403 279 gi|30 37288 37392 
641 282 gi|30 37288 37392 
1642 280 gi|30 37288 37382 
979 459 gi|30 38141 38397 
1644 326 gi|30 38171 38385 
1646 299 gi|30 38173 38573 
1648 329 gi|30 38174 38481 
1221 330 gi|30 38196 38387 
1151 251 gi|30 38200 38398 
1650 640 gi|30 38203 38568 
1293 275 gi|30 38278 38609 
551 331 gi|30 38290 38390 
721 380 gi|30 39172 39391 
1652 415 gi|31 2900 3155 
1654 310 gi|31 2913 3171 
1656 436 gi|31 2927 3171 
1265 422 gi|31 2929 3158 
1658 296 gi|31 3023 3155 
587 360 gi|31 3028 3171 
1527 302 gi|31 3381 3510 
871 250 gi|31 4242 4392 
1660 2668 gi|31 4507 4806 
1662 2633 gi|31 4507 4806 
821 15430 gi|31 4509 6193 
851 15377 gi|31 4521 6193 
313 2648 gi|31 4521 4806 
993 2648 gi|31 4521 4806 
659 4323 gi|31 4525 5056 
1664 289 gi|31 4525 4572 
1565 254 gi|31 4540 4590 
1666 11596 gi|31 4913 6186 
1668 266 gi|31 9984 10106 
1083 275 gi|31 10342 10509 
1509 334 gi|31 10343 10415 
1670 1522 gi|31 11167 12416 
1672 1201 gi|31 11174 12572 
1674 267 gi|31 11179 11282 
1676 5773 gi|31 11210 12842 
563 3579 gi|31 11211 12878 
1678 4699 gi|31 11267 12909 
1680 5889 gi|31 11268 12841 
33 1088 gi|31 11321 11812 
1267 2609 gi|31 11326 12837 
1682 2390 gi|31 11365 12838 
1684 1495 gi|31 11421 12706 
1686 1279 gi|31 11603 11911 
1477 656 gi|31 11774 11920 
63 823 gi|31 11919 12287 
1688 1867 gi|31 12116 12843 
79 526 gi|31 12301 12841 
1690 260 gi|31 13945 14056 
1692 401 gi|31 13951 14092 
1694 266 gi|31 14626 14778 
1189 267 gi|31 17507 17704 
1696 250 gi|31 18371 18597 
1698 301 gi|31 18380 18598 
393 256 gi|31 18521 18634 
1351 284 gi|31 18876 19020 
1017 251 gi|31 18878 18936 
1700 486 gi|31 19137 19643 
1702 312 gi|31 19170 19565 
507 368 gi|31 19217 19796 
617 382 gi|31 19244 19612 
1053 283 gi|31 19279 19483 
185 366 gi|31 19302 19640 
1229 299 gi|31 19351 19482 
1077 258 gi|31 19378 19476 
1395 276 gi|31 19380 19545 
1706 305 gi|31 19380 19520 
1704 353 gi|31 19380 19499 
1349 269 gi|31 19380 19498 
255 253 gi|31 19380 19479 
1708 367 gi|31 19382 19554 
1317 259 gi|31 19383 19470 
1173 285 gi|31 19435 19519 
1461 270 gi|31 19690 19844 
1710 261 gi|31 19768 19823 
193 258 gi|31 20863 20962 
1529 5669 gi|31 21609 22976 
1447 1139 gi|31 22009 23039 
917 1139 gi|31 22009 23039 
1712 547 gi|31 22060 22898 
1505 273 gi|31 25552 25649 
1523 250 gi|31 25583 25641 
1714 269 gi|31 26290 26559 
885 688 gi|31 26380 26452 
1716 262 gi|31 26388 26557 
775 434 gi|31 26437 26528 
889 434 gi|31 26437 26528 
883 791 gi|31 26455 26554 
887 29825 gi|31 26467 29946 
1718 701 gi|31 26626 26712 
693 276 gi|31 26634 26711 
1720 685 gi|31 26634 26707 
777 499 gi|31 29886 29946 
761 258 gi|31 29952 29995 
895 258 gi|31 29952 29995 
891 17436 gi|31 29953 32083 
759 17301 gi|31 29953 31927 
767 287 gi|31 31704 31742 
893 287 gi|31 31704 31742 
1279 384 gi|31 32781 32903 
1722 337 gi|31 33129 33258 
155 2584 gi|31 33434 34403 
1724 1886 gi|31 36993 38159 
1726 1560 gi|31 37056 38145 
725 679 gi|31 39707 40112 
1535 674 gi|32 6574 6804 
1728 302 gi|32 8267 8484 
1730 280 gi|32 8506 8595 
1139 333 gi|32 8507 8850 
1732 926 gi|32 8860 8989 
803 875 gi|32 8873 8989 
127 930 gi|32 8874 8989 
1441 930 gi|32 8874 8989 
1547 930 gi|32 8874 8989 
1734 925 gi|32 8874 8989 
1736 11651 gi|32 8967 10220 
1738 11265 gi|32 8975 10234 
353 11653 gi|32 8982 10220 
441 11238 gi|32 8982 10220 
1740 22888 gi|32 10221 12809 
787 22358 gi|32 10221 12806 
1742 22134 gi|32 10221 12804 
1443 22111 gi|32 10221 12803 
1549 22111 gi|32 10221 12803 
129 22146 gi|32 10221 12801 
1363 790 gi|32 10525 10926 
1373 287 gi|32 11138 11357 
1377 284 gi|32 11838 12069 
1744 2054 gi|32 12515 12806 
1746 292 gi|32 12795 13057 
1141 335 gi|32 12906 13139 
1387 323 gi|32 13569 13785 
1533 699 gi|32 15358 16291 
751 376 gi|32 16879 16988 
1591 447 gi|32 16900 16988 
1748 14823 gi|32 16904 18548 
363 375 gi|32 16904 16966 
743 14796 gi|32 16905 18579 
1750 385 gi|32 16905 16988 
1603 358 gi|32 16905 16966 
1752 275 gi|32 16905 16939 
1597 13054 gi|32 16929 18547 
1754 367 gi|32 18463 18547 
745 356 gi|32 18463 18547 
369 313 gi|32 18502 18547 
1607 354 gi|32 18510 18575 
1756 296 gi|32 18512 18547 
1758 678 gi|32 20932 21036 
281 299 gi|32 21745 21828 
1760 753 gi|32 21746 21881 
853 11577 gi|32 22453 23728 
1667 11596 gi|32 22453 23727 
823 11594 gi|32 22453 23726 
669 1111 gi|32 22453 22596 
425 278 gi|32 23692 23735 
1463 320 gi|32 23795 23918 
517 365 gi|32 26853 26961 
1762 2831 gi|32 31647 33584 
813 3823 gi|32 31731 33326 
1627 253 gi|32 32808 32896 
1764 369 gi|32 33425 33578 
1695 266 gi|32 33944 34089 
1766 466 gi|32 34317 34525 
1768 627 gi|32 34635 35276 
1575 328 gi|32 35315 35646 
1361 294 gi|32 37362 37556 
1021 303 gi|32 38627 38897 
1770 483 gi|32 38632 38850 
1059 585 gi|32 38653 38825 
1057 284 gi|32 39266 39436 
1772 455 gi|33 12728 13012 
1774 255 gi|33 12865 13016 
1359 280 gi|33 12935 13000 
1776 251 gi|33 13703 13850 
1778 274 gi|33 13821 14048 
1780 412 gi|33 13844 14263 
1782 273 gi|33 14003 14052 
1357 273 gi|33 14154 14238 
1784 317 gi|33 14368 14643 
1786 336 gi|33 14388 14558 
1417 288 gi|33 14852 15138 
1525 354 gi|33 18860 19294 
1788 1155 gi|33 19652 20552 
337 1097 gi|33 19764 20642 
1790 526 gi|33 19779 20126 
297 687 gi|33 19788 20258 
1792 807 gi|33 19807 20269 
91 517 gi|33 20128 20277 
1794 299 gi|33 24029 24122 
941 286 gi|33 24029 24122 
1453 335 gi|33 25716 25942 
925 335 gi|33 25716 25942 
1796 2372 gi|33 28609 28903 
1798 2387 gi|33 29717 30016 
583 1400 gi|33 30953 31319 
1800 688 gi|33 30983 31294 
1802 602 gi|33 31002 31333 
1273 986 gi|33 31010 31335 
1687 1279 gi|33 31010 31321 
47 811 gi|33 31018 31219 
1804 1761 gi|33 31021 31329 
1806 594 gi|33 31061 31339 
1483 879 gi|33 31173 31325 
67 461 gi|33 31300 31436 
1689 1867 gi|33 31310 32039 
565 1135 gi|33 31312 32063 
1808 316 gi|33 31331 31796 
1810 1845 gi|33 31332 32034 
75 766 gi|33 31515 32044 
1277 791 gi|33 31648 32048 
1812 481 gi|33 31721 32110 
577 3736 gi|33 32267 33925 
1814 1618 gi|33 32279 33918 
27 1095 gi|33 32279 32880 
1255 2655 gi|33 32315 33800 
1816 834 gi|33 32321 33713 
1681 5889 gi|33 32329 33918 
1818 5312 gi|33 32339 33971 
1820 1740 gi|33 32340 33920 
1475 824 gi|33 32834 32988 
53 793 gi|33 32966 33296 
81 690 gi|33 33444 33935 
1822 5455 gi|33 34163 35832 
569 3911 gi|33 34165 35837 
1677 5773 gi|33 34170 35812 
1824 1976 gi|33 34172 35886 
1826 2067 gi|33 34236 35809 
1263 3014 gi|33 34286 35803 
35 1278 gi|33 34316 34773 
1828 977 gi|33 34376 35148 
1473 867 gi|33 34727 34881 
51 886 gi|33 34859 35189 
69 789 gi|33 35241 35830 
579 3064 gi|33 36013 37646 
1830 1024 gi|33 36073 36902 
1653 415 gi|33 36132 36384 
1683 2390 gi|33 36201 37680 
1832 2140 gi|33 36239 37694 
1271 2149 gi|33 36239 37672 
1834 1135 gi|33 36248 37367 
1836 1209 gi|33 36257 37018 
43 775 gi|33 36326 36650 
1469 378 gi|33 36626 36754 
65 333 gi|33 36756 37070 
1838 419 gi|33 37180 37590 
85 297 gi|33 37385 37680 
1637 354 gi|33 38550 39017 
1840 272 gi|33 40078 40243 
1619 255 gi|33 40173 40243 
1842 330 gi|34 2061 2203 
1183 566 gi|34 4249 4505 
1844 326 gi|34 5769 5910 
1313 408 gi|34 8739 8972 
1095 359 gi|34 8784 9419 
179 472 gi|34 8817 9042 
19 437 gi|34 8828 9416 
171 328 gi|34 9257 9462 
159 382 gi|34 10243 10997 
1179 714 gi|34 10315 10806 
15 550 gi|34 10382 10818 
1311 287 gi|34 10578 10799 
877 356 gi|34 10613 10816 
1846 253 gi|34 17517 17567 
1848 256 gi|34 19831 20012 
1733 926 gi|34 27146 27282 
795 22609 gi|34 27167 29835 
125 22792 gi|34 27168 29847 
1439 23180 gi|34 27168 29839 
1545 23180 gi|34 27168 29839 
1850 23020 gi|34 27168 29836 
1743 22134 gi|34 27263 29839 
1367 774 gi|34 27573 28405 
1379 281 gi|34 28867 29097 
1852 2100 gi|34 29551 29881 
1797 2372 gi|34 34683 34978 
1799 2387 gi|34 34685 34984 
837 4054 gi|34 35942 36777 
807 476 gi|34 38330 38476 
897 556 gi|34 38630 39136 
137 564 gi|35 601 1358 
1864 265 gi|35 4084 4213 
103 324 gi|35 10433 10868 
1866 487 gi|35 10478 10867 
1868 310 gi|35 10497 10910 
943 261 gi|35 12717 12811 
111 305 gi|35 12726 13054 
1870 597 gi|35 24015 24443 
1872 256 gi|35 27353 27485 
1874 285 gi|35 27698 27918 
1876 272 gi|35 29748 30058 
571 1824 gi|35 31668 33348 
1825 1976 gi|35 31673 33395 
1815 1618 gi|35 31673 33333 
1831 1024 gi|35 31711 32528 
1261 1332 gi|35 31743 33333 
1655 310 gi|35 31776 32024 
1878 1758 gi|35 31871 33394 
1685 1495 gi|35 31880 33192 
1880 1788 gi|35 31880 32859 
1882 1058 gi|35 31880 32563 
41 744 gi|35 31948 32308 
1803 602 gi|35 32046 32388 
1481 271 gi|35 32262 32381 
61 267 gi|35 32376 32665 
1839 419 gi|35 32815 33237 
1813 481 gi|35 32991 33396 
1567 397 gi|35 34048 34916 
445 1410 gi|35 34295 34914 
317 430 gi|35 34445 34830 
419 385 gi|35 34452 34758 
1884 255 gi|35 36888 37072 
1886 252 gi|35 37433 37612 
1888 265 gi|35 38036 38313 
1890 358 gi|35 38094 38330 
703 326 gi|35 38183 38313 
1579 273 gi|35 39159 39256 
1571 712 gi|35 39475 40245 
495 250 gi|36 3428 3561 
1854 266 gi|36 6316 6452 
713 283 gi|36 13879 14235 
911 257 gi|36 14579 14753 
715 367 gi|36 14637 14773 
683 440 gi|36 16397 16474 
685 5732 gi|36 18611 19865 
5 251 gi|36 19850 19996 
3 1822 gi|36 22702 24090 
899 279 gi|36 24138 24297 
1856 615 gi|36 31466 32093 
1869 310 gi|36 35768 36208 
1858 408 gi|36 35773 36006 
1765 369 gi|36 39991 40144 
1860 416 gi|36 40049 40138 
1862 2623 gi|37 1 281 
1938 774 gi|38 972 1183 
1875 285 gi|38 4008 4237 
727 252 gi|38 4208 4272 
1873 256 gi|38 4294 4423 
859 542 gi|38 5915 6367 
681 271 gi|38 9484 9813 
1283 253 gi|38 17633 17799 
1940 473 gi|38 17633 17753 
1723 337 gi|38 17638 17762 
1691 260 gi|38 17654 17765 
121 23010 gi|38 17976 20643 
1437 22939 gi|38 17979 20643 
1543 22939 gi|38 17979 20643 
1851 23020 gi|38 17980 20642 
793 23435 gi|38 17980 20641 
1735 925 gi|38 17980 18094 
1741 22888 gi|38 18075 20651 
1365 774 gi|38 18378 18779 
1375 287 gi|38 18991 19210 
1385 260 gi|38 19685 19903 
1942 2001 gi|38 20384 20643 
1737 11651 gi|38 21012 22269 
435 11283 gi|38 21025 22282 
351 11680 gi|38 21026 22273 
1944 433 gi|38 22409 22580 
1335 739 gi|38 22411 22700 
381 1133 gi|38 22413 23062 
1613 607 gi|38 22422 23058 
1103 795 gi|38 22422 22700 
1621 410 gi|38 22439 22701 
1125 298 gi|38 22483 22839 
1111 623 gi|38 22863 23130 
197 260 gi|38 22989 23108 
1113 469 gi|38 24152 24856 
401 701 gi|38 24180 24915 
1109 264 gi|38 24228 24671 
1329 393 gi|38 24243 24516 
1946 353 gi|38 24243 24509 
1617 368 gi|38 24245 24514 
1948 393 gi|38 24302 24503 
1227 329 gi|38 24360 24502 
391 284 gi|38 24397 24505 
1950 282 gi|38 24398 24540 
631 251 gi|38 24403 24509 
1301 256 gi|38 24404 24503 
981 300 gi|38 24404 24502 
1457 312 gi|38 24406 24535 
1561 289 gi|38 24426 24502 
1407 253 gi|38 24453 24499 
1011 284 gi|38 25606 25689 
349 11296 gi|38 26115 27406 
437 11701 gi|38 26153 27412 
1739 11265 gi|38 26154 27413 
869 317 gi|38 27559 27753 
873 369 gi|38 27609 27744 
709 254 gi|38 27837 27901 
809 549 gi|38 30289 31115 
1287 577 gi|38 34057 34589 
1952 609 gi|38 34067 34699 
525 270 gi|38 34073 34345 
1954 389 gi|38 34074 34586 
1956 1246 gi|38 34080 34877 
1555 360 gi|38 34087 34570 
219 1477 gi|38 34089 34795 
1958 2109 gi|38 34096 34813 
1960 530 gi|38 34104 34585 
959 709 gi|38 34148 34717 
1962 629 gi|38 34152 34753 
1211 985 gi|38 34155 34700 
1145 410 gi|38 34282 34805 
629 595 gi|38 34282 34590 
1393 508 gi|38 34327 34591 
1649 329 gi|38 34404 34699 
537 429 gi|38 34432 34614 
1707 305 gi|38 34451 34590 
1045 376 gi|38 34456 34666 
1964 254 gi|38 34474 34766 
1129 262 gi|38 34494 34624 
1966 264 gi|38 34495 34666 
1968 435 gi|38 35030 35332 
271 340 gi|38 35058 35284 
1970 302 gi|38 35714 36159 
1972 449 gi|38 35814 36300 
267 487 gi|38 35820 36155 
1974 434 gi|38 35854 36317 
1976 319 gi|38 35882 36171 
1239 277 gi|38 35923 36185 
1007 254 gi|38 36980 37078 
701 316 gi|38 38697 39061 
1065 303 gi|38 38697 38797 
1889 265 gi|38 38720 38982 
1978 315 gi|38 38873 38993 
1980 1285 gi|38 39874 40245 
1982 1145 gi|38 39875 40245 
1791 526 gi|38 39901 40245 
299 530 gi|38 39911 40236 
1916 327 gi|39 1807 1967 
291 551 gi|39 9590 10098 
1789 1155 gi|39 10388 11307 
93 1314 gi|39 10398 10808 
293 920 gi|39 10496 11146 
339 827 gi|39 10556 11146 
1981 1285 gi|39 10811 11182 
1777 251 gi|39 11659 11825 
99 1040 gi|39 11877 12259 
341 651 gi|39 12101 12599 
1793 807 gi|39 12125 12587 
295 916 gi|39 12128 12599 
1983 1145 gi|39 12268 12638 
1779 274 gi|39 13002 13227 
1787 336 gi|39 13070 13249 
1783 273 gi|39 13186 13238 
1918 2130 gi|39 16478 17291 
1191 282 gi|39 16691 17104 
1015 658 gi|39 18732 19159 
1920 533 gi|39 22628 22979 
933 539 gi|39 22628 22979 
1433 983 gi|39 22634 24566 
1539 983 gi|39 22634 24566 
485 2149 gi|39 25374 26930 
487 677 gi|39 25381 26004 
493 285 gi|39 26352 26693 
1853 2100 gi|39 27628 27962 
785 2067 gi|39 27662 27926 
1745 2054 gi|39 27663 27962 
1445 2007 gi|39 27664 27926 
1551 2007 gi|39 27664 27926 
135 2083 gi|39 27666 27926 
1943 2001 gi|39 27667 27926 
1019 384 gi|39 27936 28215 
1922 327 gi|39 27936 28184 
1924 327 gi|39 27962 28196 
233 294 gi|39 28000 28229 
1926 285 gi|39 33724 33849 
805 254 gi|39 35434 35555 
1930 252 gi|39 36529 36629 
301 289 gi|39 36529 36616 
845 296 gi|39 36529 36612 
653 272 gi|39 36529 36577 
1665 289 gi|39 36529 36575 
1928 289 gi|39 36529 36575 
833 289 gi|39 36529 36575 
999 289 gi|39 36529 36575 
1932 688 gi|39 38254 38479 
1251 784 gi|39 38255 38479 
1245 9617 gi|39 38496 39699 
1934 1776 gi|39 38754 38975 
1936 4921 gi|39 39053 39681 
0 266 gi|4 2534 2701 
2 1822 gi|4 5204 6587 
4 251 gi|4 8129 8276 
6 293 gi|4 15611 15820 
8 368 gi|4 17707 18112 
10 512 gi|4 17716 18048 
165 1115 gi|4 17814 18431 
12 430 gi|4 17823 18043 
14 550 gi|4 17864 18312 
16 390 gi|4 17879 18423 
18 437 gi|4 19285 19870 
20 355 gi|4 19653 19869 
181 276 gi|4 19736 19855 
22 2006 gi|4 20561 22070 
24 1972 gi|4 20561 22070 
107 276 gi|4 23233 23373 
26 1095 gi|4 24636 25178 
28 1245 gi|4 24700 25178 
30 1088 gi|4 24702 25185 
32 1088 gi|4 24732 25178 
34 1278 gi|4 24768 25178 
36 917 gi|4 24849 25197 
40 744 gi|4 24858 25217 
38 569 gi|4 24858 25179 
42 775 gi|4 24859 25186 
44 604 gi|4 24870 25179 
46 811 gi|4 24977 25178 
48 432 gi|4 25155 25450 
54 611 gi|4 25160 25537 
50 886 gi|4 25160 25474 
52 793 gi|4 25160 25474 
56 487 gi|4 25165 25461 
58 307 gi|4 25167 25257 
60 267 gi|4 25172 25437 
62 823 gi|4 25174 25536 
64 333 gi|4 25178 25483 
66 461 gi|4 25350 25486 
68 789 gi|4 25408 26003 
70 1066 gi|4 25427 26038 
72 337 gi|4 25446 25800 
74 766 gi|4 25453 25989 
76 388 gi|4 25460 25989 
78 526 gi|4 25469 25984 
80 690 gi|4 25517 26007 
82 490 gi|4 25665 25976 
84 297 gi|4 25696 25985 
86 1059 gi|4 30151 30845 
88 262 gi|4 31202 31451 
1577 335 gi|40 1742 2084 
1573 300 gi|40 2117 2272 
1671 1522 gi|40 2206 3458 
1892 864 gi|40 2280 3814 
1894 1926 gi|40 2308 3894 
575 1744 gi|40 2314 3902 
1821 1740 gi|40 2314 3894 
1827 2067 gi|40 2321 3890 
1259 1652 gi|40 2323 3893 
1835 1135 gi|40 2457 3564 
1881 1788 gi|40 2466 3430 
45 604 gi|40 2546 2867 
1801 688 gi|40 2623 2929 
1635 319 gi|40 2884 2997 
49 432 gi|40 2945 3246 
1809 316 gi|40 3179 3626 
73 337 gi|40 3344 3686 
149 268 gi|40 3610 3741 
1896 783 gi|40 3877 5168 
1569 265 gi|40 5648 5767 
347 260 gi|40 6992 7085 
1321 269 gi|40 8623 8672 
1489 551 gi|40 9613 10087 
1487 342 gi|40 9890 10115 
1485 268 gi|40 10565 10714 
1898 257 gi|40 10831 10978 
113 284 gi|40 10917 11000 
881 368 gi|40 11385 11746 
689 333 gi|40 11459 11607 
1717 262 gi|40 11506 11674 
1721 685 gi|40 11531 11604 
1715 269 gi|40 11575 11852 
691 331 gi|40 11739 11862 
1719 701 gi|40 11786 11868 
1763 2831 gi|40 12937 14913 
815 2921 gi|40 12956 14641 
1861 416 gi|40 14766 14855 
1091 275 gi|40 19639 19772 
1061 454 gi|40 23590 23759 
1323 320 gi|40 23594 23820 
1771 483 gi|40 23596 23811 
1023 422 gi|40 23602 23814 
1900 251 gi|40 23678 23844 
1087 322 gi|40 23923 24010 
105 283 gi|40 25166 25511 
1871 597 gi|40 25205 25625 
1867 487 gi|40 25209 25602 
1859 408 gi|40 25231 25452 
431 11940 gi|41 901 2267 
1341 348 gi|41 3148 3247 
1897 783 gi|41 5345 6618 
447 2227 gi|41 15267 16027 
449 594 gi|41 16659 17207 
1902 277 gi|41 17509 17688 
1904 262 gi|41 17523 17596 
735 289 gi|41 19060 19120 
375 299 gi|41 19060 19099 
755 309 gi|41 19064 19154 
1609 316 gi|41 19064 19103 
1599 286 gi|41 19064 19099 
1757 296 gi|41 19064 19099 
1906 291 gi|41 19064 19099 
1753 275 gi|41 19065 19099 
1908 266 gi|41 19065 19099 
1910 395 gi|41 20882 20986 
1912 2035 gi|41 21034 22432 
1249 5206 gi|41 37379 38010 
1937 4921 gi|41 37389 38009 
1933 688 gi|41 37392 37633 
1247 1789 gi|41 38007 38235 
1935 1776 gi|41 38007 38235 
1243 1336 gi|41 38210 38366 
1914 1320 gi|41 38412 39539 
593 2685 gi|41 38440 39540 
601 673 gi|42 764 1275 
1919 2130 gi|42 1666 2497 
603 503 gi|42 12477 12893 
1331 276 gi|42 15925 16103 
1203 453 gi|42 18462 18689 
1927 285 gi|42 19257 19385 
1419 251 gi|42 19661 19753 
1337 566 gi|42 19727 19928 
1945 433 gi|42 19753 19924 
1105 339 gi|42 19766 19930 
387 371 gi|42 19766 19927 
1615 516 gi|42 19766 19912 
397 275 gi|42 19973 20067 
415 289 gi|42 19976 20068 
469 365 gi|42 21528 21718 
467 320 gi|42 22182 22452 
465 385 gi|42 23163 23453 
461 353 gi|42 23782 24440 
251 317 gi|42 27477 27685 
2012 272 gi|42 27529 27765 
1315 259 gi|42 27531 27754 
1123 266 gi|42 27545 27792 
2014 317 gi|42 27553 27718 
559 279 gi|42 27556 27661 
989 293 gi|42 27561 27744 
1511 282 gi|42 27577 27743 
651 365 gi|42 29435 29657 
521 313 gi|42 32099 32406 
1163 362 gi|42 32133 32643 
227 475 gi|42 32146 32777 
1961 530 gi|42 32147 32643 
2016 490 gi|42 32179 32727 
2018 433 gi|42 32179 32643 
953 426 gi|42 32180 32727 
1521 253 gi|42 32192 32467 
1557 285 gi|42 32213 32629 
2020 302 gi|42 32216 32729 
1225 387 gi|42 32241 32727 
2022 251 gi|42 32494 32628 
2024 331 gi|42 32535 32727 
2026 332 gi|42 32537 32643 
1199 255 gi|42 32541 32681 
561 288 gi|42 32549 32719 
1305 277 gi|42 32552 32643 
1405 407 gi|42 32552 32643 
1623 258 gi|42 32552 32624 
673 256 gi|42 34533 34645 
1775 255 gi|42 39039 39193 
2028 314 gi|42 39041 39180 
927 157276 gi|43 1 16966 
1081 349 gi|43 1534 1653 
1143 555 gi|43 2656 3092 
1921 533 gi|43 2673 3020 
1435 464 gi|43 2675 3006 
1541 464 gi|43 2675 3006 
1611 272 gi|43 6061 6150 
23 2006 gi|43 11857 13354 
1795 299 gi|43 12125 12224 
945 2280 gi|43 17987 18236 
947 60529 gi|43 19537 25962 
1863 2623 gi|43 25963 26244 
1845 326 gi|43 34868 35019 
1903 277 gi|43 36443 36621 
1984 1371 gi|44 1397 1935 
1986 802 gi|44 1940 2269 
1761 753 gi|44 2331 2449 
1187 17035 gi|44 3935 5866 
863 291 gi|44 8501 8768 
1339 5848 gi|44 15785 19246 
1988 258 gi|44 23170 23250 
1877 272 gi|44 26193 26513 
1071 1869 gi|44 26797 27017 
1465 1552 gi|44 27045 27373 
343 367 gi|44 27363 27435 
371 333 gi|44 32223 32281 
737 14935 gi|44 32235 33880 
1749 14823 gi|44 32235 33879 
1605 323 gi|44 32235 32273 
1593 13160 gi|44 32236 33903 
1751 385 gi|44 32236 32320 
741 356 gi|44 32236 32320 
1907 291 gi|44 32236 32271 
1595 441 gi|44 33795 33878 
1755 367 gi|44 33795 33878 
749 338 gi|44 33795 33878 
365 390 gi|44 33817 33880 
1601 358 gi|44 33817 33878 
1909 266 gi|44 33844 33878 
1585 1450 gi|44 34997 37135 
1583 578 gi|44 35012 35555 
2023 251 gi|44 35296 35421 
1669 266 gi|44 35335 35458 
1990 924 gi|44 36550 37130 
1501 268 gi|44 36569 36709 
1711 261 gi|44 36595 36650 
1992 273 gi|44 36621 36671 
1587 312 gi|44 36874 37131 
253 284 gi|44 36920 37045 
189 288 gi|44 37464 37912 
963 266 gi|44 37646 37931 
1994 267 gi|44 37764 37913 
1345 256 gi|44 37817 37931 
1781 412 gi|44 39267 39670 
2029 314 gi|44 39276 39415 
1773 455 gi|44 39278 39571 
1785 317 gi|44 39278 39547 
1467 302 gi|45 1863 2009 
1421 2547 gi|45 3916 4968 
1423 2430 gi|45 5361 6384 
1899 257 gi|45 5854 6006 
1503 267 gi|45 6539 6659 
237 335 gi|45 6680 7105 
1967 264 gi|45 6901 7072 
1996 288 gi|45 6969 7072 
1031 256 gi|45 13640 13722 
1759 678 gi|45 16220 16339 
599 375 gi|45 16994 17600 
421 2054 gi|45 21847 22152 
1849 256 gi|45 22645 22826 
423 1969 gi|45 22836 23083 
1153 365 gi|45 23468 23723 
2021 302 gi|45 23474 23987 
1969 435 gi|45 26584 26871 
1998 501 gi|45 26711 27862 
217 1906 gi|45 27086 28624 
2000 289 gi|45 27259 27850 
1975 434 gi|45 27402 27869 
2002 921 gi|45 27427 28686 
1289 828 gi|45 27894 28612 
1553 519 gi|45 27912 28399 
1959 2109 gi|45 27925 28643 
2019 433 gi|45 27970 28414 
2004 1581 gi|45 27989 28597 
535 626 gi|45 28005 28511 
961 1091 gi|45 28075 28531 
1039 452 gi|45 28118 28592 
2006 276 gi|45 28127 28594 
513 287 gi|45 28146 28586 
1215 1225 gi|45 28149 28528 
1923 327 gi|45 28253 28501 
2008 381 gi|45 28287 28582 
1127 318 gi|45 28291 28523 
1705 353 gi|45 28306 28419 
1391 551 gi|45 28308 28493 
1493 279 gi|45 28310 28474 
1201 279 gi|45 28316 28417 
1625 253 gi|45 28318 28396 
2010 419 gi|45 28319 28556 
1949 393 gi|45 28319 28529 
1155 390 gi|45 28319 28495 
1455 255 gi|45 28319 28417 
1645 326 gi|45 28320 28531 
633 428 gi|45 28320 28419 
1641 291 gi|45 28323 28451 
1079 252 gi|45 28323 28417 
1519 267 gi|45 28335 28421 
1675 267 gi|45 37816 37912 
1985 1371 gi|45 38290 38829 
1987 802 gi|45 38654 38983 
409 350 gi|46 1187 1721 
965 319 gi|46 1417 1825 
1647 299 gi|46 1422 1804 
1701 486 gi|46 1431 1943 
1041 499 gi|46 1469 1856 
225 359 gi|46 1555 1857 
2009 381 gi|46 1562 1857 
615 391 gi|46 1585 1854 
2030 290 gi|46 1586 1864 
1947 353 gi|46 1588 1863 
1147 309 gi|46 1592 1828 
1209 315 gi|46 1595 1833 
1075 251 gi|46 1598 1774 
1963 629 gi|46 2080 2687 
1709 367 gi|46 2342 2522 
1401 365 gi|46 2381 2520 
1925 327 gi|46 2384 2615 
2013 272 gi|46 2396 2623 
1049 274 gi|46 2419 2600 
555 266 gi|46 2421 2524 
1149 357 gi|46 2423 2634 
2011 419 gi|46 2424 2664 
983 323 gi|46 2425 2688 
2032 266 gi|46 2425 2605 
1233 393 gi|46 2425 2522 
223 295 gi|46 2426 2690 
1073 261 gi|46 2428 2603 
1697 250 gi|46 2434 2660 
1513 261 gi|46 2442 2586 
1823 5455 gi|46 6615 8294 
567 3214 gi|46 6617 8291 
1895 1926 gi|46 6674 8268 
1679 4699 gi|46 6680 8316 
1819 5312 gi|46 6681 8329 
29 1245 gi|46 6691 7222 
1657 436 gi|46 6730 6975 
1269 2521 gi|46 6742 8293 
1833 2140 gi|46 6813 8278 
1879 1758 gi|46 6822 8315 
1805 1761 gi|46 7024 7334 
1471 932 gi|46 7176 7330 
55 611 gi|46 7308 7709 
1811 1845 gi|46 7554 8262 
71 1066 gi|46 7714 8313 
1939 774 gi|46 10826 11034 
595 1621 gi|46 11661 12595 
1915 1320 gi|46 11663 12783 
1673 1201 gi|46 14313 15687 
1893 864 gi|46 14365 15879 
1817 834 gi|46 14383 15748 
581 1274 gi|46 14399 15745 
1257 1328 gi|46 14404 15231 
1829 977 gi|46 14539 15311 
1659 296 gi|46 14543 14675 
1837 1209 gi|46 14548 15306 
1883 1058 gi|46 14548 15243 
39 569 gi|46 14616 14940 
1807 594 gi|46 14781 15059 
1479 447 gi|46 14896 15045 
1917 327 gi|46 20764 20924 
1989 258 gi|46 21192 21297 
2034 254 gi|46 21217 21298 
1885 255 gi|46 25804 25988 
697 511 gi|46 25888 26594 
1887 252 gi|46 26406 26585 
1409 281 gi|46 26461 26565 
1891 358 gi|46 27230 27453 
2036 384 gi|46 27318 27454 
1411 307 gi|46 27319 27454 
1979 315 gi|46 27327 27453 
705 268 gi|46 27330 27440 
195 283 gi|46 29351 29416 
1515 281 gi|46 29541 29715 
1431 318 gi|46 30440 30504 
1537 318 gi|46 30440 30504 
427 406 gi|46 32514 32728 
429 267 gi|46 33761 33832 
1639 2489 gi|47 14 1710 
245 338 gi|47 56 498 
2007 276 gi|47 110 597 
2038 260 gi|47 228 564 
1299 272 gi|47 287 415 
977 409 gi|47 293 498 
1965 254 gi|47 303 598 
2025 331 gi|47 306 498 
547 370 gi|47 315 415 
1997 288 gi|47 392 498 
1499 343 gi|47 879 1173 
1841 272 gi|47 889 1065 
1955 389 gi|47 928 1467 
955 266 gi|47 1000 1566 
511 274 gi|47 1146 1641 
1223 438 gi|47 1177 1554 
1651 640 gi|47 1192 1554 
613 451 gi|47 1232 1634 
215 287 gi|47 1288 1689 
549 329 gi|47 1367 1615 
1051 271 gi|47 1368 1550 
1397 254 gi|47 1370 1470 
1309 332 gi|47 1375 1467 
1725 1886 gi|47 2293 3450 
1727 1560 gi|47 3673 4753 
1843 330 gi|47 5647 5786 
2035 254 gi|47 11675 11762 
1847 253 gi|47 11820 11870 
1991 924 gi|47 16431 17014 
1581 844 gi|47 16455 17036 
1589 289 gi|47 16481 17013 
1911 395 gi|47 18088 18192 
1913 2035 gi|47 18309 19641 
1855 266 gi|47 19462 19609 
847 2604 gi|47 21549 21847 
1661 2668 gi|47 21549 21844 
825 2652 gi|47 21549 21842 
311 2641 gi|47 21549 21835 
995 2641 gi|47 21549 21835 
661 2213 gi|47 21549 21830 
1929 289 gi|47 21783 21830 
2040 394 gi|47 21932 22479 
1633 349 gi|47 22239 22482 
1207 396 gi|47 22412 22526 
2003 921 gi|47 22675 23939 
2031 290 gi|47 22779 23059 
231 553 gi|47 22823 23873 
1291 548 gi|47 22835 23389 
2042 550 gi|47 22835 23234 
1217 950 gi|47 22841 23997 
1953 609 gi|47 22841 23470 
1157 302 gi|47 22885 23213 
637 520 gi|47 22952 23214 
969 402 gi|47 22952 23126 
1399 524 gi|47 22954 23275 
1643 280 gi|47 22954 23048 
2027 332 gi|47 22955 23061 
1971 302 gi|47 23654 24135 
591 7257 gi|47 25368 26693 
1531 343 gi|47 28378 28950 
1713 547 gi|47 28412 29255 
1451 454 gi|47 28549 29253 
921 454 gi|47 28549 29253 
1029 268 gi|47 32433 32474 
1901 251 gi|47 32990 33156 
1325 262 gi|47 33021 33163 
1027 298 gi|47 33075 33179 
1931 252 gi|47 33793 33880 
303 2618 gi|47 33801 34114 
843 2678 gi|47 33804 34114 
1663 2633 gi|47 33817 34114 
827 2624 gi|47 33821 34114 
1563 253 gi|47 33821 33898 
997 2617 gi|47 33829 34114 
663 2188 gi|47 33833 34114 
1865 265 gi|47 39559 39692 
1857 615 gi|48 2792 3417 
1063 412 gi|48 7286 7900 
841 253 gi|48 7958 8041 
1067 616 gi|48 8199 8506 
2037 384 gi|48 8279 8415 
1413 402 gi|48 8282 8562 
277 291 gi|48 9537 10000 
1767 466 gi|48 10312 10523 
1769 627 gi|48 10781 11431 
1693 401 gi|48 13216 13355 
1941 473 gi|48 13222 13342 
1281 419 gi|48 13224 13429 
1185 262 gi|48 15676 15806 
1253 313 gi|48 15898 15991 
1507 268 gi|48 20708 20790 
1993 273 gi|48 20755 20805 
1355 612 gi|48 21056 21390 
1343 833 gi|48 21086 22170 
331 262 gi|48 21152 21339 
1347 459 gi|48 21958 22182 
327 269 gi|48 21968 22119 
333 310 gi|48 22001 22181 
1729 302 gi|48 26433 26662 
1137 974 gi|48 26678 27443 
1731 280 gi|48 26882 26971 
1747 292 gi|48 27225 27514 
1285 539 gi|48 31842 32383 
1033 311 gi|48 31850 32362 
1213 865 gi|48 31856 32494 
523 570 gi|48 31868 32497 
1957 1246 gi|48 31877 32677 
235 1079 gi|48 31897 32500 
2017 490 gi|48 31918 32460 
957 725 gi|48 31945 32480 
2005 1581 gi|48 31954 32544 
2043 550 gi|48 32100 32499 
1703 312 gi|48 32193 32587 
1353 275 gi|48 32200 32406 
2039 260 gi|48 32203 32526 
1995 267 gi|48 32204 32362 
1951 282 gi|48 32242 32389 
611 301 gi|48 32243 32588 
191 255 gi|48 32252 32337 
1167 260 gi|48 32256 32367 
2015 317 gi|48 32280 32442 
1389 529 gi|48 32282 32518 
1197 262 gi|48 32285 32510 
2033 266 gi|48 32285 32465 
1491 330 gi|48 32285 32439 
1121 264 gi|48 32288 32527 
1699 301 gi|48 32293 32512 
1629 1196 gi|48 32753 33463 
1999 501 gi|48 32954 34101 
1973 449 gi|48 33601 34078 
1237 281 gi|48 33770 34098 
2001 289 gi|48 34161 34766 
1977 319 gi|48 34343 34635 
1631 1247 gi|48 34868 35646 
2041 394 gi|48 35009 35568 
1905 262 gi|48 36476 36556 
280 299 gi|5 2614 2699 
282 628 gi|5 13791 14456 
284 628 gi|5 13791 14456 
286 381 gi|5 14657 14808 
288 381 gi|5 14657 14808 
290 551 gi|5 15223 15729 
97 280 gi|5 18484 18795 
292 920 gi|5 18486 19145 
294 916 gi|5 18661 19141 
296 687 gi|5 18669 19145 
298 530 gi|5 18810 19144 
209 483 gi|5 21950 22181 
211 358 gi|5 22998 23238 
300 289 gi|5 23696 23781 
302 2618 gi|5 23699 24015 
304 2661 gi|5 23702 24015 
306 2682 gi|5 23714 24015 
308 2587 gi|5 23727 24015 
310 2641 gi|5 23729 24015 
312 2648 gi|5 23730 24015 
314 2227 gi|5 23734 24015 
205 457 gi|5 25496 25766 
213 388 gi|5 26469 26699 
316 430 gi|5 27287 27678 
318 302 gi|5 27373 27876 
320 267 gi|5 27398 27510 
207 583 gi|5 28449 28703 
322 261 gi|5 36479 36630 
324 269 gi|5 36504 36627 
326 269 gi|5 36543 36694 
328 690 gi|5 36880 37527 
330 262 gi|5 37305 37492 
332 310 gi|5 37318 37513 
334 317 gi|5 37867 37967 
336 1097 gi|5 38551 39438 
95 426 gi|5 38679 39060 
338 827 gi|5 38815 39414 
340 651 gi|5 38906 39410 
342 367 gi|5 39765 39842 
344 286 gi|5 39972 40135 
426 406 gi|6 1207 1436 
428 267 gi|6 2667 2732 
430 11940 gi|6 7099 8466 
432 285 gi|6 10486 10664 
434 11283 gi|6 11635 12892 
436 11701 gi|6 11637 12896 
438 11256 gi|6 11642 12884 
440 11238 gi|6 11646 12884 
442 662 gi|6 13116 14095 
444 1410 gi|6 13140 13762 
446 2227 gi|6 14074 14836 
448 594 gi|6 15471 16056 
450 259 gi|6 16298 16365 
452 294 gi|6 16778 17169 
454 462 gi|6 17845 18194 
456 411 gi|6 26114 26717 
458 561 gi|6 26278 26682 
460 353 gi|6 26812 27467 
462 269 gi|6 27774 27939 
464 385 gi|6 27793 28075 
466 320 gi|6 28813 29080 
468 365 gi|6 29556 29747 
470 332 gi|6 32795 32864 
472 253 gi|6 33151 33194 
474 18163 gi|6 34609 36850 
476 20853 gi|6 34611 36853 
478 544 gi|6 34769 35144 
480 482 gi|6 36966 37270 
346 260 gi|7 5118 5216 
348 11296 gi|7 6942 8221 
350 11680 gi|7 6977 8224 
439 11256 gi|7 6977 8219 
352 11653 gi|7 6981 8219 
354 18144 gi|7 12999 15250 
477 20853 gi|7 13007 15250 
356 561 gi|7 14716 15091 
358 251 gi|7 23607 23686 
360 3334 gi|7 25882 26601 
364 390 gi|7 26533 26603 
366 390 gi|7 26533 26603 
362 375 gi|7 26533 26602 
370 333 gi|7 26557 26618 
368 313 gi|7 26557 26601 
372 288 gi|7 26557 26601 
374 299 gi|7 26560 26601 
376 317 gi|7 26563 26610 
378 753 gi|7 30216 30546 
380 1133 gi|7 30248 30901 
382 630 gi|7 30248 30861 
384 1018 gi|7 30251 30942 
386 371 gi|7 30257 30418 
388 392 gi|7 30268 30850 
390 284 gi|7 30439 30547 
392 256 gi|7 30458 30568 
394 418 gi|7 30465 30922 
396 275 gi|7 30766 30861 
398 279 gi|7 31973 32316 
400 701 gi|7 31997 32729 
402 845 gi|7 32056 32698 
404 270 gi|7 32056 32346 
406 477 gi|7 32069 32724 
408 350 gi|7 32187 32724 
410 282 gi|7 32216 32329 
412 278 gi|7 32217 32319 
414 289 gi|7 32542 32634 
416 283 gi|7 32599 32657 
418 385 gi|7 34801 35110 
321 267 gi|7 34962 35071 
420 2054 gi|7 35351 35656 
422 1969 gi|7 35651 35903 
424 278 gi|7 35878 35923 
482 315 gi|8 1290 1453 
484 2149 gi|8 5295 6808 
486 677 gi|8 8129 8765 
488 323 gi|8 8345 8484 
490 323 gi|8 8345 8484 
492 285 gi|8 9131 9460 
494 250 gi|8 9991 10118 
496 267 gi|8 10481 10593 
498 267 gi|8 10481 10593 
500 323 gi|8 14478 15004 
257 314 gi|8 14550 15090 
502 994 gi|8 14584 15433 
504 363 gi|8 14686 15293 
506 368 gi|8 14697 15250 
508 360 gi|8 14697 14878 
510 274 gi|8 14779 15260 
512 287 gi|8 14820 15260 
514 286 gi|8 15881 16022 
516 365 gi|8 25582 25690 
518 323 gi|8 25592 26117 
115 529 gi|8 26345 26784 
520 313 gi|8 28279 28581 
522 570 gi|8 28298 28963 
524 270 gi|8 28304 28581 
526 466 gi|8 28313 28863 
528 348 gi|8 28346 28861 
239 568 gi|8 28363 28959 
530 270 gi|8 28365 28447 
532 816 gi|8 28385 28911 
534 626 gi|8 28409 28942 
536 429 gi|8 28689 28880 
538 282 gi|8 28694 28789 
540 340 gi|8 28717 28847 
542 284 gi|8 28722 28845 
544 386 gi|8 28740 28851 
548 329 gi|8 28743 29006 
552 329 gi|8 28743 28869 
546 370 gi|8 28743 28843 
550 331 gi|8 28743 28843 
554 266 gi|8 28744 28847 
556 364 gi|8 28745 28843 
558 279 gi|8 28746 28851 
560 288 gi|8 28747 28909 
562 3579 gi|8 30898 32579 
566 3214 gi|8 30912 32583 
564 1135 gi|8 30912 31654 
568 3911 gi|8 30919 32581 
570 1824 gi|8 30923 32592 
572 3000 gi|8 30926 32514 
574 1744 gi|8 30930 32515 
576 3736 gi|8 30934 32598 
77 388 gi|8 30939 31465 
578 3064 gi|8 30980 32593 
580 1274 gi|8 31151 32515 
57 487 gi|8 31568 31883 
582 1400 gi|8 31875 32232 
584 647 gi|8 31875 32021 
37 917 gi|8 31950 32307 
586 360 gi|8 32222 32366 
588 317 gi|8 34933 35299 
590 7257 gi|8 36846 38159 
592 2685 gi|9 22 1119 
594 1621 gi|9 183 1120 
596 298 gi|9 5851 5993 
109 267 gi|9 6097 6317 
598 375 gi|9 10047 10656 
600 673 gi|9 14650 15179 
602 503 gi|9 14775 15206 
604 255 gi|9 17249 17344 
606 416 gi|9 22031 22258 
608 624 gi|9 25991 26597 
610 301 gi|9 25996 26347 
505 363 gi|9 25997 26616 
612 451 gi|9 26037 26436 
614 391 gi|9 26037 26309 
616 382 gi|9 26067 26438 
618 455 gi|9 26103 26299 
620 383 gi|9 26105 26613 
622 461 gi|9 26117 26659 
624 297 gi|9 26118 26297 
529 348 gi|9 26186 26668 
626 276 gi|9 26193 26299 
628 595 gi|9 26200 26511 
634 308 gi|9 26200 26352 
630 251 gi|9 26200 26306 
413 278 gi|9 26200 26301 
632 428 gi|9 26200 26299 
636 520 gi|9 26202 26467 
640 282 gi|9 26204 26308 
638 281 gi|9 26204 26298 
642 253 gi|9 26215 26299 
644 255 gi|9 26220 26378 
646 446 gi|9 26227 26517 
648 297 gi|9 27190 27458 
650 365 gi|9 29559 29757 
279 263 gi|9 30349 30421 
652 272 gi|9 30589 30638 
654 4339 gi|9 30591 31122 
656 4298 gi|9 30591 31122 
658 4323 gi|9 30591 31122 
315 2227 gi|9 30591 30872 
660 2213 gi|9 30591 30872 
662 2188 gi|9 30591 30872 
664 2213 gi|9 30591 30872 
666 254 gi|9 30606 30656 
668 1111 gi|9 30979 31122 
670 688 gi|9 39788 40092 
