index 106
frag gi|15 9457 9645
img_no 41
msp 2366 s 418 81.8 -1 106 gi|15 9457 9621 533 gi|39 33107 33323
msp 2368 s 339 79.7 -1 106 gi|15 9497 9619 872 gi|60 39541 39691
msp 2370 s 258 88.9 1 106 gi|15 9506 9559 746 gi|52 24911 24959
msp 1417 s 312 91.7 1 916 gi|9 39326 39469 106 gi|15 9514 9620
msp 1089 s 268 96.9 -1 873 gi|7 11818 11849 106 gi|15 9528 9559
msp 1645 s 333 93.6 -1 37 gi|10 27187 27311 106 gi|15 9534 9633
msp 1451 s 267 93.3 -1 916 gi|9 39347 39465 106 gi|15 9534 9618
msp 1819 s 285 81.4 1 58 gi|12 13055 13151 106 gi|15 9534 9616
msp 1683 s 317 89.7 1 37 gi|10 27238 27315 106 gi|15 9545 9620
msp 2374 s 267 81.3 1 106 gi|15 9545 9619 872 gi|60 39583 39659
msp 2055 s 260 94.0 -1 80 gi|13 22904 22986 106 gi|15 9545 9617
msp 2372 s 396 87.5 -1 106 gi|15 9545 9616 653 gi|47 3043 3120
msp 661 s 305 84.5 -1 199 gi|2 36035 36105 106 gi|15 9545 9616
msp 2071 s 398 90.7 1 80 gi|13 22948 23022 106 gi|15 9545 9615
msp 2376 s 266 86.1 1 106 gi|15 9547 9618 420 gi|33 11259 11327
msp 2378 s 317 84.4 1 106 gi|15 9550 9639 533 gi|39 33166 33264
msp 2380 s 285 80.3 -1 106 gi|15 9556 9616 812 gi|57 8259 8317
msp 2382 s 345 85.0 -1 106 gi|15 9560 9619 510 gi|38 28122 28182
msp 1169 s 289 85.9 -1 876 gi|7 15876 15946 106 gi|15 9561 9631
msp 2386 s 339 89.9 1 106 gi|15 9561 9629 285 gi|25 31666 31736
msp 2384 s 332 84.8 -1 106 gi|15 9561 9619 347 gi|29 32063 32123
msp 735 s 262 93.5 1 855 gi|6 19327 19388 106 gi|15 9563 9620
msp 2388 s 373 90.6 1 106 gi|15 9563 9615 422 gi|33 14437 14490
msp 2390 s 325 86.0 -1 106 gi|15 9564 9620 517 gi|39 1627 1685
msp 429 s 324 87.9 1 186 gi|2 3753 3818 106 gi|15 9565 9629
msp 789 s 325 87.0 -1 890 gi|8 3194 3247 106 gi|15 9565 9617
msp 2392 s 367 86.0 -1 106 gi|15 9566 9622 746 gi|52 24928 24984
msp 2394 s 290 88.3 -1 106 gi|15 9569 9628 477 gi|36 29286 29345
msp 1039 s 284 80.4 1 873 gi|7 11795 11850 106 gi|15 9569 9623
msp 2396 s 281 87.8 -1 106 gi|15 9569 9617 630 gi|45 32224 32273
msp 2412 s 303 90.8 -1 106 gi|15 9570 9645 319 gi|28 668 737
msp 2398 s 255 90.0 1 106 gi|15 9570 9639 307 gi|27 15697 15753
msp 2408 s 263 75.4 -1 106 gi|15 9570 9630 275 gi|25 5760 5820
msp 913 s 326 86.9 -1 900 gi|8 34666 34726 106 gi|15 9570 9629
msp 2402 s 387 92.3 1 106 gi|15 9570 9621 712 gi|50 2505 2556
msp 2400 s 308 86.0 1 106 gi|15 9570 9619 589 gi|43 9586 9635
msp 2404 s 283 85.7 -1 106 gi|15 9570 9618 404 gi|32 20065 20114
msp 2414 s 258 81.6 1 106 gi|15 9570 9618 631 gi|45 34626 34674
msp 2410 s 311 91.7 -1 106 gi|15 9570 9617 846 gi|59 31988 32036
msp 1147 s 345 91.5 1 876 gi|7 15829 15875 106 gi|15 9570 9616
msp 2406 s 260 93.5 1 106 gi|15 9570 9615 401 gi|32 7328 7371
