index 108
frag gi|15 13037 13355
img_no 11
msp 2416 s 292 79.8 -1 108 gi|15 13037 13318 526 gi|39 20266 20567
msp 2197 s 409 86.0 1 92 gi|14 8795 8951 108 gi|15 13037 13179
msp 2418 s 271 82.7 -1 108 gi|15 13037 13134 400 gi|32 6052 6139
msp 2420 s 251 80.3 -1 108 gi|15 13107 13182 565 gi|41 21161 21232
msp 2422 s 264 75.4 1 108 gi|15 13111 13179 405 gi|32 20871 20938
msp 1321 s 253 79.3 -1 912 gi|9 31149 31336 108 gi|15 13112 13295
msp 89 s 321 73.8 1 357 gi|3 9991 10120 108 gi|15 13207 13339
msp 2207 s 382 79.4 1 92 gi|14 8877 9012 108 gi|15 13208 13346
msp 2424 s 258 83.3 -1 108 gi|15 13210 13287 526 gi|39 20413 20490
msp 2426 s 253 82.0 -1 108 gi|15 13210 13287 565 gi|41 21156 21232
msp 2428 s 262 77.5 1 108 gi|15 13214 13355 405 gi|32 20871 21011
