index 11
frag gi|1 22061 22734
img_no 12
msp 300 s 381 74.9 1 11 gi|1 22061 22542 409 gi|32 28756 29233
msp 302 s 310 76.4 1 11 gi|1 22243 22522 773 gi|54 24485 24761
msp 304 s 510 75.2 1 11 gi|1 22250 22544 772 gi|54 23616 23905
msp 306 s 254 80.9 1 11 gi|1 22370 22636 479 gi|36 36778 37038
msp 310 s 317 77.0 -1 11 gi|1 22378 22590 146 gi|17 19538 19744
msp 312 s 314 76.2 1 11 gi|1 22378 22537 22 gi|10 4416 4572
msp 308 s 265 79.7 -1 11 gi|1 22378 22530 250 gi|23 261 410
msp 314 s 417 75.8 1 11 gi|1 22379 22734 114 gi|15 27367 27707
msp 316 s 270 75.5 -1 11 gi|1 22407 22516 841 gi|59 27415 27522
msp 318 s 260 66.9 1 11 gi|1 22414 22543 893 gi|8 17825 17953
msp 320 s 329 77.9 -1 11 gi|1 22416 22551 75 gi|13 15478 15616
msp 322 s 295 78.3 1 11 gi|1 22417 22522 512 gi|38 35637 35741
