index 118
frag gi|15 37444 37533
img_no 12
msp 2528 s 292 77.3 1 118 gi|15 37444 37518 517 gi|39 1604 1677
msp 2530 s 318 85.2 1 118 gi|15 37458 37518 533 gi|39 33096 33156
msp 2532 s 291 83.3 1 118 gi|15 37465 37518 347 gi|29 32059 32110
msp 2534 s 281 84.9 1 118 gi|15 37466 37518 477 gi|36 29286 29342
msp 2536 s 330 86.3 -1 118 gi|15 37468 37518 422 gi|33 14447 14496
msp 937 s 255 88.5 1 900 gi|8 34678 34729 118 gi|15 37470 37523
msp 2538 s 257 79.6 1 118 gi|15 37470 37518 812 gi|57 8256 8303
msp 2540 s 270 88.9 -1 118 gi|15 37471 37533 533 gi|39 33174 33235
msp 1157 s 307 89.4 -1 876 gi|7 15831 15877 118 gi|15 37471 37518
msp 2542 s 268 83.0 1 118 gi|15 37472 37518 746 gi|52 24933 24978
msp 2544 s 327 87.0 1 118 gi|15 37473 37526 653 gi|47 3043 3095
msp 2546 s 282 87.5 -1 118 gi|15 37473 37520 712 gi|50 2503 2551
