index 13
frag gi|1 24357 24499
img_no 9
msp 334 s 284 84.8 1 13 gi|1 24357 24455 272 gi|25 2129 2219
msp 336 s 308 83.5 1 13 gi|1 24375 24477 634 gi|46 7017 7126
msp 338 s 298 87.3 -1 13 gi|1 24376 24454 913 gi|9 32535 32623
msp 340 s 252 84.3 1 13 gi|1 24379 24499 336 gi|29 8768 8884
msp 342 s 284 87.5 -1 13 gi|1 24380 24451 94 gi|14 21769 21845
msp 344 s 280 88.5 -1 13 gi|1 24380 24440 335 gi|29 8616 8674
msp 348 s 279 86.5 -1 13 gi|1 24381 24454 310 gi|27 19679 19757
msp 346 s 318 89.1 -1 13 gi|1 24381 24444 143 gi|17 16798 16858
msp 350 s 285 89.9 1 13 gi|1 24382 24450 346 gi|29 28020 28090
