index 130
frag gi|16 23328 23591
img_no 21
msp 2610 s 534 80.5 -1 130 gi|16 23328 23578 166 gi|19 2351 2596
msp 2612 s 773 82.9 -1 130 gi|16 23397 23583 443 gi|34 22189 22368
msp 2614 s 719 83.1 1 130 gi|16 23416 23569 397 gi|31 33995 34155
msp 2616 s 778 87.1 -1 130 gi|16 23427 23573 731 gi|51 16465 16613
msp 391 s 555 82.7 -1 17 gi|1 37350 37499 130 gi|16 23427 23573
msp 2618 s 814 85.2 -1 130 gi|16 23428 23582 184 gi|19 38486 38641
msp 2620 s 551 83.4 1 130 gi|16 23429 23591 375 gi|30 20327 20492
msp 2626 s 263 77.7 1 130 gi|16 23430 23577 482 gi|37 3354 3498
msp 2624 s 291 79.2 1 130 gi|16 23430 23573 473 gi|36 22589 22729
msp 2622 s 392 83.7 1 130 gi|16 23430 23570 225 gi|21 13703 13845
msp 2628 s 712 85.1 -1 130 gi|16 23440 23573 162 gi|18 23591 23730
msp 2630 s 286 76.5 -1 130 gi|16 23451 23569 794 gi|56 22269 22383
msp 2632 s 357 81.2 1 130 gi|16 23459 23559 551 gi|40 16577 16690
msp 2634 s 296 79.3 -1 130 gi|16 23467 23558 372 gi|30 5920 6024
msp 355 s 261 86.2 -1 15 gi|1 32185 32249 130 gi|16 23477 23545
msp 2636 s 413 81.0 -1 130 gi|16 23490 23573 274 gi|25 3893 3978
msp 2638 s 364 82.7 -1 130 gi|16 23493 23573 154 gi|18 5616 5694
msp 2640 s 325 74.7 1 130 gi|16 23495 23573 590 gi|43 11624 11703
msp 281 s 406 83.1 1 10 gi|1 18914 18996 130 gi|16 23498 23577
msp 2642 s 346 80.3 1 130 gi|16 23498 23573 385 gi|31 14254 14328
msp 2644 s 351 90.4 -1 130 gi|16 23508 23559 834 gi|59 1698 1748
