index 142
frag gi|17 12864 13010
img_no 8
msp 2686 s 263 78.3 -1 142 gi|17 12864 13006 218 gi|20 37172 37303
msp 493 s 286 81.8 1 192 gi|2 14373 14438 142 gi|17 12942 13009
msp 2688 s 261 83.9 1 142 gi|17 12945 13006 218 gi|20 37139 37204
msp 2690 s 251 82.5 1 142 gi|17 12954 13010 388 gi|31 21334 21393
msp 1395 s 263 89.1 1 914 gi|9 34461 34506 142 gi|17 12956 13006
msp 1303 s 265 82.7 -1 910 gi|9 28707 28758 142 gi|17 12957 13008
msp 507 s 255 84.2 -1 192 gi|2 14403 14440 142 gi|17 12969 13006
msp 1995 s 274 94.3 -1 71 gi|13 1912 1946 142 gi|17 12971 13005
