index 146
frag gi|17 19404 20105
img_no 14
msp 2005 s 1111 75.2 1 75 gi|13 15314 15937 146 gi|17 19404 20057
msp 595 s 396 70.7 1 198 gi|2 32961 33270 146 gi|17 19430 19736
msp 2503 s 581 74.9 -1 114 gi|15 27097 27650 146 gi|17 19458 20043
msp 1521 s 1090 75.2 -1 22 gi|10 4083 4695 146 gi|17 19463 20062
msp 981 s 859 75.0 1 901 gi|8 36767 37379 146 gi|17 19464 20103
msp 1617 s 280 74.1 -1 37 gi|10 26047 26297 146 gi|17 19467 19714
msp 2700 s 450 78.9 -1 146 gi|17 19468 20078 409 gi|32 28774 29360
msp 2702 s 387 81.2 1 146 gi|17 19479 19782 591 gi|43 11823 12123
msp 2704 s 297 77.8 -1 146 gi|17 19500 19715 806 gi|57 130 344
msp 311 s 317 77.0 -1 11 gi|1 22378 22590 146 gi|17 19538 19744
msp 2706 s 327 74.3 1 146 gi|17 19562 19709 841 gi|59 27377 27515
msp 2708 s 294 78.3 -1 146 gi|17 19582 20098 479 gi|36 36459 36957
msp 2710 s 440 79.2 1 146 gi|17 19605 20105 628 gi|45 28984 29436
msp 483 s 355 78.6 1 189 gi|2 7508 7694 146 gi|17 19845 20052
