index 154
frag gi|18 5578 5748
img_no 21
msp 2752 s 358 75.4 -1 154 gi|18 5578 5691 482 gi|37 3412 3529
msp 365 s 528 84.4 1 17 gi|1 37328 37436 154 gi|18 5596 5700
msp 2754 s 472 83.8 1 154 gi|18 5598 5696 731 gi|51 16444 16546
msp 2756 s 292 85.9 -1 154 gi|18 5601 5692 401 gi|32 7319 7429
msp 2758 s 405 86.1 -1 154 gi|18 5609 5687 385 gi|31 14257 14336
msp 2760 s 431 86.7 -1 154 gi|18 5610 5699 225 gi|21 13770 13855
msp 2762 s 379 85.1 1 154 gi|18 5611 5677 274 gi|25 3888 3957
msp 2764 s 516 87.6 -1 154 gi|18 5612 5700 397 gi|31 34070 34160
msp 2766 s 363 85.1 1 154 gi|18 5613 5679 834 gi|59 1683 1750
msp 2768 s 352 81.7 1 154 gi|18 5614 5695 744 gi|52 21357 21433
msp 2770 s 375 86.3 1 154 gi|18 5615 5709 166 gi|19 2356 2448
msp 2772 s 424 87.2 -1 154 gi|18 5615 5700 473 gi|36 22652 22730
msp 2774 s 340 81.5 -1 154 gi|18 5615 5695 590 gi|43 11621 11704
msp 2778 s 263 75.9 1 154 gi|18 5616 5698 184 gi|19 38494 38577
msp 2639 s 364 82.7 -1 130 gi|16 23493 23573 154 gi|18 5616 5694
msp 293 s 338 85.3 -1 10 gi|1 18917 18991 154 gi|18 5616 5687
msp 2776 s 337 86.6 1 154 gi|18 5616 5682 443 gi|34 22201 22267
msp 2780 s 260 82.3 1 154 gi|18 5617 5695 372 gi|30 5913 5991
msp 2782 s 368 83.8 1 154 gi|18 5619 5748 794 gi|56 22269 22385
msp 2784 s 270 83.3 1 154 gi|18 5619 5666 793 gi|56 18810 18858
msp 2305 s 366 83.8 1 99 gi|14 35436 35515 154 gi|18 5624 5695
