index 169
frag gi|19 6313 6469
img_no 10
msp 2990 s 297 79.4 -1 169 gi|19 6313 6414 555 gi|40 21063 21171
msp 2992 s 290 89.7 -1 169 gi|19 6365 6432 754 gi|53 10498 10565
msp 2994 s 310 83.9 1 169 gi|19 6366 6421 724 gi|50 32852 32908
msp 2996 s 320 84.9 1 169 gi|19 6366 6418 824 gi|57 27367 27419
msp 3004 s 297 82.0 -1 169 gi|19 6367 6466 564 gi|41 19802 19911
msp 2998 s 293 80.3 -1 169 gi|19 6367 6432 715 gi|50 15254 15322
msp 3000 s 290 80.3 1 169 gi|19 6367 6432 377 gi|30 23611 23678
msp 3002 s 297 81.8 -1 169 gi|19 6367 6432 835 gi|59 1940 2005
msp 2575 s 270 82.2 1 122 gi|16 7948 8048 169 gi|19 6368 6469
msp 3006 s 295 79.0 1 169 gi|19 6368 6429 432 gi|33 29661 29722
