index 17
frag gi|1 37259 37504
img_no 23
msp 358 s 437 79.8 1 17 gi|1 37259 37481 166 gi|19 2285 2494
msp 360 s 280 81.9 -1 17 gi|1 37276 37496 473 gi|36 22589 22801
msp 362 s 569 74.3 1 17 gi|1 37316 37502 443 gi|34 22169 22352
msp 364 s 528 84.4 1 17 gi|1 37328 37436 154 gi|18 5596 5700
msp 366 s 484 77.0 1 17 gi|1 37333 37497 184 gi|19 38478 38640
msp 368 s 703 87.6 1 17 gi|1 37342 37502 731 gi|51 16457 16616
msp 370 s 349 84.0 -1 17 gi|1 37344 37424 385 gi|31 14257 14334
msp 372 s 274 84.1 -1 17 gi|1 37344 37412 499 gi|38 11455 11515
msp 374 s 295 85.6 -1 17 gi|1 37345 37497 375 gi|30 20327 20470
msp 376 s 534 80.3 1 17 gi|1 37345 37466 162 gi|18 23586 23704
msp 378 s 252 73.5 -1 17 gi|1 37345 37427 482 gi|37 3420 3498
msp 380 s 565 81.8 -1 17 gi|1 37346 37504 397 gi|31 34002 34160
msp 382 s 361 83.3 1 17 gi|1 37347 37412 274 gi|25 3889 3955
msp 384 s 298 76.9 1 17 gi|1 37348 37464 794 gi|56 22263 22373
msp 386 s 357 79.2 -1 17 gi|1 37348 37443 590 gi|43 11612 11705
msp 388 s 253 79.8 1 17 gi|1 37349 37432 372 gi|30 5910 5991
msp 390 s 555 82.7 -1 17 gi|1 37350 37499 130 gi|16 23427 23573
msp 394 s 390 82.6 -1 17 gi|1 37353 37496 225 gi|21 13703 13845
msp 392 s 295 86.5 1 17 gi|1 37353 37404 793 gi|56 18809 18859
msp 396 s 265 79.8 -1 17 gi|1 37359 37467 551 gi|40 16576 16696
msp 398 s 403 74.8 1 17 gi|1 37361 37467 99 gi|14 35436 35549
msp 400 s 306 85.4 1 17 gi|1 37365 37412 834 gi|59 1697 1744
msp 402 s 428 83.3 1 17 gi|1 37404 37493 447 gi|34 26930 27017
