index 174
frag gi|19 13388 13675
img_no 11
msp 3020 s 398 82.6 -1 174 gi|19 13388 13508 727 gi|50 39100 39227
msp 3022 s 251 77.4 1 174 gi|19 13395 13509 588 gi|43 6678 6800
msp 3024 s 468 82.8 1 174 gi|19 13435 13672 526 gi|39 20302 20493
msp 3026 s 283 75.3 1 174 gi|19 13435 13511 526 gi|39 20417 20494
msp 1319 s 305 74.9 1 912 gi|9 31050 31224 174 gi|19 13448 13664
msp 3028 s 250 82.5 -1 174 gi|19 13449 13665 412 gi|32 36904 37076
msp 1329 s 260 78.1 1 912 gi|9 31172 31235 174 gi|19 13449 13513
msp 3030 s 461 86.4 1 174 gi|19 13593 13673 526 gi|39 20297 20378
msp 3032 s 322 81.5 -1 174 gi|19 13595 13675 727 gi|50 39096 39176
msp 3034 s 267 72.4 1 174 gi|19 13596 13671 588 gi|43 6725 6800
msp 3036 s 251 77.8 -1 174 gi|19 13611 13664 412 gi|32 37024 37076
