index 184
frag gi|19 38428 38647
img_no 17
msp 3050 s 629 74.7 -1 184 gi|19 38428 38640 397 gi|31 34010 34218
msp 3052 s 280 79.7 -1 184 gi|19 38445 38592 482 gi|37 3389 3549
msp 367 s 484 77.0 1 17 gi|1 37333 37497 184 gi|19 38478 38640
msp 3054 s 581 77.6 1 184 gi|19 38479 38639 443 gi|34 22186 22347
msp 3056 s 372 77.4 -1 184 gi|19 38482 38640 375 gi|30 20327 20477
msp 2619 s 814 85.2 -1 130 gi|16 23428 23582 184 gi|19 38486 38641
msp 285 s 337 79.3 -1 10 gi|1 18914 18995 184 gi|19 38490 38568
msp 3058 s 574 76.7 1 184 gi|19 38492 38641 731 gi|51 16463 16612
msp 2821 s 524 82.3 1 162 gi|18 23589 23712 184 gi|19 38492 38616
msp 3060 s 334 80.3 -1 184 gi|19 38493 38568 385 gi|31 14254 14329
msp 2779 s 263 75.9 1 154 gi|18 5616 5698 184 gi|19 38494 38577
msp 3062 s 336 81.3 1 184 gi|19 38494 38568 274 gi|25 3893 3970
msp 3064 s 311 83.8 1 184 gi|19 38498 38571 834 gi|59 1688 1771
msp 3066 s 302 78.2 -1 184 gi|19 38506 38647 218 gi|20 37202 37351
msp 3068 s 357 87.2 -1 184 gi|19 38507 38608 551 gi|40 16576 16690
msp 3070 s 298 84.4 1 184 gi|19 38508 38571 372 gi|30 5920 5988
msp 871 s 344 79.7 1 898 gi|8 30195 30307 184 gi|19 38522 38641
