index 199
frag gi|2 35998 36210
img_no 47
msp 614 s 266 80.1 1 199 gi|2 35998 36163 285 gi|25 31582 31734
msp 616 s 383 80.2 1 199 gi|2 36016 36131 653 gi|47 3027 3146
msp 618 s 506 82.8 -1 199 gi|2 36020 36188 872 gi|60 39500 39667
msp 620 s 491 85.2 1 199 gi|2 36022 36149 916 gi|9 39332 39464
msp 622 s 323 84.5 1 199 gi|2 36024 36081 413 gi|32 39622 39679
msp 624 s 316 87.9 1 199 gi|2 36025 36082 746 gi|52 24921 24981
msp 626 s 296 79.0 -1 199 gi|2 36029 36171 94 gi|14 21716 21851
msp 628 s 309 87.3 -1 199 gi|2 36033 36150 83 gi|13 30463 30590
msp 630 s 420 85.3 -1 199 gi|2 36034 36149 916 gi|9 39350 39466
msp 632 s 330 91.8 -1 199 gi|2 36034 36082 285 gi|25 31675 31723
msp 634 s 272 87.5 -1 199 gi|2 36034 36081 712 gi|50 2505 2552
msp 642 s 416 88.7 -1 199 gi|2 36035 36149 37 gi|10 27201 27311
msp 644 s 361 84.3 1 199 gi|2 36035 36149 37 gi|10 27200 27310
msp 648 s 405 87.8 1 199 gi|2 36035 36149 872 gi|60 39544 39655
msp 662 s 344 87.8 -1 199 gi|2 36035 36149 533 gi|39 33113 33233
msp 664 s 343 83.5 1 199 gi|2 36035 36149 533 gi|39 33112 33232
msp 660 s 305 84.5 -1 199 gi|2 36035 36105 106 gi|15 9545 9616
msp 668 s 283 87.0 -1 199 gi|2 36035 36103 420 gi|33 11259 11325
msp 678 s 273 82.3 -1 199 gi|2 36035 36102 58 gi|12 13084 13151
msp 646 s 254 83.9 1 199 gi|2 36035 36090 404 gi|32 20067 20122
msp 656 s 262 79.6 1 199 gi|2 36035 36088 812 gi|57 8259 8312
msp 650 s 250 80.4 1 199 gi|2 36035 36085 347 gi|29 32066 32116
msp 676 s 265 86.3 -1 199 gi|2 36035 36085 711 gi|50 1508 1559
msp 658 s 306 92.0 1 199 gi|2 36035 36084 900 gi|8 34681 34729
msp 654 s 303 87.8 -1 199 gi|2 36035 36083 638 gi|46 13339 13387
msp 670 s 303 89.8 1 199 gi|2 36035 36083 510 gi|38 28125 28174
msp 636 s 310 91.7 -1 199 gi|2 36035 36082 873 gi|7 11795 11843
msp 666 s 252 85.4 1 199 gi|2 36035 36082 517 gi|39 1633 1680
msp 638 s 302 91.5 1 199 gi|2 36035 36081 876 gi|7 15890 15936
msp 640 s 285 89.4 -1 199 gi|2 36035 36081 876 gi|7 15829 15875
msp 652 s 309 91.5 -1 199 gi|2 36035 36081 589 gi|43 9586 9632
msp 672 s 303 89.4 -1 199 gi|2 36035 36081 631 gi|45 34626 34672
msp 674 s 281 89.4 1 199 gi|2 36035 36081 846 gi|59 31989 32036
msp 682 s 379 82.6 -1 199 gi|2 36036 36150 80 gi|13 22905 23022
msp 680 s 424 89.5 1 199 gi|2 36036 36149 80 gi|13 22906 23022
msp 690 s 259 83.3 1 199 gi|2 36036 36119 507 gi|38 21308 21407
msp 686 s 310 86.8 1 199 gi|2 36036 36088 275 gi|25 5775 5830
msp 684 s 278 87.5 -1 199 gi|2 36036 36083 422 gi|33 14443 14490
msp 692 s 286 91.5 1 199 gi|2 36036 36082 630 gi|45 32226 32273
msp 688 s 295 91.3 1 199 gi|2 36036 36081 319 gi|28 692 737
msp 694 s 262 89.5 1 199 gi|2 36074 36149 420 gi|33 11259 11324
msp 696 s 261 92.1 1 199 gi|2 36091 36153 638 gi|46 13336 13389
msp 698 s 256 93.2 -1 199 gi|2 36091 36149 105 gi|15 7966 8020
msp 700 s 273 94.8 1 199 gi|2 36093 36150 422 gi|33 14442 14491
msp 704 s 252 88.0 -1 199 gi|2 36094 36210 510 gi|38 28044 28174
msp 702 s 266 85.5 -1 199 gi|2 36094 36176 275 gi|25 5747 5822
msp 706 s 256 86.7 1 199 gi|2 36095 36169 712 gi|50 2504 2567
