index 20
frag gi|10 1645 1782
img_no 21
msp 1482 s 298 90.0 1 20 gi|10 1645 1734 343 gi|29 19685 19780
msp 1484 s 365 84.3 1 20 gi|10 1661 1775 312 gi|27 22351 22470
msp 1486 s 302 90.0 1 20 gi|10 1667 1726 825 gi|57 28245 28309
msp 1490 s 279 78.3 1 20 gi|10 1668 1773 752 gi|53 5085 5199
msp 1488 s 262 81.0 -1 20 gi|10 1668 1772 310 gi|27 19653 19760
msp 1492 s 285 84.0 -1 20 gi|10 1669 1743 335 gi|29 8608 8675
msp 1494 s 290 84.6 1 20 gi|10 1669 1733 561 gi|41 11402 11466
msp 525 s 297 81.6 1 193 gi|2 21939 22052 20 gi|10 1670 1782
msp 1500 s 275 80.0 -1 20 gi|10 1670 1769 772 gi|54 24046 24147
msp 1496 s 280 80.7 -1 20 gi|10 1670 1726 80 gi|13 22964 23023
msp 1498 s 295 91.1 1 20 gi|10 1670 1714 322 gi|28 14813 14857
msp 1506 s 306 76.8 -1 20 gi|10 1671 1782 634 gi|46 7014 7129
msp 1504 s 373 80.8 -1 20 gi|10 1671 1774 312 gi|27 22357 22467
msp 1508 s 279 75.0 1 20 gi|10 1671 1774 634 gi|46 7024 7131
msp 173 s 294 84.5 -1 368 gi|3 33911 34020 20 gi|10 1671 1774
msp 1502 s 372 77.5 -1 20 gi|10 1671 1772 94 gi|14 21740 21844
msp 199 s 269 81.5 1 368 gi|3 33913 34020 20 gi|10 1671 1772
msp 539 s 266 69.6 -1 193 gi|2 21940 22041 20 gi|10 1671 1772
msp 1379 s 284 82.9 -1 913 gi|9 32543 32618 20 gi|10 1671 1739
msp 1510 s 355 83.0 1 20 gi|10 1674 1773 346 gi|29 28022 28121
msp 1347 s 251 85.7 1 913 gi|9 32517 32628 20 gi|10 1679 1780
