index 200
frag gi|20 1 354
img_no 11
msp 1733 s 2561 96.4 -1 41 gi|10 37700 38035 200 gi|20 1 325
msp 2854 s 2593 96.3 -1 200 gi|20 1 325 671 gi|48 11053 11388
msp 2856 s 2593 96.3 -1 200 gi|20 1 325 813 gi|57 9393 9728
msp 2858 s 2593 96.3 -1 200 gi|20 1 325 821 gi|57 20523 20858
msp 2860 s 2593 96.3 -1 200 gi|20 1 325 557 gi|40 32420 32755
msp 2862 s 2593 96.3 1 200 gi|20 1 325 528 gi|39 21426 21761
msp 2864 s 436 76.5 -1 200 gi|20 11 253 414 gi|33 5795 6037
msp 2866 s 344 82.0 -1 200 gi|20 26 225 234 gi|22 749 929
msp 259 s 397 73.2 -1 6 gi|1 7325 7578 200 gi|20 31 281
msp 2868 s 285 73.8 -1 200 gi|20 31 244 236 gi|22 6214 6426
msp 3 s 324 86.9 -1 537 gi|4 250 310 200 gi|20 290 354
