index 202
frag gi|20 2880 3945
img_no 9
msp 2876 s 8946 99.4 -1 202 gi|20 2880 3915 671 gi|48 10070 11106
msp 2882 s 8909 99.3 -1 202 gi|20 2880 3913 557 gi|40 31438 32473
msp 2878 s 8914 98.7 -1 202 gi|20 2880 3909 813 gi|57 8417 9446
msp 2880 s 8900 99.6 -1 202 gi|20 2880 3907 821 gi|57 19549 20576
msp 1725 s 8910 99.9 -1 41 gi|10 36752 37753 202 gi|20 2880 3881
msp 2884 s 6439 100.0 1 202 gi|20 2880 3605 528 gi|39 21708 22433
msp 2886 s 2495 98.7 1 202 gi|20 3600 3916 530 gi|39 24877 25193
msp 2888 s 267 84.4 1 202 gi|20 3882 3945 433 gi|33 38606 38665
msp 935 s 252 82.3 1 900 gi|8 34677 34727 202 gi|20 3884 3936
