index 22
frag gi|10 4029 4750
img_no 19
msp 1514 s 1574 79.4 -1 22 gi|10 4029 4750 75 gi|13 15314 15997
msp 1516 s 672 76.1 1 22 gi|10 4041 4730 409 gi|32 28755 29395
msp 1518 s 360 78.2 1 22 gi|10 4050 4582 479 gi|36 36462 36961
msp 1520 s 1090 75.2 -1 22 gi|10 4083 4695 146 gi|17 19463 20062
msp 1522 s 565 80.0 1 22 gi|10 4092 4720 114 gi|15 27087 27670
msp 479 s 278 80.0 -1 189 gi|2 7504 7693 22 gi|10 4094 4319
msp 977 s 991 75.4 -1 901 gi|8 36756 37320 22 gi|10 4101 4707
msp 1524 s 387 78.5 -1 22 gi|10 4105 4630 628 gi|45 28900 29372
msp 1528 s 251 76.6 1 22 gi|10 4105 4416 611 gi|44 23364 23649
msp 1526 s 290 78.0 1 22 gi|10 4105 4350 287 gi|25 35726 35936
msp 847 s 628 78.2 1 893 gi|8 17525 17932 22 gi|10 4110 4556
msp 1530 s 337 74.9 -1 22 gi|10 4314 4700 591 gi|43 11804 12201
msp 1229 s 398 74.1 -1 879 gi|7 22044 22402 22 gi|10 4371 4723
msp 1532 s 272 79.7 1 22 gi|10 4396 4538 806 gi|57 69 222
msp 313 s 314 76.2 1 11 gi|1 22378 22537 22 gi|10 4416 4572
msp 1534 s 262 73.4 -1 22 gi|10 4454 4709 635 gi|46 7191 7449
msp 1536 s 269 75.8 1 22 gi|10 4461 4683 772 gi|54 23789 24009
msp 1538 s 269 82.7 1 22 gi|10 4463 4537 238 gi|22 20240 20315
msp 1540 s 289 76.9 -1 22 gi|10 4469 4663 776 gi|54 34227 34400
