index 220
frag gi|21 4501 4913
img_no 21
msp 2571 s 301 83.8 1 122 gi|16 7913 8029 220 gi|21 4501 4626
msp 1649 s 345 80.0 1 37 gi|10 27192 27306 220 gi|21 4523 4653
msp 3082 s 290 87.7 -1 220 gi|21 4530 4586 318 gi|27 38631 38687
msp 3084 s 268 82.1 -1 220 gi|21 4534 4645 288 gi|25 36410 36526
msp 2727 s 310 84.6 1 149 gi|17 34877 34928 220 gi|21 4536 4586
msp 3086 s 335 80.3 1 220 gi|21 4538 4913 715 gi|50 15153 15605
msp 2135 s 276 83.5 1 83 gi|13 30463 30589 220 gi|21 4538 4656
msp 3088 s 317 81.0 1 220 gi|21 4539 4654 310 gi|27 19653 19757
msp 3090 s 275 87.2 1 220 gi|21 4540 4586 271 gi|25 1481 1530
msp 3092 s 369 92.1 1 220 gi|21 4583 4658 288 gi|25 36449 36525
msp 3094 s 275 79.1 1 220 gi|21 4598 4664 620 gi|44 39711 39777
msp 3096 s 276 91.2 1 220 gi|21 4599 4655 835 gi|59 1950 2005
msp 2723 s 285 85.7 -1 149 gi|17 34874 34929 220 gi|21 4605 4660
msp 3102 s 395 94.3 1 220 gi|21 4605 4657 239 gi|22 21299 21352
msp 3098 s 369 96.2 1 220 gi|21 4605 4656 795 gi|56 22480 22533
msp 3100 s 269 88.5 -1 220 gi|21 4605 4656 724 gi|50 32852 32902
msp 3104 s 263 83.0 1 220 gi|21 4605 4651 564 gi|41 19861 19907
msp 3106 s 306 83.2 1 220 gi|21 4606 4712 555 gi|40 21063 21167
msp 3110 s 352 92.5 1 220 gi|21 4606 4658 766 gi|54 7564 7616
msp 3108 s 379 94.2 1 220 gi|21 4606 4657 318 gi|27 38631 38681
msp 3112 s 354 88.0 1 220 gi|21 4608 4657 754 gi|53 10516 10565
