index 225
frag gi|21 13674 13855
img_no 16
msp 3126 s 882 82.8 -1 225 gi|21 13674 13853 744 gi|52 21352 21530
msp 3128 s 424 76.3 -1 225 gi|21 13695 13846 443 gi|34 22205 22355
msp 3132 s 887 88.7 1 225 gi|21 13700 13850 473 gi|36 22586 22732
msp 3130 s 970 91.2 -1 225 gi|21 13700 13847 794 gi|56 22265 22412
msp 3134 s 554 82.3 1 225 gi|21 13703 13849 397 gi|31 34011 34158
msp 3136 s 281 84.0 1 225 gi|21 13703 13846 375 gi|30 20328 20461
msp 2623 s 392 83.7 1 130 gi|16 23430 23570 225 gi|21 13703 13845
msp 395 s 390 82.6 -1 17 gi|1 37353 37496 225 gi|21 13703 13845
msp 3138 s 406 80.8 -1 225 gi|21 13705 13845 731 gi|51 16468 16610
msp 2831 s 270 78.5 -1 162 gi|18 23595 23710 225 gi|21 13732 13846
msp 2965 s 318 84.9 -1 166 gi|19 2349 2474 225 gi|21 13740 13855
msp 3140 s 304 77.8 1 225 gi|21 13759 13848 590 gi|43 11605 11704
msp 2761 s 431 86.7 -1 154 gi|18 5610 5699 225 gi|21 13770 13855
msp 297 s 291 87.5 1 10 gi|1 18917 18988 225 gi|21 13781 13845
msp 3142 s 256 84.6 1 225 gi|21 13781 13845 385 gi|31 14257 14325
msp 3144 s 297 87.5 -1 225 gi|21 13783 13846 274 gi|25 3897 3965
