index 23
frag gi|10 4742 4911
img_no 19
msp 1542 s 380 79.5 1 23 gi|10 4742 4897 342 gi|29 15619 15769
msp 1552 s 467 82.9 -1 23 gi|10 4789 4911 332 gi|29 748 870
msp 1554 s 440 82.6 -1 23 gi|10 4789 4903 342 gi|29 15654 15763
msp 1550 s 475 82.5 -1 23 gi|10 4789 4902 342 gi|29 15714 15824
msp 1548 s 366 78.2 1 23 gi|10 4789 4898 109 gi|15 14930 15034
msp 1556 s 316 77.3 1 23 gi|10 4789 4898 342 gi|29 15727 15831
msp 1560 s 282 80.9 1 23 gi|10 4789 4898 332 gi|29 773 877
msp 1544 s 499 87.2 -1 23 gi|10 4789 4897 109 gi|15 14924 15027
msp 1546 s 431 80.7 -1 23 gi|10 4789 4897 109 gi|15 14985 15088
msp 1562 s 278 81.7 -1 23 gi|10 4789 4870 339 gi|29 14372 14448
msp 1558 s 291 82.7 -1 23 gi|10 4789 4869 342 gi|29 15627 15702
msp 1564 s 342 78.9 1 23 gi|10 4790 4898 109 gi|15 14992 15095
msp 1566 s 352 79.8 -1 23 gi|10 4804 4897 109 gi|15 15046 15133
msp 1568 s 355 82.2 1 23 gi|10 4808 4908 339 gi|29 14372 14469
msp 1572 s 308 78.7 -1 23 gi|10 4809 4897 332 gi|29 828 909
msp 1570 s 338 84.1 1 23 gi|10 4809 4896 342 gi|29 15627 15707
msp 1574 s 344 83.9 1 23 gi|10 4810 4902 332 gi|29 734 820
msp 1576 s 262 75.9 1 23 gi|10 4843 4896 109 gi|15 14918 14971
msp 1578 s 297 83.3 -1 23 gi|10 4850 4897 342 gi|29 15782 15829
