index 234
frag gi|22 508 1053
img_no 13
msp 257 s 374 79.6 1 6 gi|1 7143 7692 234 gi|22 508 1024
msp 3158 s 2026 81.0 1 234 gi|22 527 1031 417 gi|33 7367 7879
msp 3160 s 429 74.9 1 234 gi|22 544 1053 414 gi|33 5633 6153
msp 1735 s 344 82.0 1 41 gi|10 37811 38010 234 gi|22 749 929
msp 2867 s 344 82.0 -1 200 gi|20 26 225 234 gi|22 749 929
msp 3162 s 339 80.1 -1 234 gi|22 749 929 528 gi|39 21451 21650
msp 3164 s 339 80.1 1 234 gi|22 749 929 557 gi|40 32531 32730
msp 3166 s 339 80.1 1 234 gi|22 749 929 813 gi|57 9504 9703
msp 3168 s 339 80.1 1 234 gi|22 749 929 821 gi|57 20634 20833
msp 3170 s 339 80.1 1 234 gi|22 749 929 671 gi|48 11164 11363
msp 3172 s 254 79.3 1 234 gi|22 841 1024 382 gi|30 32241 32440
msp 3174 s 270 94.1 -1 234 gi|22 998 1031 682 gi|49 12555 12588
msp 3176 s 255 93.5 1 234 gi|22 1001 1031 683 gi|49 12590 12620
