index 239
frag gi|22 20959 21432
img_no 14
msp 3188 s 277 81.5 1 239 gi|22 20959 21353 754 gi|53 10160 10566
msp 3190 s 350 83.0 1 239 gi|22 21224 21370 766 gi|54 7498 7646
msp 3192 s 288 86.8 1 239 gi|22 21268 21350 835 gi|59 1925 2005
msp 3194 s 266 82.0 1 239 gi|22 21272 21349 310 gi|27 19686 19757
msp 3196 s 252 80.8 1 239 gi|22 21284 21356 564 gi|41 19850 19916
msp 3198 s 288 81.3 1 239 gi|22 21294 21432 638 gi|46 13337 13480
msp 2719 s 252 88.2 -1 149 gi|17 34869 34936 239 gi|22 21294 21358
msp 3200 s 378 90.5 1 239 gi|22 21296 21400 318 gi|27 38627 38730
msp 2153 s 252 80.0 1 83 gi|13 30539 30598 239 gi|22 21298 21361
msp 3204 s 316 91.7 1 239 gi|22 21298 21357 288 gi|25 36471 36529
msp 3202 s 354 96.3 1 239 gi|22 21298 21351 795 gi|56 22479 22533
msp 3103 s 395 94.3 1 220 gi|21 4605 4657 239 gi|22 21299 21352
msp 3206 s 254 83.6 1 239 gi|22 21300 21354 715 gi|50 15275 15326
msp 49 s 294 77.0 1 543 gi|4 33428 33501 239 gi|22 21301 21381
