index 242
frag gi|22 29141 29901
img_no 7
msp 3222 s 320 73.6 1 242 gi|22 29141 29485 591 gi|43 11735 12072
msp 3224 s 800 70.6 1 242 gi|22 29154 29888 589 gi|43 9686 10408
msp 3226 s 293 71.0 -1 242 gi|22 29187 29541 806 gi|57 66 414
msp 3228 s 707 76.1 1 242 gi|22 29194 29901 297 gi|26 19288 19977
msp 3230 s 348 76.7 1 242 gi|22 29206 29897 299 gi|26 21462 22152
msp 3232 s 293 73.9 1 242 gi|22 29411 29873 591 gi|43 12094 12562
msp 3049 s 259 74.4 -1 181 gi|19 35475 35560 242 gi|22 29700 29785
