index 272
frag gi|25 2024 2292
img_no 19
msp 3268 s 322 79.0 -1 272 gi|25 2024 2251 312 gi|27 22355 22581
msp 3270 s 316 82.0 1 272 gi|25 2058 2268 338 gi|29 11609 11806
msp 3272 s 413 76.9 -1 272 gi|25 2109 2255 310 gi|27 19645 19796
msp 3274 s 343 78.5 1 272 gi|25 2127 2247 312 gi|27 22339 22467
msp 335 s 284 84.8 1 13 gi|1 24357 24455 272 gi|25 2129 2219
msp 3276 s 376 81.7 1 272 gi|25 2135 2249 634 gi|46 7011 7131
msp 3278 s 390 81.0 1 272 gi|25 2143 2247 752 gi|53 5083 5198
msp 529 s 291 78.3 -1 193 gi|2 21939 22044 272 gi|25 2144 2248
msp 1341 s 300 82.5 -1 913 gi|9 32499 32618 272 gi|25 2148 2256
msp 2223 s 372 82.0 -1 94 gi|14 21734 21844 272 gi|25 2148 2251
msp 181 s 281 75.7 1 368 gi|3 33913 34023 272 gi|25 2148 2250
msp 3280 s 254 70.3 1 272 gi|25 2148 2248 310 gi|27 19653 19758
msp 2255 s 359 85.7 1 94 gi|14 21740 21844 272 gi|25 2148 2247
msp 3282 s 281 81.7 1 272 gi|25 2148 2207 561 gi|41 11404 11466
msp 3286 s 310 79.9 1 272 gi|25 2149 2292 346 gi|29 28020 28161
msp 3284 s 294 78.8 1 272 gi|25 2149 2247 653 gi|47 3048 3155
msp 3288 s 265 80.4 1 272 gi|25 2150 2251 772 gi|54 24045 24150
msp 3290 s 251 79.3 -1 272 gi|25 2180 2266 825 gi|57 28227 28324
msp 3292 s 255 86.3 -1 272 gi|25 2201 2251 322 gi|28 14810 14858
