index 289
frag gi|25 37726 37809
img_no 10
msp 3494 s 284 88.9 -1 289 gi|25 37726 37779 338 gi|29 11747 11801
msp 3496 s 272 80.8 1 289 gi|25 37728 37779 312 gi|27 22353 22404
msp 167 s 250 80.3 1 368 gi|3 33910 33985 289 gi|25 37731 37809
msp 3498 s 258 79.6 -1 289 gi|25 37731 37779 634 gi|46 7084 7132
msp 3500 s 253 89.8 1 289 gi|25 37731 37779 322 gi|28 14811 14857
msp 531 s 255 83.0 1 193 gi|2 21939 21985 289 gi|25 37733 37779
msp 3506 s 318 90.1 1 289 gi|25 37734 37804 825 gi|57 28249 28310
msp 3502 s 261 81.0 -1 289 gi|25 37734 37791 312 gi|27 22411 22467
msp 3504 s 343 87.3 1 289 gi|25 37734 37788 568 gi|41 28731 28787
msp 215 s 320 93.3 -1 368 gi|3 33976 34020 289 gi|25 37734 37778
