index 310
frag gi|27 19618 19934
img_no 21
msp 3722 s 318 80.7 -1 310 gi|27 19618 19757 634 gi|46 7024 7176
msp 3724 s 355 80.7 -1 310 gi|27 19630 19784 338 gi|29 11653 11815
msp 3273 s 413 76.9 -1 272 gi|25 2109 2255 310 gi|27 19645 19796
msp 3726 s 276 86.5 1 310 gi|27 19647 19698 825 gi|57 28244 28294
msp 1659 s 267 76.0 1 37 gi|10 27197 27321 310 gi|27 19649 19773
msp 3728 s 321 81.3 -1 310 gi|27 19651 19757 752 gi|53 5088 5200
msp 523 s 376 75.0 1 193 gi|2 21939 22038 310 gi|27 19652 19754
msp 1489 s 262 81.0 -1 20 gi|10 1668 1772 310 gi|27 19653 19760
msp 3281 s 254 70.3 1 272 gi|25 2148 2248 310 gi|27 19653 19758
msp 185 s 322 77.8 -1 368 gi|3 33913 34020 310 gi|27 19653 19757
msp 187 s 276 87.0 1 368 gi|3 33913 34020 310 gi|27 19653 19757
msp 2243 s 435 85.7 1 94 gi|14 21740 21844 310 gi|27 19653 19757
msp 2245 s 334 81.0 -1 94 gi|14 21740 21844 310 gi|27 19653 19757
msp 3089 s 317 81.0 1 220 gi|21 4539 4654 310 gi|27 19653 19757
msp 3730 s 309 79.8 -1 310 gi|27 19653 19756 653 gi|47 3048 3155
msp 3732 s 297 77.7 1 310 gi|27 19656 19758 772 gi|54 24046 24147
msp 1375 s 404 86.6 1 913 gi|9 32522 32618 310 gi|27 19666 19757
msp 349 s 279 86.5 -1 13 gi|1 24381 24454 310 gi|27 19679 19757
msp 3195 s 266 82.0 1 239 gi|22 21272 21349 310 gi|27 19686 19757
msp 3077 s 282 79.7 1 219 gi|21 3692 3922 310 gi|27 19695 19934
msp 469 s 254 74.7 1 189 gi|2 7193 7287 310 gi|27 19834 19934
