index 312
frag gi|27 22279 22597
img_no 35
msp 3734 s 335 80.4 1 312 gi|27 22279 22467 752 gi|53 5003 5198
msp 3275 s 343 78.5 1 272 gi|25 2127 2247 312 gi|27 22339 22467
msp 3736 s 347 83.8 1 312 gi|27 22339 22412 343 gi|29 19705 19777
msp 3738 s 330 89.5 1 312 gi|27 22349 22405 568 gi|41 28721 28777
msp 3740 s 552 87.5 -1 312 gi|27 22350 22469 653 gi|47 3042 3167
msp 3742 s 359 81.9 -1 312 gi|27 22351 22488 772 gi|54 24031 24154
msp 1485 s 365 84.3 1 20 gi|10 1661 1775 312 gi|27 22351 22470
msp 3744 s 257 83.3 -1 312 gi|27 22352 22405 395 gi|31 33285 33336
msp 3497 s 272 80.8 1 289 gi|25 37728 37779 312 gi|27 22353 22404
msp 3748 s 254 88.2 1 312 gi|27 22354 22404 322 gi|28 14809 14857
msp 3746 s 280 91.3 1 312 gi|27 22354 22399 715 gi|50 15145 15196
msp 3269 s 322 79.0 -1 272 gi|25 2024 2251 312 gi|27 22355 22581
msp 3750 s 263 75.4 1 312 gi|27 22355 22411 336 gi|29 8766 8823
msp 169 s 535 82.5 1 368 gi|3 33910 34103 312 gi|27 22356 22565
msp 3752 s 449 85.3 -1 312 gi|27 22356 22471 634 gi|46 7020 7132
msp 1505 s 373 80.8 -1 20 gi|10 1671 1774 312 gi|27 22357 22467
msp 3754 s 359 89.2 1 312 gi|27 22357 22467 634 gi|46 7022 7129
msp 2237 s 485 86.0 -1 94 gi|14 21739 21845 312 gi|27 22358 22468
msp 3756 s 545 88.2 -1 312 gi|27 22358 22467 752 gi|53 5088 5199
msp 1349 s 391 91.3 -1 913 gi|9 32517 32619 312 gi|27 22358 22459
msp 3758 s 382 93.8 1 312 gi|27 22358 22405 825 gi|57 28248 28295
msp 3760 s 252 85.4 -1 312 gi|27 22358 22405 335 gi|29 8629 8674
msp 535 s 586 79.7 1 193 gi|2 21940 22180 312 gi|27 22359 22597
msp 3766 s 351 82.6 -1 312 gi|27 22359 22473 338 gi|29 11685 11791
msp 2241 s 652 91.7 1 94 gi|14 21740 21848 312 gi|27 22359 22470
msp 1681 s 336 81.1 1 37 gi|10 27201 27311 312 gi|27 22359 22468
msp 3762 s 292 80.0 1 312 gi|27 22359 22468 653 gi|47 3044 3156
msp 183 s 414 87.0 -1 368 gi|3 33913 34020 312 gi|27 22359 22467
msp 537 s 302 77.5 -1 193 gi|2 21940 22041 312 gi|27 22359 22467
msp 3764 s 267 93.6 -1 312 gi|27 22359 22405 807 gi|57 466 510
msp 3768 s 265 80.6 1 312 gi|27 22360 22467 346 gi|29 28020 28120
msp 3770 s 306 77.4 1 312 gi|27 22362 22467 772 gi|54 24046 24146
msp 1351 s 384 86.3 1 913 gi|9 32517 32618 312 gi|27 22367 22467
msp 3503 s 261 81.0 -1 289 gi|25 37734 37791 312 gi|27 22411 22467
msp 2567 s 269 89.6 -1 121 gi|16 7129 7176 312 gi|27 22421 22467
