index 335
frag gi|29 8608 8675
img_no 8
msp 1493 s 285 84.0 -1 20 gi|10 1669 1743 335 gi|29 8608 8675
msp 345 s 280 88.5 -1 13 gi|1 24380 24440 335 gi|29 8616 8674
msp 3800 s 317 84.9 -1 335 gi|29 8623 8675 561 gi|41 11402 11454
msp 3802 s 306 84.3 1 335 gi|29 8623 8673 807 gi|57 460 510
msp 2265 s 301 86.0 1 94 gi|14 21796 21845 335 gi|29 8625 8674
msp 1387 s 330 89.4 1 913 gi|9 32573 32619 335 gi|29 8628 8674
msp 3761 s 252 85.4 -1 312 gi|27 22358 22405 335 gi|29 8629 8674
msp 3559 s 254 91.2 1 269 gi|24 35496 35529 335 gi|29 8629 8662
