index 339
frag gi|29 14356 14475
img_no 10
msp 2477 s 258 77.0 -1 109 gi|15 15044 15143 339 gi|29 14356 14456
msp 1741 s 363 89.1 1 42 gi|10 38524 38624 339 gi|29 14359 14455
msp 1569 s 355 82.2 1 23 gi|10 4808 4908 339 gi|29 14372 14469
msp 2463 s 344 78.3 -1 109 gi|15 14971 15067 339 gi|29 14372 14467
msp 2437 s 491 81.3 -1 109 gi|15 14916 15006 339 gi|29 14372 14462
msp 2457 s 396 80.0 1 109 gi|15 14951 15035 339 gi|29 14372 14456
msp 1563 s 278 81.7 -1 23 gi|10 4789 4870 339 gi|29 14372 14448
msp 2473 s 313 81.2 1 109 gi|15 15017 15096 339 gi|29 14377 14456
msp 1755 s 300 75.8 -1 42 gi|10 38567 38632 339 gi|29 14396 14462
msp 2433 s 336 82.0 1 109 gi|15 14915 14992 339 gi|29 14397 14475
