index 342
frag gi|29 15608 15836
img_no 21
msp 2441 s 653 80.9 -1 109 gi|15 14918 15074 342 gi|29 15608 15775
msp 2439 s 405 79.6 -1 109 gi|15 14916 15013 342 gi|29 15608 15716
msp 1543 s 380 79.5 1 23 gi|10 4742 4897 342 gi|29 15619 15769
msp 2447 s 812 77.5 -1 109 gi|15 14924 15127 342 gi|29 15627 15830
msp 2459 s 841 80.3 1 109 gi|15 14952 15124 342 gi|29 15627 15799
msp 2471 s 528 80.2 1 109 gi|15 15013 15123 342 gi|29 15627 15737
msp 1571 s 338 84.1 1 23 gi|10 4809 4896 342 gi|29 15627 15707
msp 1559 s 291 82.7 -1 23 gi|10 4789 4869 342 gi|29 15627 15702
msp 2479 s 283 88.2 1 109 gi|15 15074 15124 342 gi|29 15627 15677
msp 1749 s 332 87.0 -1 42 gi|10 38561 38629 342 gi|29 15652 15724
msp 1555 s 440 82.6 -1 23 gi|10 4789 4903 342 gi|29 15654 15763
msp 1759 s 290 79.2 1 42 gi|10 38572 38624 342 gi|29 15657 15709
msp 2443 s 1021 83.0 1 109 gi|15 14923 15098 342 gi|29 15659 15834
msp 2465 s 438 69.2 -1 109 gi|15 14983 15128 342 gi|29 15687 15832
msp 1751 s 297 76.6 1 42 gi|10 38561 38624 342 gi|29 15705 15770
msp 2435 s 686 82.8 1 109 gi|15 14916 15037 342 gi|29 15713 15834
msp 1551 s 475 82.5 -1 23 gi|10 4789 4902 342 gi|29 15714 15824
msp 1557 s 316 77.3 1 23 gi|10 4789 4898 342 gi|29 15727 15831
msp 1743 s 317 79.0 1 42 gi|10 38543 38623 342 gi|29 15744 15830
msp 2475 s 275 68.2 -1 109 gi|15 15040 15127 342 gi|29 15749 15836
msp 1579 s 297 83.3 -1 23 gi|10 4850 4897 342 gi|29 15782 15829
