index 346
frag gi|29 27942 28296
img_no 21
msp 3834 s 310 76.3 1 346 gi|29 27942 28127 653 gi|47 2976 3159
msp 3836 s 376 80.5 1 346 gi|29 28005 28122 752 gi|53 5075 5200
msp 517 s 258 82.8 1 193 gi|2 21917 22044 346 gi|29 28007 28123
msp 2227 s 271 73.9 1 94 gi|14 21735 21845 346 gi|29 28013 28121
msp 951 s 256 88.6 1 900 gi|8 34680 34723 346 gi|29 28016 28058
msp 211 s 255 85.0 -1 368 gi|3 33943 34022 346 gi|29 28017 28087
msp 9 s 283 82.0 -1 538 gi|4 6171 6231 346 gi|29 28018 28081
msp 3840 s 304 75.5 -1 346 gi|29 28020 28296 772 gi|54 23881 24145
msp 3287 s 310 79.9 1 272 gi|25 2149 2292 346 gi|29 28020 28161
msp 3844 s 254 76.9 -1 346 gi|29 28020 28123 752 gi|53 5084 5197
msp 3846 s 337 74.5 1 346 gi|29 28020 28121 634 gi|46 7025 7130
msp 203 s 372 74.8 1 368 gi|3 33914 34020 346 gi|29 28020 28120
msp 2251 s 337 76.0 -1 94 gi|14 21740 21843 346 gi|29 28020 28120
msp 3769 s 265 80.6 1 312 gi|27 22360 22467 346 gi|29 28020 28120
msp 1361 s 416 82.7 -1 913 gi|9 32520 32617 346 gi|29 28020 28109
msp 3838 s 267 83.3 -1 346 gi|29 28020 28091 452 gi|34 32634 32716
msp 351 s 285 89.9 1 13 gi|1 24382 24450 346 gi|29 28020 28090
msp 3842 s 327 91.9 1 346 gi|29 28020 28081 561 gi|41 11405 11467
msp 3848 s 267 88.6 -1 346 gi|29 28020 28063 395 gi|31 33285 33328
msp 3850 s 345 79.0 1 346 gi|29 28021 28120 772 gi|54 24045 24146
msp 1511 s 355 83.0 1 20 gi|10 1674 1773 346 gi|29 28022 28121
