index 361
frag gi|3 15092 15198
img_no 17
msp 98 s 287 83.5 1 361 gi|3 15092 15170 589 gi|43 9553 9632
msp 100 s 260 82.2 1 361 gi|3 15098 15170 638 gi|46 13314 13387
msp 102 s 285 80.6 -1 361 gi|3 15104 15170 872 gi|60 39544 39607
msp 104 s 258 78.7 1 361 gi|3 15109 15169 661 gi|47 20907 20967
msp 106 s 299 86.4 1 361 gi|3 15112 15170 285 gi|25 31664 31722
msp 108 s 253 84.2 -1 361 gi|3 15114 15170 876 gi|7 15890 15946
msp 110 s 256 86.0 -1 361 gi|3 15114 15170 510 gi|38 28125 28181
msp 112 s 255 86.8 1 361 gi|3 15116 15198 37 gi|10 27259 27342
msp 114 s 254 84.6 1 361 gi|3 15118 15169 80 gi|13 22973 23022
msp 116 s 315 82.7 -1 361 gi|3 15119 15170 105 gi|15 7965 8016
msp 118 s 255 84.6 -1 361 gi|3 15119 15170 746 gi|52 24934 24983
msp 120 s 268 86.0 -1 361 gi|3 15120 15169 413 gi|32 39634 39681
msp 122 s 272 84.0 -1 361 gi|3 15121 15170 916 gi|9 39349 39399
msp 124 s 263 88.0 1 361 gi|3 15121 15170 533 gi|39 33188 33233
msp 126 s 264 87.8 1 361 gi|3 15122 15170 873 gi|7 11797 11843
msp 128 s 255 83.3 -1 361 gi|3 15123 15170 37 gi|10 27200 27246
msp 130 s 312 86.5 -1 361 gi|3 15127 15178 825 gi|57 28237 28288
