index 368
frag gi|3 33891 34103
img_no 33
msp 158 s 524 82.8 -1 368 gi|3 33891 34024 94 gi|14 21736 21867
msp 160 s 353 86.1 -1 368 gi|3 33906 34020 634 gi|46 7024 7137
msp 162 s 357 87.8 1 368 gi|3 33906 34020 752 gi|53 5084 5198
msp 164 s 404 80.2 -1 368 gi|3 33907 34083 752 gi|53 5038 5206
msp 168 s 535 82.5 1 368 gi|3 33910 34103 312 gi|27 22356 22565
msp 166 s 250 80.3 1 368 gi|3 33910 33985 289 gi|25 37731 37809
msp 170 s 518 85.5 1 368 gi|3 33911 34020 634 gi|46 7022 7129
msp 172 s 294 84.5 -1 368 gi|3 33911 34020 20 gi|10 1671 1774
msp 174 s 251 82.7 -1 368 gi|3 33911 34008 80 gi|13 22927 23024
msp 176 s 437 82.2 -1 368 gi|3 33912 34012 913 gi|9 32517 32619
msp 178 s 250 84.4 -1 368 gi|3 33912 33956 395 gi|31 33285 33330
msp 559 s 282 80.1 1 193 gi|2 21940 22080 368 gi|3 33913 34047
msp 190 s 328 85.0 -1 368 gi|3 33913 34025 653 gi|47 3039 3155
msp 196 s 340 81.4 -1 368 gi|3 33913 34025 338 gi|29 11686 11791
msp 180 s 281 75.7 1 368 gi|3 33913 34023 272 gi|25 2148 2250
msp 182 s 414 87.0 -1 368 gi|3 33913 34020 312 gi|27 22359 22467
msp 184 s 322 77.8 -1 368 gi|3 33913 34020 310 gi|27 19653 19757
msp 186 s 276 87.0 1 368 gi|3 33913 34020 310 gi|27 19653 19757
msp 188 s 464 91.7 1 368 gi|3 33913 34020 94 gi|14 21740 21844
msp 194 s 347 87.0 1 368 gi|3 33913 34020 338 gi|29 11691 11791
msp 198 s 269 81.5 1 368 gi|3 33913 34020 20 gi|10 1671 1772
msp 557 s 308 80.4 -1 193 gi|2 21940 22041 368 gi|3 33913 34020
msp 192 s 358 82.9 -1 368 gi|3 33913 34017 772 gi|54 24046 24146
msp 200 s 466 86.1 1 368 gi|3 33914 34021 653 gi|47 3047 3156
msp 202 s 372 74.8 1 368 gi|3 33914 34020 346 gi|29 28020 28120
msp 204 s 298 82.9 1 368 gi|3 33916 34020 772 gi|54 24046 24146
msp 206 s 269 89.0 1 368 gi|3 33921 34020 913 gi|9 32517 32618
msp 208 s 255 81.0 1 368 gi|3 33924 34028 83 gi|13 30478 30596
msp 210 s 255 85.0 -1 368 gi|3 33943 34022 346 gi|29 28017 28087
msp 212 s 265 77.5 -1 368 gi|3 33970 34058 343 gi|29 19682 19773
msp 216 s 373 88.9 -1 368 gi|3 33976 34029 568 gi|41 28722 28775
msp 214 s 320 93.3 -1 368 gi|3 33976 34020 289 gi|25 37734 37778
msp 218 s 312 93.3 -1 368 gi|3 33976 34020 825 gi|57 28249 28293
