index 375
frag gi|30 20324 20518
img_no 12
msp 3928 s 507 79.3 -1 375 gi|30 20324 20468 443 gi|34 22198 22351
msp 3930 s 610 85.6 1 375 gi|30 20326 20478 397 gi|31 34009 34169
msp 3932 s 506 81.2 -1 375 gi|30 20327 20518 731 gi|51 16421 16611
msp 2621 s 551 83.4 1 130 gi|16 23429 23591 375 gi|30 20327 20492
msp 3057 s 372 77.4 -1 184 gi|19 38482 38640 375 gi|30 20327 20477
msp 375 s 295 85.6 -1 17 gi|1 37345 37497 375 gi|30 20327 20470
msp 3137 s 281 84.0 1 225 gi|21 13703 13846 375 gi|30 20328 20461
msp 3934 s 253 75.6 1 375 gi|30 20352 20474 482 gi|37 3377 3502
msp 2961 s 411 84.5 -1 166 gi|19 2326 2454 375 gi|30 20372 20503
msp 273 s 413 84.4 1 10 gi|1 18907 18996 375 gi|30 20377 20470
msp 2813 s 379 82.3 -1 162 gi|18 23586 23670 375 gi|30 20382 20470
msp 3297 s 352 75.2 -1 274 gi|25 3870 3970 375 gi|30 20387 20489
