index 385
frag gi|31 14220 14366
img_no 14
msp 269 s 579 85.9 1 10 gi|1 18881 19022 385 gi|31 14220 14366
msp 3962 s 313 80.8 -1 385 gi|31 14246 14323 834 gi|59 1689 1767
msp 3964 s 364 89.4 -1 385 gi|31 14249 14333 443 gi|34 22197 22271
msp 3303 s 461 85.7 -1 274 gi|25 3889 3972 385 gi|31 14252 14332
msp 2963 s 333 83.3 -1 166 gi|19 2347 2436 385 gi|31 14254 14337
msp 3061 s 334 80.3 -1 184 gi|19 38493 38568 385 gi|31 14254 14329
msp 3966 s 416 82.9 -1 385 gi|31 14254 14329 731 gi|51 16464 16539
msp 2643 s 346 80.3 1 130 gi|16 23498 23573 385 gi|31 14254 14328
msp 2759 s 405 86.1 -1 154 gi|18 5609 5687 385 gi|31 14257 14336
msp 371 s 349 84.0 -1 17 gi|1 37344 37424 385 gi|31 14257 14334
msp 2817 s 400 84.4 -1 162 gi|18 23587 23663 385 gi|31 14257 14333
msp 3968 s 252 82.9 -1 385 gi|31 14257 14332 794 gi|56 22260 22332
msp 3143 s 256 84.6 1 225 gi|21 13781 13845 385 gi|31 14257 14325
msp 3970 s 318 85.0 1 385 gi|31 14269 14328 590 gi|43 11642 11703
