index 397
frag gi|31 33975 34218
img_no 22
msp 3994 s 849 82.9 -1 397 gi|31 33975 34155 443 gi|34 22205 22388
msp 3996 s 454 77.6 1 397 gi|31 33988 34161 473 gi|36 22564 22734
msp 2615 s 719 83.1 1 130 gi|16 23416 23569 397 gi|31 33995 34155
msp 381 s 565 81.8 -1 17 gi|1 37346 37504 397 gi|31 34002 34160
msp 3998 s 423 81.4 -1 397 gi|31 34003 34163 794 gi|56 22260 22415
msp 3931 s 610 85.6 1 375 gi|30 20326 20478 397 gi|31 34009 34169
msp 3051 s 629 74.7 -1 184 gi|19 38428 38640 397 gi|31 34010 34218
msp 4000 s 803 85.1 -1 397 gi|31 34010 34157 731 gi|51 16464 16611
msp 3135 s 554 82.3 1 225 gi|21 13703 13849 397 gi|31 34011 34158
msp 4002 s 314 77.9 -1 397 gi|31 34011 34155 744 gi|52 21360 21503
msp 4004 s 284 80.8 1 397 gi|31 34020 34144 551 gi|40 16550 16691
msp 877 s 318 71.0 -1 898 gi|8 30195 30301 397 gi|31 34022 34128
msp 2809 s 592 84.0 -1 162 gi|18 23536 23710 397 gi|31 34036 34212
msp 2969 s 602 82.8 -1 166 gi|19 2355 2476 397 gi|31 34042 34159
msp 2307 s 336 77.3 -1 99 gi|14 35436 35545 397 gi|31 34045 34148
msp 4006 s 355 78.8 1 397 gi|31 34057 34155 590 gi|43 11606 11700
msp 2765 s 516 87.6 -1 154 gi|18 5612 5700 397 gi|31 34070 34160
msp 4008 s 306 77.1 1 397 gi|31 34073 34155 482 gi|37 3407 3492
msp 289 s 416 81.5 1 10 gi|1 18915 19033 397 gi|31 34083 34196
msp 3299 s 443 84.7 -1 274 gi|25 3880 3964 397 gi|31 34088 34169
msp 4010 s 434 91.8 -1 397 gi|31 34092 34152 834 gi|59 1689 1748
msp 4012 s 261 79.6 -1 397 gi|31 34106 34154 793 gi|56 18809 18858
