index 401
frag gi|32 7302 7429
img_no 9
msp 2069 s 316 88.9 1 80 gi|13 22942 23022 401 gi|32 7302 7371
msp 4020 s 293 87.1 -1 401 gi|32 7302 7371 653 gi|47 3044 3116
msp 4022 s 268 76.8 -1 401 gi|32 7304 7411 744 gi|52 21360 21465
msp 3889 s 271 82.0 -1 347 gi|29 32070 32130 401 gi|32 7305 7370
msp 4024 s 317 91.7 1 401 gi|32 7313 7372 422 gi|33 14431 14491
msp 2757 s 292 85.9 -1 154 gi|18 5601 5692 401 gi|32 7319 7429
msp 4026 s 276 94.2 1 401 gi|32 7320 7371 712 gi|50 2499 2550
msp 791 s 277 93.8 -1 890 gi|8 3195 3242 401 gi|32 7328 7372
msp 2407 s 260 93.5 1 106 gi|15 9570 9615 401 gi|32 7328 7371
