index 412
frag gi|32 36870 37256
img_no 15
msp 4086 s 252 75.5 -1 412 gi|32 36870 36971 565 gi|41 21162 21277
msp 1325 s 1056 83.2 -1 912 gi|9 31159 31455 412 gi|32 36886 37210
msp 4088 s 408 81.9 1 412 gi|32 36889 36971 435 gi|34 2378 2458
msp 1939 s 255 74.1 -1 702 gi|5 5216 5300 412 gi|32 36896 36978
msp 4090 s 277 77.6 -1 412 gi|32 36896 36971 421 gi|33 14256 14329
msp 2675 s 316 80.5 -1 139 gi|17 1897 1978 412 gi|32 36897 36973
msp 1311 s 703 100.0 -1 911 gi|9 30934 31008 412 gi|32 36897 36971
msp 3029 s 250 82.5 -1 174 gi|19 13449 13665 412 gi|32 36904 37076
msp 1315 s 1376 85.5 -1 912 gi|9 31027 31336 412 gi|32 36905 37224
msp 1317 s 487 79.3 -1 912 gi|9 31033 31216 412 gi|32 36914 37094
msp 4092 s 281 75.7 -1 412 gi|32 37010 37194 526 gi|39 20319 20499
msp 3389 s 263 73.1 -1 282 gi|25 24498 24575 412 gi|32 37010 37094
msp 4094 s 250 74.1 -1 412 gi|32 37024 37077 487 gi|37 17957 18010
msp 3037 s 251 77.8 -1 174 gi|19 13611 13664 412 gi|32 37024 37076
msp 4096 s 256 78.8 -1 412 gi|32 37144 37256 588 gi|43 6686 6793
