index 417
frag gi|33 7229 7893
img_no 9
msp 255 s 585 77.7 1 6 gi|1 7028 7698 417 gi|33 7229 7879
msp 3183 s 488 75.2 1 236 gi|22 5940 6557 417 gi|33 7272 7893
msp 1731 s 297 75.9 1 41 gi|10 37547 38010 417 gi|33 7319 7776
msp 4122 s 264 75.5 -1 417 gi|33 7319 7776 528 gi|39 21451 21914
msp 4124 s 264 75.5 1 417 gi|33 7319 7776 557 gi|40 32267 32730
msp 4126 s 264 75.5 1 417 gi|33 7319 7776 813 gi|57 9240 9703
msp 4128 s 264 75.5 1 417 gi|33 7319 7776 821 gi|57 20370 20833
msp 4130 s 264 75.5 1 417 gi|33 7319 7776 671 gi|48 10900 11363
msp 3159 s 2026 81.0 1 234 gi|22 527 1031 417 gi|33 7367 7879
