index 420
frag gi|33 11256 11422
img_no 26
msp 1685 s 310 86.1 1 37 gi|10 27242 27320 420 gi|33 11256 11334
msp 1453 s 290 89.0 -1 916 gi|9 39347 39419 420 gi|33 11256 11327
msp 2377 s 266 86.1 1 106 gi|15 9547 9618 420 gi|33 11259 11327
msp 669 s 283 87.0 -1 199 gi|2 36035 36103 420 gi|33 11259 11325
msp 695 s 262 89.5 1 199 gi|2 36074 36149 420 gi|33 11259 11324
msp 1109 s 287 82.8 1 876 gi|7 15819 15876 420 gi|33 11267 11326
msp 3679 s 283 87.5 -1 326 gi|28 31821 31876 420 gi|33 11272 11327
msp 4134 s 251 81.3 1 420 gi|33 11273 11422 712 gi|50 2502 2640
msp 3863 s 278 87.7 -1 347 gi|29 32051 32115 420 gi|33 11274 11335
msp 4136 s 262 89.3 -1 420 gi|33 11274 11329 477 gi|36 29291 29347
msp 4140 s 262 85.0 -1 420 gi|33 11275 11334 510 gi|38 28114 28174
msp 4142 s 277 85.2 -1 420 gi|33 11275 11328 812 gi|57 8256 8307
msp 4138 s 274 90.2 -1 420 gi|33 11275 11325 653 gi|47 3043 3091
msp 3363 s 267 87.5 -1 275 gi|25 5775 5822 420 gi|33 11275 11324
msp 1045 s 279 87.7 1 873 gi|7 11795 11859 420 gi|33 11276 11337
msp 4144 s 263 81.4 -1 420 gi|33 11276 11334 533 gi|39 33103 33159
msp 3425 s 319 92.2 1 285 gi|25 31675 31725 420 gi|33 11276 11328
msp 4146 s 271 86.5 -1 420 gi|33 11276 11327 746 gi|52 24932 24981
msp 4045 s 280 83.6 -1 404 gi|32 20060 20114 420 gi|33 11277 11332
msp 1189 s 262 86.3 -1 876 gi|7 15886 15936 420 gi|33 11277 11329
msp 3621 s 303 91.8 -1 319 gi|28 689 737 420 gi|33 11277 11327
msp 4148 s 276 90.2 -1 420 gi|33 11277 11327 861 gi|60 10173 10223
msp 4109 s 307 93.8 -1 413 gi|32 39632 39679 420 gi|33 11277 11326
msp 2111 s 287 93.5 1 80 gi|13 22977 23022 420 gi|33 11277 11324
msp 4150 s 290 96.2 1 420 gi|33 11279 11331 711 gi|50 1514 1565
msp 4152 s 255 86.3 1 420 gi|33 11279 11329 608 gi|44 16387 16437
