index 433
frag gi|33 38600 40000
img_no 9
msp 2323 s 283 91.5 1 105 gi|15 7947 8017 433 gi|33 38600 38662
msp 2889 s 267 84.4 1 202 gi|20 3882 3945 433 gi|33 38606 38665
msp 1063 s 275 82.3 -1 873 gi|7 11797 11847 433 gi|33 38608 38659
msp 1183 s 271 90.4 1 876 gi|7 15885 15936 433 gi|33 38608 38658
msp 3627 s 268 86.0 1 319 gi|28 690 739 433 gi|33 38611 38660
msp 3401 s 271 81.7 -1 285 gi|25 31608 31722 433 gi|33 38612 38714
msp 2891 s 11685 97.8 1 203 gi|20 4029 5421 433 gi|33 38634 40000
msp 2897 s 11720 99.2 1 204 gi|20 10299 11598 433 gi|33 38702 40000
msp 3927 s 11703 99.3 1 374 gi|30 14486 15779 433 gi|33 38706 40000
