index 473
frag gi|36 22541 22801
img_no 9
msp 4250 s 812 82.8 -1 473 gi|36 22541 22726 794 gi|56 22269 22459
msp 4252 s 790 82.9 -1 473 gi|36 22548 22728 744 gi|52 21360 21548
msp 4221 s 256 75.7 -1 443 gi|34 22201 22377 473 gi|36 22561 22729
msp 3997 s 454 77.6 1 397 gi|31 33988 34161 473 gi|36 22564 22734
msp 3133 s 887 88.7 1 225 gi|21 13700 13850 473 gi|36 22586 22732
msp 361 s 280 81.9 -1 17 gi|1 37276 37496 473 gi|36 22589 22801
msp 2625 s 291 79.2 1 130 gi|16 23430 23573 473 gi|36 22589 22729
msp 4254 s 422 81.3 -1 473 gi|36 22591 22729 731 gi|51 16465 16610
msp 2773 s 424 87.2 -1 154 gi|18 5615 5700 473 gi|36 22652 22730
