index 482
frag gi|37 3354 3549
img_no 19
msp 2627 s 263 77.7 1 130 gi|16 23430 23577 482 gi|37 3354 3498
msp 2955 s 425 78.3 1 218 gi|20 37244 37349 482 gi|37 3375 3479
msp 3935 s 253 75.6 1 375 gi|30 20352 20474 482 gi|37 3377 3502
msp 3909 s 516 82.5 -1 372 gi|30 5896 6021 482 gi|37 3378 3516
msp 4282 s 463 80.8 1 482 gi|37 3378 3481 551 gi|40 16588 16691
msp 4284 s 285 82.2 -1 482 gi|37 3384 3512 731 gi|51 16440 16563
msp 3053 s 280 79.7 -1 184 gi|19 38445 38592 482 gi|37 3389 3549
msp 4223 s 274 78.0 -1 443 gi|34 22204 22285 482 gi|37 3403 3493
msp 4009 s 306 77.1 1 397 gi|31 34073 34155 482 gi|37 3407 3492
msp 4286 s 263 75.7 1 482 gi|37 3410 3479 783 gi|55 24974 25040
msp 4288 s 296 82.0 1 482 gi|37 3411 3488 499 gi|38 11437 11507
msp 2753 s 358 75.4 -1 154 gi|18 5578 5691 482 gi|37 3412 3529
msp 2979 s 291 79.5 -1 166 gi|19 2361 2438 482 gi|37 3412 3490
msp 287 s 280 78.4 1 10 gi|1 18914 18987 482 gi|37 3414 3490
msp 379 s 252 73.5 -1 17 gi|1 37345 37427 482 gi|37 3420 3498
msp 2829 s 383 80.8 -1 162 gi|18 23594 23666 482 gi|37 3420 3493
msp 4290 s 297 85.5 1 482 gi|37 3422 3476 625 gi|45 14553 14612
msp 3295 s 280 72.0 -1 274 gi|25 3856 3955 482 gi|37 3434 3531
msp 4292 s 303 75.0 -1 482 gi|37 3434 3489 834 gi|59 1689 1744
