index 487
frag gi|37 17877 18061
img_no 9
msp 4296 s 348 79.7 1 487 gi|37 17877 17935 640 gi|46 15000 15058
msp 831 s 323 80.4 -1 892 gi|8 17077 17132 487 gi|37 17880 17935
msp 1915 s 259 77.1 1 694 gi|5 1875 2053 487 gi|37 17883 18061
msp 4298 s 284 86.1 1 487 gi|37 17944 18022 500 gi|38 13435 13514
msp 1921 s 250 79.5 1 695 gi|5 2107 2184 487 gi|37 17947 18023
msp 4300 s 278 82.1 1 487 gi|37 17949 18015 526 gi|39 20423 20489
msp 3393 s 591 98.4 1 282 gi|25 24513 24576 487 gi|37 17957 18020
msp 1327 s 250 74.1 1 912 gi|9 31171 31224 487 gi|37 17957 18010
msp 4095 s 250 74.1 -1 412 gi|32 37024 37077 487 gi|37 17957 18010
