index 499
frag gi|38 11242 11526
img_no 10
msp 4331 s 254 79.0 -1 491 gi|37 34010 34262 499 gi|38 11242 11500
msp 4342 s 428 82.3 -1 499 gi|38 11434 11501 834 gi|59 1698 1765
msp 2293 s 288 78.5 -1 97 gi|14 32557 32649 499 gi|38 11437 11526
msp 4289 s 296 82.0 1 482 gi|37 3411 3488 499 gi|38 11437 11507
msp 4227 s 281 76.7 -1 443 gi|34 22208 22267 499 gi|38 11450 11508
msp 3921 s 313 95.3 -1 372 gi|30 5923 5965 499 gi|38 11453 11497
msp 4344 s 268 79.2 -1 499 gi|38 11454 11501 731 gi|51 16478 16525
msp 373 s 274 84.1 -1 17 gi|1 37344 37412 499 gi|38 11455 11515
msp 2835 s 346 83.3 -1 162 gi|18 23598 23651 499 gi|38 11455 11508
msp 4346 s 271 93.9 1 499 gi|38 11461 11493 551 gi|40 16650 16682
