index 522
frag gi|39 10810 11144
img_no 7
msp 4307 s 287 73.9 -1 488 gi|37 19051 19334 522 gi|39 10810 11082
msp 4456 s 329 80.2 -1 522 gi|39 10816 10931 643 gi|46 24656 24775
msp 4458 s 295 75.5 -1 522 gi|39 10825 10975 643 gi|46 24668 24818
msp 4305 s 264 71.6 -1 488 gi|37 19007 19249 522 gi|39 10833 11076
msp 4460 s 343 72.0 -1 522 gi|39 10913 11144 643 gi|46 24647 24884
msp 4303 s 299 79.0 1 488 gi|37 19001 19148 522 gi|39 10934 11080
msp 567 s 292 86.5 -1 195 gi|2 27777 27850 522 gi|39 11010 11085
