index 528
frag gi|39 21308 22433
img_no 10
msp 4474 s 10077 100.0 -1 528 gi|39 21308 22433 671 gi|48 10381 11506
msp 1727 s 10055 100.0 -1 41 gi|10 37028 38150 528 gi|39 21311 22433
msp 4476 s 10055 100.0 -1 528 gi|39 21311 22433 557 gi|40 31748 32870
msp 4478 s 10055 100.0 -1 528 gi|39 21311 22433 813 gi|57 8721 9843
msp 4480 s 10055 100.0 -1 528 gi|39 21311 22433 821 gi|57 19851 20973
msp 4482 s 1051 100.0 1 528 gi|39 21311 21425 805 gi|56 39886 40000
msp 2863 s 2593 96.3 1 200 gi|20 1 325 528 gi|39 21426 21761
msp 4123 s 264 75.5 -1 417 gi|33 7319 7776 528 gi|39 21451 21914
msp 3163 s 339 80.1 -1 234 gi|22 749 929 528 gi|39 21451 21650
msp 2885 s 6439 100.0 1 202 gi|20 2880 3605 528 gi|39 21708 22433
