index 555
frag gi|40 21003 21171
img_no 26
msp 3893 s 254 79.8 -1 350 gi|29 33025 33143 555 gi|40 21003 21112
msp 4566 s 402 86.0 -1 555 gi|40 21018 21110 724 gi|50 32853 32948
msp 3947 s 265 73.9 -1 377 gi|30 23606 23693 555 gi|40 21027 21115
msp 4568 s 265 85.3 -1 555 gi|40 21035 21109 634 gi|46 7024 7087
msp 4570 s 287 85.1 -1 555 gi|40 21041 21127 715 gi|50 15133 15220
msp 3781 s 322 83.7 1 318 gi|27 38611 38696 555 gi|40 21043 21129
msp 4572 s 299 87.5 -1 555 gi|40 21053 21108 564 gi|41 19922 19981
msp 4574 s 284 90.9 1 555 gi|40 21057 21111 638 gi|46 13334 13388
msp 2729 s 275 85.2 -1 149 gi|17 34879 34932 555 gi|40 21059 21110
msp 4576 s 293 84.6 1 555 gi|40 21059 21110 835 gi|59 1954 2005
msp 4367 s 280 89.5 -1 507 gi|38 21304 21360 555 gi|40 21060 21113
msp 4578 s 382 89.4 1 555 gi|40 21062 21127 620 gi|44 39718 39783
msp 4201 s 326 86.0 -1 432 gi|33 29652 29708 555 gi|40 21062 21115
msp 2991 s 297 79.4 -1 169 gi|19 6313 6414 555 gi|40 21063 21171
msp 3107 s 306 83.2 1 220 gi|21 4606 4712 555 gi|40 21063 21167
msp 1797 s 280 90.0 -1 54 gi|12 7537 7596 555 gi|40 21063 21115
msp 3485 s 305 88.9 1 288 gi|25 36473 36526 555 gi|40 21063 21114
msp 4580 s 463 100.0 1 555 gi|40 21063 21112 715 gi|50 15275 15324
msp 4584 s 327 88.0 1 555 gi|40 21063 21112 766 gi|54 7564 7616
msp 4586 s 274 87.8 1 555 gi|40 21063 21111 564 gi|41 19862 19912
msp 2157 s 295 83.3 1 83 gi|13 30541 30588 555 gi|40 21063 21110
msp 4588 s 282 91.7 1 555 gi|40 21063 21110 754 gi|53 10516 10563
msp 4582 s 263 89.1 1 555 gi|40 21063 21108 795 gi|56 22481 22529
msp 4395 s 275 92.7 -1 510 gi|38 28118 28172 555 gi|40 21064 21117
msp 1057 s 273 90.2 1 873 gi|7 11796 11846 555 gi|40 21064 21113
msp 4590 s 270 95.7 1 555 gi|40 21064 21109 589 gi|43 9586 9631
