index 557
frag gi|40 31419 32871
img_no 11
msp 4489 s 2564 99.1 -1 530 gi|39 24877 25203 557 gi|40 31419 31753
msp 4594 s 12554 99.6 1 557 gi|40 31435 32870 813 gi|57 8408 9843
msp 4596 s 12523 99.0 1 557 gi|40 31437 32870 821 gi|57 19543 20973
msp 2883 s 8909 99.3 -1 202 gi|20 2880 3913 557 gi|40 31438 32473
msp 4598 s 12575 99.4 1 557 gi|40 31440 32870 671 gi|48 10073 11503
msp 1723 s 12552 100.0 1 41 gi|10 36752 38150 557 gi|40 31472 32870
msp 4477 s 10055 100.0 -1 528 gi|39 21311 22433 557 gi|40 31748 32870
msp 4125 s 264 75.5 1 417 gi|33 7319 7776 557 gi|40 32267 32730
msp 2861 s 2593 96.3 -1 200 gi|20 1 325 557 gi|40 32420 32755
msp 3165 s 339 80.1 1 234 gi|22 749 929 557 gi|40 32531 32730
msp 4600 s 1058 100.0 -1 557 gi|40 32756 32871 805 gi|56 39885 40000
