index 561
frag gi|41 11402 11476
img_no 8
msp 3991 s 296 76.0 -1 395 gi|31 33257 33331 561 gi|41 11402 11476
msp 4239 s 286 85.7 -1 452 gi|34 32643 32719 561 gi|41 11402 11472
msp 1495 s 290 84.6 1 20 gi|10 1669 1733 561 gi|41 11402 11466
msp 3801 s 317 84.9 -1 335 gi|29 8623 8675 561 gi|41 11402 11454
msp 2693 s 263 87.5 -1 143 gi|17 16812 16859 561 gi|41 11403 11450
msp 1381 s 342 85.9 -1 913 gi|9 32548 32618 561 gi|41 11404 11467
msp 3283 s 281 81.7 1 272 gi|25 2148 2207 561 gi|41 11404 11466
msp 3843 s 327 91.9 1 346 gi|29 28020 28081 561 gi|41 11405 11467
