index 565
frag gi|41 21108 21322
img_no 11
msp 4465 s 265 81.3 1 526 gi|39 20241 20374 565 gi|41 21108 21233
msp 4644 s 292 78.0 -1 565 gi|41 21122 21230 659 gi|47 12366 12472
msp 4073 s 252 74.8 -1 405 gi|32 20872 20974 565 gi|41 21129 21228
msp 2427 s 253 82.0 -1 108 gi|15 13210 13287 565 gi|41 21156 21232
msp 1333 s 256 80.6 1 912 gi|9 31367 31531 565 gi|41 21159 21321
msp 2421 s 251 80.3 -1 108 gi|15 13107 13182 565 gi|41 21161 21232
msp 4087 s 252 75.5 -1 412 gi|32 36870 36971 565 gi|41 21162 21277
msp 1289 s 261 74.4 1 905 gi|9 13998 14075 565 gi|41 21166 21243
msp 4646 s 275 76.8 -1 565 gi|41 21175 21230 658 gi|47 12134 12189
msp 4648 s 275 76.8 -1 565 gi|41 21175 21230 658 gi|47 12250 12305
msp 2199 s 290 75.2 -1 92 gi|14 8795 8935 565 gi|41 21178 21322
