index 568
frag gi|41 28615 28790
img_no 12
msp 2215 s 261 77.1 1 94 gi|14 21638 21803 568 gi|41 28615 28790
msp 513 s 309 81.1 1 193 gi|2 21881 21986 568 gi|41 28669 28777
msp 4652 s 271 84.1 -1 568 gi|41 28691 28778 653 gi|47 3108 3207
msp 3739 s 330 89.5 1 312 gi|27 22349 22405 568 gi|41 28721 28777
msp 217 s 373 88.9 -1 368 gi|3 33976 34029 568 gi|41 28722 28775
msp 3505 s 343 87.3 1 289 gi|25 37734 37788 568 gi|41 28731 28787
msp 2263 s 302 94.1 -1 94 gi|14 21794 21844 568 gi|41 28731 28786
msp 3831 s 307 85.7 1 343 gi|29 19723 19771 568 gi|41 28731 28779
msp 3817 s 298 89.4 -1 338 gi|29 11745 11791 568 gi|41 28731 28778
msp 4654 s 298 89.4 1 568 gi|41 28731 28777 825 gi|57 28249 28295
msp 4656 s 291 87.0 -1 568 gi|41 28731 28776 634 gi|46 7084 7129
msp 1355 s 280 92.5 1 913 gi|9 32517 32556 568 gi|41 28739 28778
