index 590
frag gi|43 11531 11705
img_no 20
msp 4659 s 411 81.6 -1 569 gi|41 29623 29758 590 gi|43 11531 11664
msp 2851 s 301 85.3 -1 165 gi|18 35142 35209 590 gi|43 11531 11597
msp 4702 s 322 91.8 1 590 gi|43 11535 11583 863 gi|60 13811 13859
msp 4641 s 302 98.1 1 564 gi|41 19920 19971 590 gi|43 11535 11580
msp 4547 s 261 95.9 -1 544 gi|40 3029 3077 590 gi|43 11535 11577
msp 3915 s 296 78.0 -1 372 gi|30 5920 6051 590 gi|43 11562 11687
msp 2973 s 417 81.3 -1 166 gi|19 2355 2461 590 gi|43 11602 11705
msp 3141 s 304 77.8 1 225 gi|21 13759 13848 590 gi|43 11605 11704
msp 4007 s 355 78.8 1 397 gi|31 34057 34155 590 gi|43 11606 11700
msp 387 s 357 79.2 -1 17 gi|1 37348 37443 590 gi|43 11612 11705
msp 4704 s 357 80.8 -1 590 gi|43 11612 11705 731 gi|51 16463 16557
msp 2825 s 375 82.1 -1 162 gi|18 23589 23672 590 gi|43 11620 11705
msp 2775 s 340 81.5 -1 154 gi|18 5615 5695 590 gi|43 11621 11704
msp 2303 s 284 81.7 -1 99 gi|14 35434 35504 590 gi|43 11622 11697
msp 4219 s 391 77.8 -1 443 gi|34 22199 22279 590 gi|43 11624 11705
msp 2641 s 325 74.7 1 130 gi|16 23495 23573 590 gi|43 11624 11703
msp 4706 s 280 81.5 -1 590 gi|43 11628 11692 834 gi|59 1693 1757
msp 3307 s 397 90.8 -1 274 gi|25 3892 3956 590 gi|43 11641 11704
msp 299 s 399 83.1 1 10 gi|1 18929 18993 590 gi|43 11642 11705
msp 3971 s 318 85.0 1 385 gi|31 14269 14328 590 gi|43 11642 11703
