index 620
frag gi|44 39618 39789
img_no 17
msp 4203 s 332 77.4 -1 432 gi|33 29655 29787 620 gi|44 39618 39771
msp 4762 s 265 84.8 -1 620 gi|44 39705 39783 715 gi|50 15133 15220
msp 4760 s 363 89.2 1 620 gi|44 39705 39769 715 gi|50 15255 15325
msp 4764 s 285 85.7 -1 620 gi|44 39710 39765 724 gi|50 32854 32911
msp 3095 s 275 79.1 1 220 gi|21 4598 4664 620 gi|44 39711 39777
msp 4766 s 271 87.0 1 620 gi|44 39712 39765 835 gi|59 1950 2004
msp 2143 s 267 83.0 1 83 gi|13 30535 30587 620 gi|44 39715 39765
msp 1163 s 259 86.5 -1 876 gi|7 15866 15939 620 gi|44 39717 39789
msp 3609 s 296 88.3 -1 319 gi|28 681 740 620 gi|44 39717 39776
msp 4579 s 382 89.4 1 555 gi|40 21062 21127 620 gi|44 39718 39783
msp 2573 s 273 87.8 -1 122 gi|16 7945 7993 620 gi|44 39718 39768
msp 2731 s 261 93.9 -1 149 gi|17 34880 34928 620 gi|44 39719 39765
msp 3487 s 268 87.2 1 288 gi|25 36473 36519 620 gi|44 39719 39764
msp 4639 s 260 89.4 1 564 gi|41 19862 19908 620 gi|44 39719 39763
msp 3449 s 292 96.4 1 285 gi|25 31676 31730 620 gi|44 39720 39777
msp 1059 s 261 90.9 1 873 gi|7 11796 11850 620 gi|44 39720 39771
msp 4768 s 277 92.3 -1 620 gi|44 39720 39771 861 gi|60 10170 10223
