index 630
frag gi|45 32133 32441
img_no 42
msp 1201 s 281 79.8 -1 876 gi|7 15889 15997 630 gi|45 32133 32248
msp 4531 s 304 83.7 -1 533 gi|39 33187 33284 630 gi|45 32163 32274
msp 4776 s 279 82.8 -1 630 gi|45 32181 32273 846 gi|59 31962 32057
msp 3405 s 329 84.6 1 285 gi|25 31657 31721 630 gi|45 32185 32246
msp 769 s 336 84.9 1 890 gi|8 3158 3243 630 gi|45 32188 32273
msp 1477 s 269 90.6 1 916 gi|9 39401 39464 630 gi|45 32192 32246
msp 3861 s 276 80.8 1 347 gi|29 32041 32113 630 gi|45 32199 32273
msp 4039 s 289 86.7 1 404 gi|32 20040 20114 630 gi|45 32199 32272
msp 2049 s 277 86.4 -1 80 gi|13 22901 22959 630 gi|45 32199 32251
msp 4101 s 328 88.2 -1 413 gi|32 39631 39681 630 gi|45 32199 32249
msp 4387 s 383 77.7 -1 510 gi|38 27986 28173 630 gi|45 32200 32402
msp 3349 s 260 83.3 -1 275 gi|25 5774 5821 630 gi|45 32200 32247
msp 4778 s 424 88.9 1 630 gi|45 32201 32272 846 gi|59 31963 32036
msp 3633 s 291 89.4 -1 319 gi|28 691 737 630 gi|45 32201 32247
msp 4379 s 258 89.8 -1 507 gi|38 21307 21355 630 gi|45 32202 32247
msp 1065 s 253 86.7 1 873 gi|7 11798 11842 630 gi|45 32202 32246
msp 2169 s 262 87.1 1 83 gi|13 30545 30606 630 gi|45 32203 32259
msp 1705 s 289 91.3 1 37 gi|10 27267 27312 630 gi|45 32203 32248
msp 4780 s 282 88.0 -1 630 gi|45 32215 32314 638 gi|46 13314 13398
msp 4179 s 318 91.8 -1 422 gi|33 14444 14504 630 gi|45 32216 32273
msp 4782 s 268 89.7 -1 630 gi|45 32217 32284 661 gi|47 20909 20977
msp 4784 s 270 87.3 -1 630 gi|45 32218 32272 712 gi|50 2505 2560
msp 1689 s 252 85.9 -1 37 gi|10 27256 27319 630 gi|45 32219 32282
msp 4369 s 259 90.7 1 507 gi|38 21305 21358 630 gi|45 32223 32273
msp 4679 s 339 88.5 -1 589 gi|43 9582 9633 630 gi|45 32224 32276
msp 4786 s 255 82.3 -1 630 gi|45 32224 32274 872 gi|60 39608 39657
msp 2397 s 281 87.8 -1 106 gi|15 9569 9617 630 gi|45 32224 32273
msp 3347 s 277 85.1 1 275 gi|25 5774 5820 630 gi|45 32225 32272
msp 3635 s 284 91.5 1 319 gi|28 691 737 630 gi|45 32225 32272
msp 2365 s 284 84.2 1 105 gi|15 7966 8047 630 gi|45 32226 32308
msp 965 s 283 88.5 1 900 gi|8 34682 34742 630 gi|45 32226 32291
msp 4788 s 325 92.2 1 630 gi|45 32226 32276 653 gi|47 3044 3093
msp 1019 s 319 92.0 -1 873 gi|7 11793 11842 630 gi|45 32226 32275
msp 1471 s 275 88.5 1 916 gi|9 39350 39401 630 gi|45 32226 32275
msp 1847 s 278 85.1 -1 58 gi|12 13104 13150 630 gi|45 32226 32273
msp 3423 s 290 91.5 -1 285 gi|25 31675 31721 630 gi|45 32226 32273
msp 4453 s 267 87.2 1 517 gi|39 1634 1680 630 gi|45 32226 32273
msp 693 s 286 91.5 1 199 gi|2 36036 36082 630 gi|45 32226 32273
msp 2109 s 269 91.3 -1 80 gi|13 22977 23022 630 gi|45 32226 32272
msp 4421 s 346 91.5 1 510 gi|38 28126 28172 630 gi|45 32226 32272
msp 2033 s 553 86.4 1 78 gi|13 18013 18093 630 gi|45 32294 32374
msp 4425 s 558 84.5 -1 511 gi|38 29686 29833 630 gi|45 32299 32441
