index 634
frag gi|46 6602 7213
img_no 36
msp 241 s 289 74.2 1 3 gi|1 2394 2738 634 gi|46 6602 6973
msp 3821 s 272 79.3 1 343 gi|29 19434 19796 634 gi|46 6748 7090
msp 243 s 343 81.7 -1 4 gi|1 2854 3050 634 gi|46 6798 7003
msp 2561 s 256 84.7 1 121 gi|16 7045 7175 634 gi|46 6953 7065
msp 4810 s 320 79.4 -1 634 gi|46 6989 7129 653 gi|47 3044 3198
msp 4812 s 282 77.9 1 634 gi|46 6999 7129 772 gi|54 24018 24146
msp 4814 s 271 80.7 -1 634 gi|46 7008 7152 872 gi|60 39529 39674
msp 3277 s 376 81.7 1 272 gi|25 2135 2249 634 gi|46 7011 7131
msp 511 s 403 77.1 -1 193 gi|2 21866 22053 634 gi|46 7013 7213
msp 1507 s 306 76.8 -1 20 gi|10 1671 1782 634 gi|46 7014 7129
msp 1343 s 522 83.9 -1 913 gi|9 32517 32628 634 gi|46 7014 7121
msp 337 s 308 83.5 1 13 gi|1 24375 24477 634 gi|46 7017 7126
msp 2247 s 539 82.9 -1 94 gi|14 21740 21850 634 gi|46 7018 7129
msp 3753 s 449 85.3 -1 312 gi|27 22356 22471 634 gi|46 7020 7132
msp 171 s 518 85.5 1 368 gi|3 33911 34020 634 gi|46 7022 7129
msp 3755 s 359 89.2 1 312 gi|27 22357 22467 634 gi|46 7022 7129
msp 4816 s 317 82.8 -1 634 gi|46 7023 7138 752 gi|53 5083 5199
msp 3723 s 318 80.7 -1 310 gi|27 19618 19757 634 gi|46 7024 7176
msp 3813 s 315 85.3 1 338 gi|29 11691 11819 634 gi|46 7024 7154
msp 161 s 353 86.1 -1 368 gi|3 33906 34020 634 gi|46 7024 7137
msp 4822 s 397 83.0 1 634 gi|46 7024 7135 752 gi|53 5088 5203
msp 4824 s 358 79.5 1 634 gi|46 7024 7135 653 gi|47 3044 3161
msp 1509 s 279 75.0 1 20 gi|10 1671 1774 634 gi|46 7024 7131
msp 2249 s 491 87.7 1 94 gi|14 21740 21845 634 gi|46 7024 7130
msp 555 s 299 82.3 1 193 gi|2 21940 22041 634 gi|46 7024 7129
msp 4818 s 332 80.6 -1 634 gi|46 7024 7126 772 gi|54 24046 24146
msp 4820 s 351 89.4 -1 634 gi|46 7024 7089 807 gi|57 441 510
msp 4569 s 265 85.3 -1 555 gi|40 21035 21109 634 gi|46 7024 7087
msp 3081 s 286 93.0 -1 219 gi|21 3708 3750 634 gi|46 7024 7064
msp 3847 s 337 74.5 1 346 gi|29 28020 28121 634 gi|46 7025 7130
msp 1377 s 383 87.1 1 913 gi|9 32523 32638 634 gi|46 7036 7147
msp 3563 s 250 96.7 -1 269 gi|24 35497 35526 634 gi|46 7036 7065
msp 4826 s 292 80.4 -1 634 gi|46 7080 7130 825 gi|57 28248 28298
msp 3827 s 276 79.3 -1 343 gi|29 19711 19768 634 gi|46 7084 7140
msp 3499 s 258 79.6 -1 289 gi|25 37731 37779 634 gi|46 7084 7132
msp 4657 s 291 87.0 -1 568 gi|41 28731 28776 634 gi|46 7084 7129
