index 650
frag gi|46 35970 36264
img_no 10
msp 4878 s 252 80.2 1 650 gi|46 35970 36136 717 gi|50 19571 19725
msp 2195 s 254 80.1 -1 92 gi|14 8793 9018 650 gi|46 35992 36211
msp 4880 s 306 78.3 -1 650 gi|46 36010 36129 659 gi|47 12366 12480
msp 3011 s 365 77.0 1 170 gi|19 6599 6776 650 gi|46 36018 36195
msp 79 s 257 76.1 -1 357 gi|3 9883 10108 650 gi|46 36023 36229
msp 4882 s 750 93.7 1 650 gi|46 36060 36170 717 gi|50 19770 19884
msp 821 s 287 75.0 -1 892 gi|8 17070 17145 650 gi|46 36060 36135
msp 4473 s 464 75.9 1 526 gi|39 20423 20567 650 gi|46 36065 36209
msp 1911 s 261 81.4 1 694 gi|5 1868 1926 650 gi|46 36069 36127
msp 2681 s 255 81.2 1 139 gi|17 1913 2103 650 gi|46 36072 36264
