index 658
frag gi|47 12134 12323
img_no 7
msp 4924 s 418 78.4 -1 658 gi|47 12134 12323 717 gi|50 19649 19839
msp 827 s 253 78.6 1 892 gi|8 17076 17145 658 gi|47 12134 12206
msp 4857 s 276 82.8 -1 640 gi|46 15002 15059 658 gi|47 12134 12190
msp 4647 s 275 76.8 -1 565 gi|41 21175 21230 658 gi|47 12134 12189
msp 829 s 253 78.6 1 892 gi|8 17076 17145 658 gi|47 12250 12322
msp 4859 s 276 82.8 -1 640 gi|46 15002 15059 658 gi|47 12250 12306
msp 4649 s 275 76.8 -1 565 gi|41 21175 21230 658 gi|47 12250 12305
