index 661
frag gi|47 20900 21016
img_no 13
msp 4157 s 286 94.8 1 422 gi|33 14417 14493 661 gi|47 20900 20970
msp 105 s 258 78.7 1 361 gi|3 15109 15169 661 gi|47 20907 20967
msp 4783 s 268 89.7 -1 630 gi|45 32217 32284 661 gi|47 20909 20977
msp 767 s 305 93.2 1 890 gi|8 3151 3223 661 gi|47 20909 20975
msp 4934 s 273 87.1 -1 661 gi|47 20914 20975 846 gi|59 31982 32043
msp 4529 s 291 93.6 1 533 gi|39 33186 33232 661 gi|47 20918 20967
msp 4936 s 266 92.7 1 661 gi|47 20919 20986 712 gi|50 2503 2565
msp 443 s 356 94.1 1 186 gi|2 3757 3807 661 gi|47 20920 20969
msp 3341 s 252 89.6 -1 275 gi|25 5774 5821 661 gi|47 20920 20968
msp 4938 s 263 88.0 -1 661 gi|47 20921 21012 872 gi|60 39487 39592
msp 3637 s 312 97.9 -1 319 gi|28 691 737 661 gi|47 20921 20968
msp 4743 s 303 85.4 -1 614 gi|44 28134 28215 661 gi|47 20923 21016
msp 1079 s 265 84.6 1 873 gi|7 11799 11863 661 gi|47 20923 20993
