index 671
frag gi|48 10036 11536
img_no 12
msp 4487 s 2585 96.6 -1 530 gi|39 24877 25228 671 gi|48 10036 10386
msp 2877 s 8946 99.4 -1 202 gi|20 2880 3915 671 gi|48 10070 11106
msp 4599 s 12575 99.4 1 557 gi|40 31440 32870 671 gi|48 10073 11503
msp 4886 s 12547 99.6 1 671 gi|48 10076 11503 813 gi|57 8415 9843
msp 4888 s 12551 99.2 1 671 gi|48 10078 11503 821 gi|57 19548 20973
msp 1717 s 12562 99.9 1 41 gi|10 36751 38168 671 gi|48 10104 11515
msp 4475 s 10077 100.0 -1 528 gi|39 21308 22433 671 gi|48 10381 11506
msp 4131 s 264 75.5 1 417 gi|33 7319 7776 671 gi|48 10900 11363
msp 2855 s 2593 96.3 -1 200 gi|20 1 325 671 gi|48 11053 11388
msp 3171 s 339 80.1 1 234 gi|22 749 929 671 gi|48 11164 11363
msp 4890 s 1051 100.0 -1 671 gi|48 11389 11503 805 gi|56 39886 40000
msp 1713 s 254 79.7 -1 40 gi|10 36719 36782 671 gi|48 11473 11536
