index 711
frag gi|50 1452 1701
img_no 17
msp 4831 s 275 79.0 1 638 gi|46 13289 13388 711 gi|50 1452 1560
msp 1105 s 311 87.1 1 876 gi|7 15815 15876 711 gi|50 1494 1560
msp 733 s 273 94.9 1 855 gi|6 19325 19383 711 gi|50 1500 1559
msp 4954 s 261 90.0 -1 711 gi|50 1501 1560 812 gi|57 8258 8317
msp 677 s 265 86.3 -1 199 gi|2 36035 36085 711 gi|50 1508 1559
msp 4805 s 299 83.6 1 631 gi|45 34624 34684 711 gi|50 1509 1571
msp 901 s 254 80.2 -1 900 gi|8 34538 34729 711 gi|50 1509 1701
msp 1025 s 253 86.3 1 873 gi|7 11794 11844 711 gi|50 1509 1560
msp 2103 s 259 95.7 1 80 gi|13 22976 23022 711 gi|50 1510 1558
msp 4365 s 251 79.4 -1 507 gi|38 21290 21357 711 gi|50 1511 1580
msp 4515 s 259 90.2 -1 533 gi|39 33108 33158 711 gi|50 1511 1563
msp 4193 s 280 81.2 1 422 gi|33 14447 14531 711 gi|50 1514 1601
msp 4151 s 290 96.2 1 420 gi|33 11279 11331 711 gi|50 1514 1565
msp 4956 s 250 87.8 -1 711 gi|50 1514 1562 746 gi|52 24931 24978
msp 3677 s 312 89.8 -1 326 gi|28 31821 31869 711 gi|50 1514 1561
msp 4267 s 289 93.9 -1 477 gi|36 29294 29342 711 gi|50 1514 1560
msp 797 s 294 88.9 -1 890 gi|8 3196 3240 711 gi|50 1514 1558
