index 717
frag gi|50 19571 19943
img_no 13
msp 4879 s 252 80.2 1 650 gi|46 35970 36136 717 gi|50 19571 19725
msp 4927 s 496 76.2 -1 659 gi|47 12250 12476 717 gi|50 19606 19839
msp 817 s 359 83.3 -1 892 gi|8 17070 17201 717 gi|50 19612 19724
msp 4925 s 418 78.4 -1 658 gi|47 12134 12323 717 gi|50 19649 19839
msp 4471 s 402 75.9 1 526 gi|39 20352 20492 717 gi|50 19699 19844
msp 2193 s 369 78.5 -1 92 gi|14 8773 9009 717 gi|50 19712 19943
msp 4929 s 316 81.7 -1 659 gi|47 12366 12474 717 gi|50 19724 19839
msp 819 s 297 76.7 -1 892 gi|8 17070 17159 717 gi|50 19751 19845
msp 4883 s 750 93.7 1 650 gi|46 36060 36170 717 gi|50 19770 19884
msp 3367 s 356 81.0 -1 277 gi|25 15240 15429 717 gi|50 19774 19943
msp 4982 s 299 80.3 -1 717 gi|50 19779 19854 827 gi|58 4007 4083
msp 1913 s 261 81.4 1 694 gi|5 1868 1926 717 gi|50 19779 19837
msp 2679 s 315 82.1 1 139 gi|17 1913 1968 717 gi|50 19782 19837
