index 721
frag gi|50 23844 24036
img_no 7
msp 4633 s 473 84.7 -1 564 gi|41 19860 19983 721 gi|50 23844 23970
msp 4635 s 421 85.6 1 564 gi|41 19861 19971 721 gi|50 23857 23968
msp 4986 s 251 88.5 1 721 gi|50 23908 23968 863 gi|60 13804 13856
msp 4549 s 294 85.2 -1 544 gi|40 3029 3082 721 gi|50 23913 23965
msp 4727 s 343 85.1 -1 606 gi|44 13561 13654 721 gi|50 23919 24019
msp 4988 s 264 81.5 -1 721 gi|50 23918 24036 795 gi|56 22414 22530
msp 4990 s 306 86.4 -1 721 gi|50 23922 24031 835 gi|59 1905 2000
