index 724
frag gi|50 32822 32974
img_no 17
msp 3785 s 269 86.4 -1 318 gi|27 38629 38709 724 gi|50 32822 32903
msp 4992 s 267 82.7 -1 724 gi|50 32827 32901 766 gi|54 7564 7634
msp 3263 s 281 84.8 1 271 gi|25 1470 1535 724 gi|50 32843 32906
msp 4994 s 352 89.1 -1 724 gi|50 32845 32908 795 gi|56 22474 22539
msp 2145 s 290 85.0 -1 83 gi|13 30535 30594 724 gi|50 32846 32906
msp 4996 s 323 88.7 -1 724 gi|50 32847 32908 754 gi|53 10509 10569
msp 4998 s 352 83.5 -1 724 gi|50 32851 32935 835 gi|59 1930 2007
msp 2995 s 310 83.9 1 169 gi|19 6366 6421 724 gi|50 32852 32908
msp 3479 s 301 86.8 -1 288 gi|25 36471 36523 724 gi|50 32852 32903
msp 3101 s 269 88.5 -1 220 gi|21 4605 4656 724 gi|50 32852 32902
msp 4567 s 402 86.0 -1 555 gi|40 21018 21110 724 gi|50 32853 32948
msp 4207 s 287 82.2 1 432 gi|33 29661 29733 724 gi|50 32854 32935
msp 4765 s 285 85.7 -1 620 gi|44 39710 39765 724 gi|50 32854 32911
msp 4423 s 251 91.1 1 510 gi|38 28126 28181 724 gi|50 32854 32910
msp 1055 s 253 89.4 -1 873 gi|7 11796 11842 724 gi|50 32854 32900
msp 4849 s 259 93.5 -1 638 gi|46 13341 13386 724 gi|50 32854 32900
msp 4729 s 283 85.0 1 607 gi|44 13625 13724 724 gi|50 32874 32974
