index 728
frag gi|51 1896 2958
img_no 11
msp 809 s 292 90.2 1 891 gi|8 6475 6525 728 gi|51 1896 1948
msp 1997 s 253 86.8 -1 71 gi|13 1915 1967 728 gi|51 1901 1948
msp 3517 s 251 83.5 -1 260 gi|24 8139 8217 728 gi|51 1907 1996
msp 5004 s 310 95.9 -1 728 gi|51 1908 1956 826 gi|58 417 466
msp 1803 s 257 89.4 1 56 gi|12 10037 10083 728 gi|51 1909 1955
msp 5001 s 265 89.5 1 726 gi|50 37162 37199 728 gi|51 1911 1948
msp 1403 s 491 77.5 -1 915 gi|9 34617 35762 728 gi|51 1913 2958
msp 5006 s 262 88.3 1 728 gi|51 1919 1978 746 gi|52 24928 24999
msp 4953 s 262 96.8 1 690 gi|49 35093 35123 728 gi|51 1919 1949
msp 3973 s 267 97.3 1 387 gi|31 20038 20074 728 gi|51 1920 1953
msp 1399 s 254 100.0 1 914 gi|9 34476 34503 728 gi|51 1922 1949
