index 744
frag gi|52 21352 21548
img_no 8
msp 3127 s 882 82.8 -1 225 gi|21 13674 13853 744 gi|52 21352 21530
msp 2769 s 352 81.7 1 154 gi|18 5614 5695 744 gi|52 21357 21433
msp 5020 s 807 83.4 1 744 gi|52 21359 21509 794 gi|56 22266 22415
msp 3311 s 257 83.3 1 274 gi|25 3896 3955 744 gi|52 21359 21414
msp 4253 s 790 82.9 -1 473 gi|36 22548 22728 744 gi|52 21360 21548
msp 4003 s 314 77.9 -1 397 gi|31 34011 34155 744 gi|52 21360 21503
msp 5017 s 370 80.0 1 731 gi|51 16466 16610 744 gi|52 21360 21501
msp 4023 s 268 76.8 -1 401 gi|32 7304 7411 744 gi|52 21360 21465
