index 75
frag gi|13 15256 16063
img_no 18
msp 969 s 1127 77.0 1 901 gi|8 36655 37351 75 gi|13 15256 15956
msp 1515 s 1574 79.4 -1 22 gi|10 4029 4750 75 gi|13 15314 15997
msp 2004 s 1111 75.2 1 75 gi|13 15314 15937 146 gi|17 19404 20057
msp 593 s 479 75.4 1 198 gi|2 32938 33640 75 gi|13 15318 15968
msp 2006 s 341 71.3 1 75 gi|13 15335 15609 591 gi|43 11774 12040
msp 1225 s 319 76.3 1 879 gi|7 22039 22651 75 gi|13 15336 15933
msp 2008 s 745 75.9 -1 75 gi|13 15361 15978 409 gi|32 28760 29363
msp 2010 s 495 82.3 -1 75 gi|13 15380 15926 114 gi|15 27094 27637
msp 845 s 574 75.7 -1 893 gi|8 17525 18059 75 gi|13 15384 15915
msp 2012 s 407 82.3 -1 75 gi|13 15387 15612 267 gi|24 29279 29507
msp 2014 s 369 77.6 -1 75 gi|13 15400 15609 649 gi|46 34232 34441
msp 2016 s 259 77.5 -1 75 gi|13 15408 15620 806 gi|57 131 343
msp 2018 s 269 77.8 -1 75 gi|13 15425 16063 287 gi|25 35576 36216
msp 321 s 329 77.9 -1 11 gi|1 22416 22551 75 gi|13 15478 15616
msp 2020 s 569 78.7 -1 75 gi|13 15489 15972 479 gi|36 36465 36957
msp 2022 s 254 75.3 -1 75 gi|13 15496 15921 512 gi|38 35364 35756
msp 1615 s 338 85.8 -1 37 gi|10 26034 26153 75 gi|13 15515 15634
msp 2024 s 420 81.4 -1 75 gi|13 15669 15926 611 gi|44 23359 23610
