index 754
frag gi|53 10160 10593
img_no 13
msp 3189 s 277 81.5 1 239 gi|22 20959 21353 754 gi|53 10160 10566
msp 5050 s 274 79.2 1 754 gi|53 10468 10563 835 gi|59 1902 2005
msp 4979 s 346 82.8 1 715 gi|50 15231 15329 754 gi|53 10469 10570
msp 4631 s 273 83.1 1 564 gi|41 19841 19911 754 gi|53 10488 10563
msp 5052 s 364 87.5 1 754 gi|53 10493 10564 795 gi|56 22457 22533
msp 2993 s 290 89.7 -1 169 gi|19 6365 6432 754 gi|53 10498 10565
msp 3465 s 259 87.7 1 288 gi|25 36460 36524 754 gi|53 10504 10565
msp 4997 s 323 88.7 -1 724 gi|50 32847 32908 754 gi|53 10509 10569
msp 3793 s 317 81.8 1 318 gi|27 38633 38698 754 gi|53 10516 10580
msp 5054 s 275 80.4 1 754 gi|53 10516 10566 766 gi|54 7566 7617
msp 3113 s 354 88.0 1 220 gi|21 4608 4657 754 gi|53 10516 10565
msp 4589 s 282 91.7 1 555 gi|40 21063 21110 754 gi|53 10516 10563
msp 4951 s 264 69.7 1 686 gi|49 29056 29131 754 gi|53 10519 10593
