index 772
frag gi|54 23359 24192
img_no 26
msp 325 s 380 78.5 1 12 gi|1 22802 23312 772 gi|54 23359 23865
msp 305 s 510 75.2 1 11 gi|1 22250 22544 772 gi|54 23616 23905
msp 1537 s 269 75.8 1 22 gi|10 4461 4683 772 gi|54 23789 24009
msp 859 s 311 82.3 1 893 gi|8 17837 18045 772 gi|54 23789 23995
msp 527 s 313 75.9 -1 193 gi|2 21939 22245 772 gi|54 23853 24147
msp 3841 s 304 75.5 -1 346 gi|29 28020 28296 772 gi|54 23881 24145
msp 4813 s 282 77.9 1 634 gi|46 6999 7129 772 gi|54 24018 24146
msp 3743 s 359 81.9 -1 312 gi|27 22351 22488 772 gi|54 24031 24154
msp 4909 s 264 77.2 -1 653 gi|47 3044 3166 772 gi|54 24032 24146
msp 3811 s 408 86.2 -1 338 gi|29 11691 11799 772 gi|54 24034 24146
msp 4911 s 341 84.9 1 653 gi|47 3046 3164 772 gi|54 24044 24156
msp 3289 s 265 80.4 1 272 gi|25 2150 2251 772 gi|54 24045 24150
msp 3851 s 345 79.0 1 346 gi|29 28021 28120 772 gi|54 24045 24146
msp 2219 s 439 79.2 -1 94 gi|14 21693 21841 772 gi|54 24046 24192
msp 2259 s 350 78.8 1 94 gi|14 21743 21846 772 gi|54 24046 24148
msp 1501 s 275 80.0 -1 20 gi|10 1670 1769 772 gi|54 24046 24147
msp 3733 s 297 77.7 1 310 gi|27 19656 19758 772 gi|54 24046 24147
msp 193 s 358 82.9 -1 368 gi|3 33913 34017 772 gi|54 24046 24146
msp 205 s 298 82.9 1 368 gi|3 33916 34020 772 gi|54 24046 24146
msp 3771 s 306 77.4 1 312 gi|27 22362 22467 772 gi|54 24046 24146
msp 4819 s 332 80.6 -1 634 gi|46 7024 7126 772 gi|54 24046 24146
msp 5045 s 320 78.7 -1 752 gi|53 5088 5195 772 gi|54 24046 24146
msp 5047 s 355 78.7 1 752 gi|53 5091 5198 772 gi|54 24046 24146
msp 561 s 312 72.7 1 193 gi|2 21943 22041 772 gi|54 24046 24146
msp 5068 s 282 86.0 1 772 gi|54 24046 24088 825 gi|57 28252 28294
msp 1365 s 323 84.2 1 913 gi|9 32520 32620 772 gi|54 24054 24148
