index 813
frag gi|57 8408 9844
img_no 10
msp 4595 s 12554 99.6 1 557 gi|40 31435 32870 813 gi|57 8408 9843
msp 4887 s 12547 99.6 1 671 gi|48 10076 11503 813 gi|57 8415 9843
msp 2879 s 8914 98.7 -1 202 gi|20 2880 3909 813 gi|57 8417 9446
msp 4491 s 2540 97.7 -1 530 gi|39 24877 25183 813 gi|57 8417 8726
msp 1721 s 12560 100.0 1 41 gi|10 36752 38151 813 gi|57 8445 9844
msp 4479 s 10055 100.0 -1 528 gi|39 21311 22433 813 gi|57 8721 9843
msp 4127 s 264 75.5 1 417 gi|33 7319 7776 813 gi|57 9240 9703
msp 2857 s 2593 96.3 -1 200 gi|20 1 325 813 gi|57 9393 9728
msp 3167 s 339 80.1 1 234 gi|22 749 929 813 gi|57 9504 9703
msp 5037 s 1051 100.0 -1 805 gi|56 39886 40000 813 gi|57 9729 9843
