index 821
frag gi|57 19543 20974
img_no 10
msp 4597 s 12523 99.0 1 557 gi|40 31437 32870 821 gi|57 19543 20973
msp 4889 s 12551 99.2 1 671 gi|48 10078 11503 821 gi|57 19548 20973
msp 2881 s 8900 99.6 -1 202 gi|20 2880 3907 821 gi|57 19549 20576
msp 1715 s 12568 100.0 1 41 gi|10 36751 38151 821 gi|57 19574 20974
msp 4493 s 2527 100.0 -1 530 gi|39 24877 25159 821 gi|57 19574 19856
msp 4481 s 10055 100.0 -1 528 gi|39 21311 22433 821 gi|57 19851 20973
msp 4129 s 264 75.5 1 417 gi|33 7319 7776 821 gi|57 20370 20833
msp 2859 s 2593 96.3 -1 200 gi|20 1 325 821 gi|57 20523 20858
msp 3169 s 339 80.1 1 234 gi|22 749 929 821 gi|57 20634 20833
msp 5039 s 1051 100.0 -1 805 gi|56 39886 40000 821 gi|57 20859 20973
