index 83
frag gi|13 30403 30647
img_no 35
msp 2120 s 331 86.5 1 83 gi|13 30403 30587 533 gi|39 33033 33232
msp 2122 s 251 73.8 1 83 gi|13 30427 30506 746 gi|52 24894 24978
msp 2124 s 265 77.9 -1 83 gi|13 30436 30589 715 gi|50 15152 15353
msp 1419 s 298 84.8 1 916 gi|9 39329 39466 83 gi|13 30441 30589
msp 2126 s 309 83.3 1 83 gi|13 30456 30611 653 gi|47 3038 3174
msp 2128 s 258 83.0 1 83 gi|13 30459 30587 94 gi|14 21735 21844
msp 2130 s 398 88.9 1 83 gi|13 30462 30587 872 gi|60 39543 39655
msp 1159 s 254 84.8 -1 876 gi|7 15831 15876 83 gi|13 30462 30506
msp 2132 s 267 93.3 -1 83 gi|13 30462 30506 422 gi|33 14447 14492
msp 629 s 309 87.3 -1 199 gi|2 36033 36150 83 gi|13 30463 30590
msp 2134 s 276 83.5 1 83 gi|13 30463 30589 220 gi|21 4538 4656
msp 35 s 309 92.7 -1 543 gi|4 33421 33475 83 gi|13 30463 30518
msp 2136 s 255 85.3 -1 83 gi|13 30464 30647 872 gi|60 39473 39655
msp 209 s 255 81.0 1 368 gi|3 33924 34028 83 gi|13 30478 30596
msp 2138 s 268 90.0 -1 83 gi|13 30528 30587 812 gi|57 8260 8318
msp 2140 s 273 84.5 1 83 gi|13 30531 30588 835 gi|59 1948 2005
msp 2144 s 290 85.0 -1 83 gi|13 30535 30594 724 gi|50 32846 32906
msp 2146 s 285 88.3 1 83 gi|13 30535 30594 795 gi|56 22476 22538
msp 2142 s 267 83.0 1 83 gi|13 30535 30587 620 gi|44 39715 39765
msp 2152 s 252 80.0 1 83 gi|13 30539 30598 239 gi|22 21298 21361
msp 2148 s 333 90.2 1 83 gi|13 30539 30589 288 gi|25 36471 36523
msp 2150 s 276 94.1 1 83 gi|13 30539 30589 285 gi|25 31667 31723
msp 2154 s 295 83.3 1 83 gi|13 30541 30588 715 gi|50 15275 15322
msp 2156 s 295 83.3 1 83 gi|13 30541 30588 555 gi|40 21063 21110
msp 2162 s 251 84.9 1 83 gi|13 30542 30594 686 gi|49 29052 29110
msp 45 s 368 95.9 1 543 gi|4 33428 33476 83 gi|13 30542 30589
msp 2158 s 301 89.4 -1 83 gi|13 30542 30588 507 gi|38 21307 21357
msp 2160 s 276 91.5 -1 83 gi|13 30542 30588 614 gi|44 28170 28218
msp 2172 s 281 88.9 1 83 gi|13 30545 30616 589 gi|43 9588 9662
msp 2168 s 262 87.1 1 83 gi|13 30545 30606 630 gi|45 32203 32259
msp 2174 s 281 95.5 -1 83 gi|13 30545 30588 275 gi|25 5774 5818
msp 1869 s 262 97.7 1 58 gi|12 13107 13150 83 gi|13 30545 30587
msp 2164 s 275 100.0 -1 83 gi|13 30545 30587 510 gi|38 28126 28170
msp 2166 s 266 88.4 1 83 gi|13 30545 30587 631 gi|45 34628 34671
msp 2170 s 311 95.3 1 83 gi|13 30545 30587 638 gi|46 13343 13386
