index 834
frag gi|59 1530 1776
img_no 21
msp 5011 s 365 77.7 1 731 gi|51 16320 16525 834 gi|59 1530 1745
msp 4259 s 251 83.3 1 476 gi|36 28717 28758 834 gi|59 1600 1641
msp 2291 s 282 81.6 1 97 gi|14 32552 32649 834 gi|59 1673 1762
msp 2767 s 363 85.1 1 154 gi|18 5613 5679 834 gi|59 1683 1750
msp 3065 s 311 83.8 1 184 gi|19 38498 38571 834 gi|59 1688 1771
msp 3963 s 313 80.8 -1 385 gi|31 14246 14323 834 gi|59 1689 1767
msp 3313 s 416 91.9 1 274 gi|25 3898 3971 834 gi|59 1689 1760
msp 4011 s 434 91.8 -1 397 gi|31 34092 34152 834 gi|59 1689 1748
msp 4293 s 303 75.0 -1 482 gi|37 3434 3489 834 gi|59 1689 1744
msp 4707 s 280 81.5 -1 590 gi|43 11628 11692 834 gi|59 1693 1757
msp 2981 s 360 87.7 1 166 gi|19 2371 2427 834 gi|59 1694 1749
msp 4565 s 270 85.1 -1 551 gi|40 16605 16691 834 gi|59 1697 1776
msp 271 s 359 84.7 -1 10 gi|1 18905 18976 834 gi|59 1697 1767
msp 401 s 306 85.4 1 17 gi|1 37365 37412 834 gi|59 1697 1744
msp 4343 s 428 82.3 -1 499 gi|38 11434 11501 834 gi|59 1698 1765
msp 4229 s 347 88.7 1 443 gi|34 22215 22267 834 gi|59 1698 1749
msp 2645 s 351 90.4 -1 130 gi|16 23508 23559 834 gi|59 1698 1748
msp 2837 s 393 95.7 1 162 gi|18 23605 23651 834 gi|59 1698 1744
msp 3917 s 283 76.7 1 372 gi|30 5920 5992 834 gi|59 1699 1775
msp 4329 s 303 78.1 1 491 gi|37 34010 34073 834 gi|59 1699 1763
msp 2315 s 251 78.3 1 99 gi|14 35442 35487 834 gi|59 1699 1744
