index 861
frag gi|60 10129 10256
img_no 15
msp 1161 s 301 84.4 1 876 gi|7 15853 15942 861 gi|60 10129 10231
msp 4683 s 273 81.6 -1 589 gi|43 9584 9670 861 gi|60 10130 10225
msp 4391 s 306 81.7 1 510 gi|38 28112 28204 861 gi|60 10158 10256
msp 909 s 260 83.6 1 900 gi|8 34660 34726 861 gi|60 10160 10223
msp 3437 s 312 93.3 -1 285 gi|25 31676 31735 861 gi|60 10165 10223
msp 3611 s 275 86.8 1 319 gi|28 685 737 861 gi|60 10169 10223
msp 4769 s 277 92.3 -1 620 gi|44 39720 39771 861 gi|60 10170 10223
msp 4797 s 312 91.1 -1 631 gi|45 34620 34675 861 gi|60 10172 10228
msp 1439 s 274 93.1 1 916 gi|9 39347 39404 861 gi|60 10173 10229
msp 1691 s 264 86.5 -1 37 gi|10 27262 27313 861 gi|60 10173 10226
msp 4149 s 276 90.2 -1 420 gi|33 11277 11327 861 gi|60 10173 10223
msp 5033 s 257 89.8 1 746 gi|52 24932 24980 861 gi|60 10173 10223
msp 4835 s 258 87.7 -1 638 gi|46 13324 13388 861 gi|60 10174 10248
msp 1107 s 299 91.5 -1 876 gi|7 15818 15876 861 gi|60 10174 10234
msp 4111 s 257 89.8 1 413 gi|32 39632 39680 861 gi|60 10174 10224
