index 872
frag gi|60 39360 39760
img_no 72
msp 4673 s 336 78.5 -1 589 gi|43 9578 9810 872 gi|60 39360 39600
msp 2137 s 255 85.3 -1 83 gi|13 30464 30647 872 gi|60 39473 39655
msp 501 s 284 84.6 -1 192 gi|2 14400 14490 872 gi|60 39483 39575
msp 4939 s 263 88.0 -1 661 gi|47 20921 21012 872 gi|60 39487 39592
msp 4035 s 286 76.1 1 404 gi|32 20015 20148 872 gi|60 39492 39622
msp 4359 s 265 86.4 1 507 gi|38 21262 21408 872 gi|60 39496 39636
msp 3421 s 289 89.6 -1 285 gi|25 31675 31780 872 gi|60 39499 39593
msp 619 s 506 82.8 -1 199 gi|2 36020 36188 872 gi|60 39500 39667
msp 1639 s 647 89.0 1 37 gi|10 27160 27314 872 gi|60 39501 39659
msp 3937 s 273 77.5 -1 376 gi|30 20994 21113 872 gi|60 39501 39611
msp 2045 s 356 84.4 1 80 gi|13 22882 23022 872 gi|60 39511 39655
msp 4745 s 296 80.6 1 614 gi|44 28152 28223 872 gi|60 39526 39597
msp 4815 s 271 80.7 -1 634 gi|46 7008 7152 872 gi|60 39529 39674
msp 1027 s 304 91.9 -1 873 gi|7 11794 11855 872 gi|60 39532 39594
msp 4967 s 277 86.7 -1 712 gi|50 2505 2564 872 gi|60 39532 39592
msp 2327 s 379 88.5 1 105 gi|15 7954 8014 872 gi|60 39535 39593
msp 4897 s 466 85.2 -1 653 gi|47 3043 3164 872 gi|60 39536 39656
msp 451 s 296 87.7 -1 186 gi|2 3758 3814 872 gi|60 39536 39592
msp 1429 s 466 80.2 1 916 gi|9 39343 39468 872 gi|60 39538 39659
msp 2221 s 439 84.1 1 94 gi|14 21732 21844 872 gi|60 39538 39655
msp 4181 s 286 86.8 -1 422 gi|33 14444 14496 872 gi|60 39539 39593
msp 1181 s 262 88.5 1 876 gi|7 15885 15936 872 gi|60 39539 39592
msp 3613 s 264 88.5 1 319 gi|28 686 737 872 gi|60 39539 39592
msp 4513 s 456 86.5 1 533 gi|39 33108 33233 872 gi|60 39540 39656
msp 3339 s 257 88.7 1 275 gi|25 5770 5831 872 gi|60 39540 39604
msp 4441 s 275 86.5 1 517 gi|39 1629 1680 872 gi|60 39540 39593
msp 4399 s 294 94.2 1 510 gi|38 28121 28172 872 gi|60 39540 39592
msp 933 s 273 88.0 1 900 gi|8 34677 34726 872 gi|60 39540 39592
msp 2369 s 339 79.7 -1 106 gi|15 9497 9619 872 gi|60 39541 39691
msp 1643 s 416 89.2 -1 37 gi|10 27186 27314 872 gi|60 39541 39666
msp 1437 s 472 86.1 -1 916 gi|9 39347 39468 872 gi|60 39541 39658
msp 5031 s 297 88.2 1 746 gi|52 24931 24981 872 gi|60 39541 39593
msp 4799 s 331 88.7 -1 631 gi|45 34622 34674 872 gi|60 39542 39596
msp 4517 s 494 84.9 -1 533 gi|39 33109 33234 872 gi|60 39543 39659
msp 2131 s 398 88.9 1 83 gi|13 30462 30587 872 gi|60 39543 39655
msp 3265 s 250 89.2 1 271 gi|25 1477 1541 872 gi|60 39543 39604
msp 1121 s 264 84.3 -1 876 gi|7 15826 15876 872 gi|60 39543 39595
msp 4851 s 307 95.8 -1 638 gi|46 13341 13388 872 gi|60 39543 39592
msp 4899 s 300 82.9 1 653 gi|47 3043 3159 872 gi|60 39544 39659
msp 649 s 405 87.8 1 199 gi|2 36035 36149 872 gi|60 39544 39655
msp 103 s 285 80.6 -1 361 gi|3 15104 15170 872 gi|60 39544 39607
msp 2057 s 426 82.3 -1 80 gi|13 22904 23022 872 gi|60 39545 39657
msp 5083 s 250 86.4 -1 846 gi|59 31945 32010 872 gi|60 39545 39613
msp 4973 s 278 88.4 1 715 gi|50 15154 15196 872 gi|60 39545 39588
msp 1369 s 295 83.7 1 913 gi|9 32521 32618 872 gi|60 39560 39655
msp 2375 s 267 81.3 1 106 gi|15 9545 9619 872 gi|60 39583 39659
msp 4115 s 266 85.3 -1 413 gi|32 39634 39708 872 gi|60 39583 39655
msp 4383 s 309 92.5 -1 507 gi|38 21308 21387 872 gi|60 39584 39655
msp 4053 s 331 82.9 -1 404 gi|32 20065 20140 872 gi|60 39587 39658
msp 5085 s 273 84.3 -1 846 gi|59 31984 32053 872 gi|60 39595 39662
msp 5029 s 334 78.5 -1 746 gi|52 24929 24993 872 gi|60 39597 39661
msp 947 s 304 83.9 -1 900 gi|8 34679 34740 872 gi|60 39597 39658
msp 5081 s 279 83.3 -1 812 gi|57 8259 8312 872 gi|60 39602 39656
msp 4675 s 403 88.9 1 589 gi|43 9581 9643 872 gi|60 39605 39670
msp 2345 s 250 83.9 -1 105 gi|15 7963 8018 872 gi|60 39605 39658
msp 1125 s 274 94.4 1 876 gi|7 15827 15880 872 gi|60 39608 39662
msp 4803 s 355 86.3 1 631 gi|45 34624 34674 872 gi|60 39608 39658
msp 4787 s 255 82.3 -1 630 gi|45 32224 32274 872 gi|60 39608 39657
msp 1195 s 326 90.2 -1 876 gi|7 15887 15937 872 gi|60 39609 39659
msp 4403 s 367 92.3 -1 510 gi|38 28122 28173 872 gi|60 39609 39659
msp 4963 s 284 84.3 1 712 gi|50 2504 2554 872 gi|60 39609 39659
msp 4843 s 396 95.8 1 638 gi|46 13340 13387 872 gi|60 39609 39656
msp 3359 s 373 93.6 -1 275 gi|25 5775 5821 872 gi|60 39609 39655
msp 3879 s 276 82.0 -1 347 gi|29 32063 32112 872 gi|60 39610 39659
msp 751 s 258 96.2 1 855 gi|6 19333 19384 872 gi|60 39610 39657
msp 1859 s 324 87.2 1 58 gi|12 13105 13151 872 gi|60 39610 39656
msp 3439 s 304 89.4 1 285 gi|25 31676 31722 872 gi|60 39610 39656
msp 4449 s 265 83.0 -1 517 gi|39 1633 1679 872 gi|60 39610 39656
msp 3647 s 253 87.0 -1 319 gi|28 692 737 872 gi|60 39610 39655
msp 55 s 259 83.5 1 543 gi|4 33431 33582 872 gi|60 39612 39760
msp 1077 s 347 93.3 1 873 gi|7 11799 11843 872 gi|60 39612 39656
msp 5003 s 255 91.2 -1 726 gi|50 37165 37198 872 gi|60 39634 39667
