index 892
frag gi|8 17064 17201
img_no 11
msp 812 s 306 75.0 -1 892 gi|8 17064 17139 640 gi|46 14996 15071
msp 1929 s 308 77.2 -1 699 gi|5 2773 2851 892 gi|8 17069 17147
msp 814 s 252 70.1 -1 892 gi|8 17069 17145 526 gi|39 20418 20494
msp 816 s 359 83.3 -1 892 gi|8 17070 17201 717 gi|50 19612 19724
msp 818 s 297 76.7 -1 892 gi|8 17070 17159 717 gi|50 19751 19845
msp 820 s 287 75.0 -1 892 gi|8 17070 17145 650 gi|46 36060 36135
msp 822 s 288 82.4 1 892 gi|8 17072 17145 92 gi|14 8877 8951
msp 824 s 260 81.3 1 892 gi|8 17076 17166 659 gi|47 12366 12452
msp 826 s 253 78.6 1 892 gi|8 17076 17145 658 gi|47 12134 12206
msp 828 s 253 78.6 1 892 gi|8 17076 17145 658 gi|47 12250 12322
msp 830 s 323 80.4 -1 892 gi|8 17077 17132 487 gi|37 17880 17935
