index 893
frag gi|8 17431 18128
img_no 16
msp 832 s 424 76.9 -1 893 gi|8 17431 17720 596 gi|43 32305 32594
msp 834 s 491 77.0 1 893 gi|8 17464 17928 479 gi|36 36461 36922
msp 836 s 500 77.3 1 893 gi|8 17465 18041 409 gi|32 28763 29324
msp 838 s 268 84.3 -1 893 gi|8 17498 17580 150 gi|17 36057 36136
msp 840 s 894 72.6 1 893 gi|8 17501 18088 114 gi|15 27080 27661
msp 842 s 418 76.8 1 893 gi|8 17517 18058 37 gi|10 26535 27097
msp 844 s 574 75.7 -1 893 gi|8 17525 18059 75 gi|13 15384 15915
msp 846 s 628 78.2 1 893 gi|8 17525 17932 22 gi|10 4110 4556
msp 848 s 454 74.7 -1 893 gi|8 17525 17749 311 gi|27 20100 20324
msp 850 s 357 76.6 1 893 gi|8 17745 18128 37 gi|10 25967 26371
msp 605 s 359 75.4 -1 198 gi|2 33001 33252 893 gi|8 17815 18063
msp 319 s 260 66.9 1 11 gi|1 22414 22543 893 gi|8 17825 17953
msp 852 s 257 78.3 -1 893 gi|8 17832 18062 591 gi|43 11821 12042
msp 854 s 297 84.4 1 893 gi|8 17832 18036 266 gi|24 28509 28713
msp 856 s 298 78.3 1 893 gi|8 17832 17974 512 gi|38 35641 35783
msp 858 s 311 82.3 1 893 gi|8 17837 18045 772 gi|54 23789 23995
