index 901
frag gi|8 36655 37448
img_no 17
msp 968 s 1127 77.0 1 901 gi|8 36655 37351 75 gi|13 15256 15956
msp 970 s 460 76.5 1 901 gi|8 36704 37005 591 gi|43 11739 12040
msp 972 s 267 73.3 -1 901 gi|8 36715 37017 37 gi|10 26857 27175
msp 974 s 263 75.9 -1 901 gi|8 36716 37018 649 gi|46 34215 34533
msp 1223 s 293 76.0 1 879 gi|7 22021 22400 901 gi|8 36721 37090
msp 976 s 991 75.4 -1 901 gi|8 36756 37320 22 gi|10 4101 4707
msp 978 s 326 78.5 -1 901 gi|8 36766 37016 267 gi|24 29270 29518
msp 980 s 859 75.0 1 901 gi|8 36767 37379 146 gi|17 19464 20103
msp 982 s 489 76.6 -1 901 gi|8 36781 37319 114 gi|15 27097 27632
msp 984 s 504 79.2 -1 901 gi|8 36792 37325 479 gi|36 36509 37044
msp 986 s 618 75.1 -1 901 gi|8 36798 37335 409 gi|32 28799 29324
msp 988 s 303 74.3 1 901 gi|8 36897 37048 841 gi|59 27402 27551
msp 990 s 326 74.1 1 901 gi|8 36904 37448 297 gi|26 19445 20008
msp 992 s 277 81.4 1 901 gi|8 36931 37000 636 gi|46 8165 8234
msp 994 s 379 69.4 -1 901 gi|8 37042 37312 182 gi|19 35491 35761
msp 481 s 287 80.3 1 189 gi|2 7504 7686 901 gi|8 37144 37320
msp 996 s 258 79.0 1 901 gi|8 37247 37365 769 gi|54 17596 17711
