index 913
frag gi|9 32450 32697
img_no 33
msp 1338 s 519 82.2 -1 913 gi|9 32450 32556 270 gi|24 35495 35598
msp 1340 s 300 82.5 -1 913 gi|9 32499 32618 272 gi|25 2148 2256
msp 1352 s 347 79.6 -1 913 gi|9 32517 32697 653 gi|47 2956 3147
msp 1342 s 522 83.9 -1 913 gi|9 32517 32628 634 gi|46 7014 7121
msp 1346 s 251 85.7 1 913 gi|9 32517 32628 20 gi|10 1679 1780
msp 563 s 291 79.6 1 193 gi|2 21948 22045 913 gi|9 32517 32624
msp 1348 s 391 91.3 -1 913 gi|9 32517 32619 312 gi|27 22358 22459
msp 1358 s 255 86.4 1 913 gi|9 32517 32619 752 gi|53 5096 5199
msp 177 s 437 82.2 -1 368 gi|3 33912 34012 913 gi|9 32517 32619
msp 1344 s 371 85.3 -1 913 gi|9 32517 32618 94 gi|14 21740 21836
msp 1350 s 384 86.3 1 913 gi|9 32517 32618 312 gi|27 22367 22467
msp 1356 s 326 84.3 -1 913 gi|9 32517 32618 752 gi|53 5088 5190
msp 207 s 269 89.0 1 368 gi|3 33921 34020 913 gi|9 32517 32618
msp 541 s 301 79.8 -1 193 gi|2 21940 22033 913 gi|9 32517 32618
msp 1354 s 280 92.5 1 913 gi|9 32517 32556 568 gi|41 28739 28778
msp 1364 s 323 84.2 1 913 gi|9 32520 32620 772 gi|54 24054 24148
msp 1362 s 366 91.9 -1 913 gi|9 32520 32618 338 gi|29 11691 11781
msp 1360 s 416 82.7 -1 913 gi|9 32520 32617 346 gi|29 28020 28109
msp 1366 s 514 88.5 1 913 gi|9 32521 32633 94 gi|14 21752 21856
msp 1368 s 295 83.7 1 913 gi|9 32521 32618 872 gi|60 39560 39655
msp 1372 s 281 87.8 1 913 gi|9 32521 32618 653 gi|47 3059 3155
msp 1370 s 258 84.5 1 913 gi|9 32521 32617 37 gi|10 27215 27304
msp 1374 s 404 86.6 1 913 gi|9 32522 32618 310 gi|27 19666 19757
msp 1376 s 383 87.1 1 913 gi|9 32523 32638 634 gi|46 7036 7147
msp 339 s 298 87.3 -1 13 gi|1 24376 24454 913 gi|9 32535 32623
msp 1378 s 284 82.9 -1 913 gi|9 32543 32618 20 gi|10 1671 1739
msp 1380 s 342 85.9 -1 913 gi|9 32548 32618 561 gi|41 11404 11467
msp 1384 s 296 93.0 -1 913 gi|9 32572 32628 121 gi|16 7123 7178
msp 1382 s 294 91.7 -1 913 gi|9 32572 32619 825 gi|57 28248 28297
msp 1386 s 330 89.4 1 913 gi|9 32573 32619 335 gi|29 8628 8674
msp 1388 s 331 91.3 1 913 gi|9 32573 32618 807 gi|57 465 510
msp 1392 s 294 93.5 -1 913 gi|9 32574 32619 343 gi|29 19722 19769
msp 1390 s 256 94.1 1 913 gi|9 32574 32607 269 gi|24 35496 35529
