index 914
frag gi|9 34461 34515
img_no 8
msp 1394 s 263 89.1 1 914 gi|9 34461 34506 142 gi|17 12956 13006
msp 497 s 276 90.6 -1 192 gi|2 14393 14445 914 gi|9 34465 34515
msp 1396 s 312 88.6 -1 914 gi|9 34465 34508 218 gi|20 37170 37213
msp 1400 s 258 100.0 -1 914 gi|9 34476 34506 826 gi|58 421 453
msp 811 s 256 93.5 1 891 gi|8 6499 6529 914 gi|9 34476 34506
msp 1398 s 254 100.0 1 914 gi|9 34476 34503 728 gi|51 1922 1949
msp 13 s 255 100.0 1 539 gi|4 8858 8888 914 gi|9 34477 34506
msp 713 s 257 96.5 -1 851 gi|6 34 62 914 gi|9 34478 34506
