index 99
frag gi|14 35384 35549
img_no 10
msp 2300 s 265 72.7 1 99 gi|14 35384 35515 794 gi|56 22222 22340
msp 2302 s 284 81.7 -1 99 gi|14 35434 35504 590 gi|43 11622 11697
msp 399 s 403 74.8 1 17 gi|1 37361 37467 99 gi|14 35436 35549
msp 2306 s 336 77.3 -1 99 gi|14 35436 35545 397 gi|31 34045 34148
msp 2304 s 366 83.8 1 99 gi|14 35436 35515 154 gi|18 5624 5695
msp 2308 s 385 80.2 1 99 gi|14 35440 35545 162 gi|18 23604 23701
msp 2310 s 377 79.2 1 99 gi|14 35440 35545 731 gi|51 16477 16576
msp 2312 s 316 79.2 1 99 gi|14 35440 35545 443 gi|34 22214 22313
msp 2314 s 251 78.3 1 99 gi|14 35442 35487 834 gi|59 1699 1744
msp 869 s 251 80.0 1 898 gi|8 30193 30272 99 gi|14 35451 35538
