1 226
1 228
1 230
1 232
1 234
1 236
2 238
3 240
4 242
5 244
6 246
6 248
6 250
6 252
6 254
6 256
6 258
6 260
7 262
8 264
9 266
10 268
10 270
10 272
10 274
10 276
10 280
10 282
10 284
10 278
10 286
10 288
10 290
10 294
10 292
10 296
10 298
11 300
11 302
11 304
11 306
11 310
11 312
11 308
11 314
11 316
11 318
11 320
11 322
12 324
12 326
12 328
12 330
12 332
13 334
13 336
13 338
13 340
13 342
13 344
13 348
13 346
13 350
14 352
15 354
16 356
17 358
17 360
17 362
17 364
17 366
17 368
17 370
17 372
17 374
17 376
17 378
17 380
17 382
17 384
17 386
17 388
17 390
17 394
17 392
17 396
17 398
17 400
17 402
18 404
19 489
20 1482
20 1484
20 1486
20 1490
20 1488
20 1492
20 1494
20 525
20 1500
20 1496
20 1498
20 1506
20 1504
20 1508
20 173
20 1502
20 199
20 539
20 1379
20 1510
20 1347
21 1512
22 1514
22 1516
22 1518
22 1520
22 1522
22 479
22 977
22 1524
22 1528
22 1526
22 847
22 1530
22 1229
22 1532
22 313
22 1534
22 1536
22 1538
22 1540
23 1542
23 1552
23 1554
23 1550
23 1548
23 1556
23 1560
23 1544
23 1546
23 1562
23 1558
23 1564
23 1566
23 1568
23 1572
23 1570
23 1574
23 1576
23 1578
24 1580
24 1582
24 135
24 1584
25 1586
26 1588
27 1590
28 1592
28 145
29 1594
30 1596
31 1598
31 1600
32 1602
33 1604
34 1606
35 1608
36 1610
37 577
37 1233
37 585
37 851
37 1612
37 1219
37 1614
37 1618
37 1616
37 1620
37 1622
37 843
37 1624
37 1626
37 1628
37 973
37 1630
37 1632
37 1007
37 1634
37 1636
37 1638
37 1640
37 1642
37 1644
37 1646
37 917
37 1648
37 421
37 1650
37 1652
37 1431
37 1654
37 1656
37 1658
37 1660
37 1662
37 1664
37 1666
37 1668
37 1670
37 1441
37 1672
37 645
37 1674
37 129
37 1676
37 1680
37 643
37 1678
37 1371
37 765
37 1682
37 1684
37 1686
37 1688
37 1267
37 113
37 1690
37 1692
37 1061
37 1702
37 1191
37 457
37 1696
37 939
37 1700
37 1694
37 1698
37 1704
38 1706
38 1708
39 1710
40 1712
41 1716
41 1714
41 1718
41 1720
41 1722
41 1724
41 1726
41 1728
41 1730
41 1732
41 1734
41 1736
42 1738
42 1740
42 1742
42 1744
42 1748
42 1750
42 1746
42 1752
42 1754
42 1756
42 1758
42 1760
42 1762
43 1764
44 1766
45 1768
46 1770
47 1772
47 1774
47 1776
47 1778
47 1780
47 1963
48 1782
49 1784
49 1786
50 1788
51 1790
52 1792
53 1794
54 1796
54 1798
55 1800
56 1802
56 1804
57 1806
57 1808
57 1810
57 1812
58 1814
58 1816
58 1425
58 1673
58 1818
58 1820
58 1822
58 1824
58 679
58 1826
58 1828
58 1830
58 1832
58 1834
58 1836
58 1838
58 1840
58 1842
58 1844
58 1209
58 1033
58 1846
58 1856
58 1854
58 1864
58 1850
58 1852
58 1141
58 1848
58 1860
58 1866
58 957
58 1858
58 1868
59 1862
60 1870
60 1872
61 1874
62 1876
63 1878
63 1087
64 1880
65 1882
65 251
66 1884
67 1886
68 1888
68 1773
68 1890
68 1894
68 1957
68 1892
69 1992
70 1297
71 1994
71 1996
71 1998
71 461
72 1275
73 1277
73 2000
74 2002
75 969
75 1515
75 2004
75 593
75 2006
75 1225
75 2008
75 2010
75 845
75 2012
75 2014
75 2016
75 2018
75 321
75 2020
75 2022
75 1615
75 2024
76 2026
77 2028
77 1809
77 1807
77 2030
78 2032
78 2034
79 2036
80 2038
80 2040
80 1407
80 2042
80 1821
80 2044
80 1677
80 2046
80 741
80 2050
80 2048
80 2052
80 2056
80 2054
80 683
80 1469
80 1679
80 2058
80 681
80 2060
80 2062
80 1049
80 2064
80 175
80 2066
80 2068
80 2070
80 2072
80 2074
80 2076
80 2078
80 2080
80 1497
80 2082
80 1111
80 427
80 793
80 2084
80 115
80 1835
80 737
80 2086
80 2088
80 2090
80 2092
80 2094
80 2096
80 2098
80 2100
80 2102
80 2104
80 2106
80 2108
80 2110
80 2112
80 2114
80 1081
81 2116
82 2118
83 2120
83 2122
83 2124
83 1419
83 2126
83 2128
83 2130
83 1159
83 2132
83 629
83 2134
83 35
83 2136
83 209
83 2138
83 2140
83 2144
83 2146
83 2142
83 2152
83 2148
83 2150
83 2154
83 2156
83 2162
83 45
83 2158
83 2160
83 2172
83 2168
83 2174
83 1869
83 2164
83 2166
83 2170
84 1871
85 1875
86 2176
87 2178
88 2180
89 2182
89 2184
90 223
90 2186
91 2188
92 2192
92 2190
92 2194
92 2200
92 2196
92 2198
92 2202
92 2204
92 1935
92 2206
92 91
92 823
92 2208
92 2210
93 2212
94 2214
94 2216
94 2218
94 627
94 2220
94 2222
94 2224
94 2226
94 2129
94 159
94 2228
94 2234
94 2230
94 2232
94 551
94 1669
94 2236
94 2238
94 549
94 2246
94 2240
94 2248
94 1503
94 189
94 2242
94 2244
94 2254
94 2250
94 1345
94 2252
94 2256
94 2258
94 1367
94 343
94 2260
94 2262
94 2264
94 2266
94 2268
94 2270
94 2272
94 2274
95 2276
95 2278
95 2280
95 2282
95 2284
95 2286
96 2288
97 2290
97 2292
97 2296
97 2294
98 2298
99 2300
99 2302
99 399
99 2306
99 2304
99 2308
99 2310
99 2312
99 2314
99 869
100 1611
101 2316
101 2318
102 2177
103 2320
104 487
105 2322
105 1037
105 2324
105 2326
105 915
105 2328
105 435
105 2330
105 2334
105 2332
105 1179
105 1653
105 2336
105 2338
105 2346
105 2344
105 1449
105 2340
105 2342
105 2348
105 2354
105 2350
105 1839
105 2352
105 117
105 2356
105 2358
105 2364
105 2079
105 699
105 2362
105 2360
106 2366
106 2368
106 2370
106 1417
106 1089
106 1645
106 1451
106 1819
106 1683
106 2374
106 2055
106 2372
106 661
106 2071
106 2376
106 2378
106 2380
106 2382
106 1169
106 2386
106 2384
106 735
106 2388
106 2390
106 429
106 789
106 2392
106 2394
106 1039
106 2396
106 2412
106 2398
106 2408
106 913
106 2402
106 2400
106 2404
106 2414
106 2410
106 1147
106 2406
107 1873
108 2416
108 2197
108 2418
108 2420
108 2422
108 1321
108 89
108 2207
108 2424
108 2426
108 2428
109 2430
109 1739
109 2432
109 1753
109 2434
109 2438
109 2436
109 2440
109 1577
109 2442
109 2444
109 2446
109 2448
109 2450
109 1545
109 1549
109 2452
109 2454
109 2456
109 2458
109 2460
109 1747
109 2462
109 2464
109 1547
109 1565
109 2466
109 2468
109 2470
109 2472
109 2474
109 2476
109 1567
109 2478
110 2480
111 2482
111 2484
112 1709
113 357
114 2486
114 1247
114 2488
114 2490
114 2492
114 2494
114 2496
114 2498
114 1237
114 477
114 2500
114 841
114 1523
114 2011
114 583
114 2502
114 983
114 2504
114 2506
114 2508
114 315
114 1627
114 2510
114 599
114 1619
114 2512
114 2514
114 2516
114 2518
114 2520
115 2522
116 2524
117 2526
118 2528
118 2530
118 2532
118 2534
118 2536
118 937
118 2538
118 2540
118 1157
118 2542
118 2544
118 2546
119 2548
119 2550
119 2552
119 2554
120 2556
120 7
120 1585
120 2558
121 2560
121 863
121 1385
121 2271
121 2562
121 2564
121 2566
122 2568
122 2570
122 2572
122 2574
122 2576
123 239
124 2578
124 2580
124 2582
124 2584
124 2586
124 2588
125 2590
126 2592
127 2594
127 2596
127 893
127 2598
127 2600
127 895
127 2602
127 2604
128 2606
129 2608
130 2610
130 2612
130 2614
130 2616
130 391
130 2618
130 2620
130 2626
130 2624
130 2622
130 2628
130 2630
130 2632
130 2634
130 355
130 2636
130 2638
130 2640
130 281
130 2642
130 2644
131 2646
132 2648
133 137
133 2650
134 2652
135 2654
135 2656
136 2658
137 2660
138 2662
138 2664
138 2666
138 2668
138 2670
138 2672
139 2674
139 1337
139 1313
139 2676
139 2211
139 2680
139 2678
140 2682
141 2684
142 2686
142 493
142 2688
142 2690
142 1395
142 1303
142 507
142 1995
143 347
143 2692
144 1707
145 2694
145 2696
145 2698
146 2005
146 595
146 2503
146 1521
146 981
146 1617
146 2700
146 2702
146 2704
146 311
146 2706
146 2708
146 2710
146 483
147 2712
148 2714
149 2716
149 2718
149 2720
149 2722
149 2724
149 2726
149 2728
149 2730
149 2732
150 839
150 2734
151 2736
152 2738
152 2740
152 2742
152 2744
152 2746
152 2748
152 227
153 2750
154 2752
154 365
154 2754
154 2756
154 2758
154 2760
154 2762
154 2764
154 2766
154 2768
154 2770
154 2772
154 2774
154 2778
154 2639
154 293
154 2776
154 2780
154 2782
154 2784
154 2305
155 2786
156 2788
157 2790
157 2792
157 2794
158 2796
159 2798
160 2800
161 2802
161 2804
161 2806
162 2808
162 2810
162 377
162 2812
162 2814
162 2816
162 2818
162 2820
162 2826
162 2822
162 2824
162 291
162 2629
162 2828
162 2830
162 2832
162 2834
162 2309
162 2836
162 2838
162 881
163 2840
163 2842
163 2844
163 2846
163 2848
164 1787
165 2850
165 2852
166 359
166 2958
166 2960
166 2962
166 2964
166 2611
166 2966
166 283
166 2823
166 2968
166 2970
166 2972
166 2771
166 2974
166 2976
166 2978
166 2697
166 2980
166 2982
166 873
167 2984
168 2986
168 2988
169 2990
169 2992
169 2994
169 2996
169 3004
169 2998
169 3000
169 3002
169 2575
169 3006
170 3008
170 3010
170 1283
170 3012
171 3014
171 3016
171 2667
171 2673
172 3018
173 1513
174 3020
174 3022
174 3024
174 3026
174 1319
174 3028
174 1329
174 3030
174 3032
174 3034
174 3036
175 3038
176 3040
177 1923
178 2189
179 3042
180 3044
181 1241
181 3046
181 3048
182 995
183 601
184 3050
184 3052
184 367
184 3054
184 3056
184 2619
184 285
184 3058
184 2821
184 3060
184 2779
184 3062
184 3064
184 3066
184 3068
184 3070
184 871
185 2663
185 3072
185 3074
185 2671
186 406
186 408
186 410
186 412
186 414
186 416
186 418
186 420
186 422
186 424
186 426
186 428
186 430
186 434
186 432
186 436
186 440
186 438
186 444
186 446
186 442
186 448
186 450
186 454
186 452
186 456
186 458
186 460
187 462
188 464
189 466
189 468
189 470
189 472
189 474
189 476
189 478
189 480
189 482
190 484
191 486
192 488
192 490
192 492
192 494
192 498
192 496
192 500
192 502
192 504
192 506
192 508
193 510
193 512
193 514
193 516
193 518
193 520
193 526
193 524
193 528
193 532
193 522
193 530
193 534
193 558
193 548
193 552
193 544
193 550
193 536
193 538
193 546
193 554
193 556
193 540
193 542
193 560
193 562
194 564
195 566
196 568
197 570
197 572
198 574
198 576
198 578
198 580
198 582
198 584
198 586
198 588
198 592
198 590
198 594
198 596
198 598
198 600
198 602
198 604
198 606
198 608
198 610
198 612
199 614
199 616
199 618
199 620
199 622
199 624
199 626
199 628
199 630
199 632
199 634
199 642
199 644
199 648
199 662
199 664
199 660
199 668
199 678
199 646
199 656
199 650
199 676
199 658
199 654
199 670
199 636
199 666
199 638
199 640
199 652
199 672
199 674
199 682
199 680
199 690
199 686
199 684
199 692
199 688
199 694
199 696
199 698
199 700
199 704
199 702
199 706
200 1733
200 2854
200 2856
200 2858
200 2860
200 2862
200 2864
200 2866
200 259
200 2868
200 3
201 1961
201 2870
201 2874
201 1775
201 2872
201 1893
202 2876
202 2882
202 2878
202 2880
202 1725
202 2884
202 2886
202 2888
202 935
203 2890
203 2892
203 2894
204 2896
204 2898
204 2900
205 2902
205 2559
206 2904
207 2583
207 2908
207 2906
207 2910
207 2587
207 2912
208 2914
209 2916
210 2918
211 139
212 2920
213 1711
214 2922
214 2924
215 2926
215 2928
216 2930
216 2932
216 149
216 2934
217 147
217 2936
217 2938
217 2940
218 2942
218 2944
218 491
218 499
218 2689
218 1299
218 1397
218 2687
218 2946
218 2948
218 3067
218 2950
218 2952
218 2954
218 2956
219 3076
219 3078
219 3080
220 2571
220 1649
220 3082
220 3084
220 2727
220 3086
220 2135
220 3088
220 3090
220 3092
220 3094
220 3096
220 2723
220 3102
220 3098
220 3100
220 3104
220 3106
220 3110
220 3108
220 3112
221 1291
221 3114
222 3116
223 3118
223 1599
224 3120
224 3122
224 3124
225 3126
225 3128
225 3132
225 3130
225 3134
225 3136
225 2623
225 395
225 3138
225 2831
225 2965
225 3140
225 2761
225 297
225 3142
225 3144
226 2607
227 1295
228 23
228 3146
228 3148
229 3150
230 3152
231 231
231 237
232 3154
232 3156
233 2985
234 257
234 3158
234 3160
234 1735
234 2867
234 3162
234 3164
234 3166
234 3168
234 3170
234 3172
234 3174
234 3176
235 247
235 3178
236 253
236 3180
236 3182
236 2869
236 3184
237 95
238 1539
238 3186
238 2521
239 3188
239 3190
239 3192
239 3194
239 3196
239 3198
239 2719
239 3200
239 2153
239 3204
239 3202
239 3103
239 3206
239 49
240 3208
241 3210
241 3212
241 3214
241 3216
241 3218
241 3220
242 3222
242 3224
242 3226
242 3228
242 3230
242 3232
242 3049
243 3234
244 3236
244 3238
244 3240
245 3242
246 3244
247 157
248 3246
249 3248
250 309
251 3250
252 3252
253 3254
254 3256
255 3258
256 245
257 3260
258 1785
258 2795
259 3514
260 3516
261 3518
261 3520
261 3522
261 3524
261 3526
262 3528
262 3530
263 3532
264 3534
265 2793
266 3536
266 855
267 2497
267 979
267 2013
267 3538
268 2515
268 3542
268 3540
268 3544
268 3546
268 3548
268 3550
268 2509
268 331
268 3552
269 3554
269 3556
269 1391
269 3558
269 3560
269 3562
270 1339
271 3262
271 2355
271 3264
271 3266
271 2733
271 3091
272 3268
272 3270
272 3272
272 3274
272 335
272 3276
272 3278
272 529
272 1341
272 2223
272 181
272 3280
272 2255
272 3282
272 3286
272 3284
272 3288
272 3290
272 3292
273 93
274 3294
274 3296
274 2811
274 3298
274 275
274 3300
274 2763
274 3302
274 3304
274 383
274 2975
274 3306
274 2637
274 3063
274 3308
274 3310
274 3145
274 3312
274 3314
275 3316
275 703
275 3318
275 1165
275 3320
275 3322
275 3324
275 911
275 2409
275 3326
275 3328
275 3330
275 3332
275 3334
275 3338
275 3336
275 1067
275 1265
275 1849
275 33
275 3342
275 3344
275 3340
275 3348
275 3346
275 2175
275 2075
275 3364
275 3352
275 687
275 3350
275 3356
275 3362
275 1473
275 3354
275 3358
275 3360
275 2361
276 75
277 3366
277 2191
278 3045
279 3368
279 3370
279 3372
280 3374
280 3376
280 3378
280 3380
280 3382
281 3384
281 3386
282 3388
282 1323
282 3390
282 3392
282 3394
283 3123
284 3396
285 1405
285 3398
285 615
285 1817
285 3400
285 2061
285 3402
285 727
285 3404
285 3406
285 107
285 2387
285 1207
285 2151
285 3408
285 3410
285 2091
285 441
285 2337
285 3414
285 1661
285 3412
285 3420
285 3426
285 41
285 3418
285 3424
285 3416
285 633
285 1031
285 1693
285 3422
285 903
285 3436
285 3448
285 3442
285 3428
285 3440
285 3444
285 1139
285 1463
285 3430
285 3432
285 3434
285 3438
285 3446
285 1273
286 3450
287 2019
287 3452
287 475
287 3454
287 3456
287 3458
287 3047
287 3460
287 3462
287 1527
287 3539
288 3085
288 3093
288 3464
288 3466
288 3468
288 3470
288 3472
288 3205
288 2149
288 3474
288 3478
288 3482
288 3476
288 3484
288 3480
288 3486
288 3488
288 1051
288 3490
288 3492
289 3494
289 3496
289 167
289 3498
289 3500
289 531
289 3506
289 3502
289 3504
289 215
290 3508
290 61
290 3510
291 3512
291 67
292 3564
292 2801
292 3566
293 3451
294 3568
295 2787
296 3570
296 3381
296 3572
296 3574
297 3213
297 3576
297 3229
297 3578
297 991
297 3580
297 3582
297 3584
298 3586
299 3215
299 3588
299 3590
299 3231
299 3592
299 3594
299 3596
299 3235
300 3598
301 225
301 3369
302 3698
302 2901
302 2895
303 1897
304 3700
305 3702
306 3704
306 3706
307 3708
307 3710
307 2399
308 3712
308 3714
308 2745
308 2749
308 3716
308 3718
308 865
309 3720
310 3722
310 3724
310 3273
310 3726
310 1659
310 3728
310 523
310 1489
310 3281
310 185
310 187
310 2243
310 2245
310 3089
310 3730
310 3732
310 1375
310 349
310 3195
310 3077
310 469
311 2491
311 849
311 613
312 3734
312 3275
312 3736
312 3738
312 3740
312 3742
312 1485
312 3744
312 3497
312 3748
312 3746
312 3269
312 3750
312 169
312 3752
312 1505
312 3754
312 2237
312 3756
312 1349
312 3758
312 3760
312 535
312 3766
312 2241
312 1681
312 3762
312 183
312 537
312 3764
312 3768
312 3770
312 1351
312 3503
312 2567
313 571
313 3772
314 1221
315 151
316 3774
317 73
317 3778
317 3776
317 2951
318 3780
318 3782
318 3201
318 3477
318 3784
318 3786
318 3788
318 3790
318 3083
318 3109
318 3792
319 3600
319 3602
319 1999
319 2413
319 3604
319 3606
319 1865
319 1647
319 1173
319 3608
319 919
319 455
319 2333
319 3610
319 3612
319 1073
319 3614
319 3616
319 3441
319 3618
319 3620
319 3628
319 3626
319 3622
319 3624
319 3630
319 3343
319 3632
319 3634
319 3636
319 3638
319 779
319 3640
319 3642
319 3644
319 3646
319 689
319 1699
319 1263
320 3648
320 3650
320 2283
321 3652
322 3749
322 3293
322 3501
322 1499
323 3654
323 3656
323 3658
323 3660
323 3662
324 1093
324 3664
324 221
324 2647
325 3666
325 3599
325 1215
326 3668
326 3670
326 3672
326 1119
326 3674
326 3678
326 945
326 3676
326 3686
326 3680
326 3684
326 3682
326 3688
326 745
326 799
326 2115
327 3690
328 3692
329 3694
330 1091
331 3696
332 2469
332 1575
332 2455
332 2451
332 2431
332 2461
332 1553
332 2449
332 1761
332 1763
332 1561
332 2467
332 2445
332 1573
333 2579
333 3794
333 2909
333 2585
333 2911
333 3796
334 3798
334 1253
335 1493
335 345
335 3800
335 3802
335 2265
335 1387
335 3761
335 3559
336 2261
336 3751
336 341
337 3804
338 3271
338 3725
338 2235
338 3767
338 3806
338 3808
338 197
338 521
338 2239
338 3812
338 3810
338 195
338 1363
338 3814
338 3816
338 3495
339 2477
339 1741
339 1569
339 2463
339 2437
339 2457
339 1563
339 2473
339 1755
339 2433
340 569
341 3818
341 2485
342 2441
342 2439
342 1543
342 2447
342 2459
342 2471
342 1571
342 1559
342 2479
342 1749
342 1555
342 1759
342 2443
342 2465
342 1751
342 2435
342 1551
342 1557
342 1743
342 2475
342 1579
343 3820
343 213
343 1483
343 3822
343 3737
343 3824
343 3826
343 1393
343 2273
343 3828
343 3830
343 543
343 3557
344 3832
345 1249
346 3834
346 3836
346 517
346 2227
346 951
346 211
346 9
346 3840
346 3287
346 3844
346 3846
346 203
346 2251
346 3769
346 1361
346 3838
346 351
346 3842
346 3848
346 3850
346 1511
347 3852
347 1633
347 1029
347 1115
347 3854
347 771
347 1137
347 3856
347 3858
347 3603
347 3319
347 3860
347 3862
347 3864
347 3866
347 3868
347 3872
347 3870
347 2533
347 415
347 2331
347 1433
347 3403
347 2385
347 3874
347 3876
347 3878
347 3681
347 1831
347 3880
347 3882
347 3884
347 651
347 3886
347 2113
347 3888
348 3551
349 3493
349 3890
349 3894
349 3896
349 3898
350 3892
351 3900
351 3902
351 3383
351 3904
352 3906
353 58
353 60
353 62
353 64
353 66
354 68
354 70
354 72
355 74
356 76
357 78
357 80
357 82
357 84
357 86
357 88
357 90
358 92
359 94
360 96
361 98
361 100
361 102
361 104
361 106
361 108
361 110
361 112
361 114
361 116
361 118
361 120
361 122
361 124
361 126
361 128
361 130
362 132
362 134
363 136
364 138
364 140
364 142
364 144
364 148
365 146
365 150
366 152
366 154
367 156
368 158
368 160
368 162
368 164
368 168
368 166
368 170
368 172
368 174
368 176
368 178
368 559
368 190
368 196
368 180
368 182
368 184
368 186
368 188
368 194
368 198
368 557
368 192
368 200
368 202
368 204
368 206
368 208
368 210
368 212
368 216
368 214
368 218
369 220
370 222
370 224
371 265
372 3908
372 389
372 2833
372 3315
372 3910
372 2781
372 3914
372 2635
372 3912
372 2957
372 3918
372 3916
372 2983
372 3071
372 3920
373 3922
373 3924
374 2893
374 3926
374 2899
374 3699
375 3928
375 3930
375 3932
375 2621
375 3057
375 375
375 3137
375 3934
375 2961
375 273
375 2813
375 3297
376 3936
376 3685
376 3938
376 3940
376 3942
376 3944
377 3946
377 3948
377 3001
378 3950
379 3952
379 3954
379 2843
380 2849
381 3956
381 1887
382 3185
382 261
382 3958
382 3173
383 3951
384 3960
385 269
385 3962
385 3964
385 3303
385 2963
385 3061
385 3966
385 2643
385 2759
385 371
385 2817
385 3968
385 3143
385 3970
386 761
386 763
387 3972
387 1251
388 3974
388 2691
388 2799
388 1301
389 3976
390 1813
390 2031
390 1811
390 2029
391 3978
391 3980
391 3569
392 3982
393 3984
394 3986
395 3988
395 3990
395 3745
395 179
395 3849
396 3992
397 3994
397 3996
397 2615
397 381
397 3998
397 3931
397 3051
397 4000
397 3135
397 4002
397 4004
397 877
397 2809
397 2969
397 2307
397 4006
397 2765
397 4008
397 289
397 3299
397 4010
397 4012
398 4014
399 4016
399 4018
400 2419
401 2069
401 4020
401 4022
401 3889
401 4024
401 2757
401 4026
401 791
401 2407
402 4028
403 4030
403 3241
404 4032
404 4034
404 3859
404 1637
404 3317
404 4036
404 4038
404 1069
404 3605
404 4040
404 1427
404 1879
404 4042
404 4044
404 4046
404 4048
404 4050
404 929
404 2339
404 3445
404 4052
404 2405
404 4054
404 1825
404 1129
404 4056
404 4060
404 4058
404 4064
404 647
404 4066
404 4062
404 2085
405 4068
405 1931
405 1919
405 4070
405 2429
405 2423
405 4072
406 4074
407 3397
408 3567
409 2487
409 3593
409 4076
409 3549
409 4078
409 581
409 1517
409 301
409 471
409 4080
409 2009
409 837
409 1621
409 2701
409 987
409 2517
410 4082
411 1583
411 4084
411 3653
412 4086
412 1325
412 4088
412 1939
412 4090
412 2675
412 1311
412 3029
412 1315
412 1317
412 4092
412 3389
412 4094
412 3037
412 4096
413 1131
413 4098
413 623
413 2093
413 2275
413 4100
413 4102
413 4104
413 1845
413 4106
413 4110
413 1053
413 3623
413 4108
413 3345
413 4114
413 4112
413 121
413 1213
413 3413
413 439
413 1695
413 1271
414 249
414 3179
414 1883
414 1729
414 3181
414 3161
414 2865
414 3959
415 4116
415 4118
416 4120
416 3463
417 255
417 3183
417 1731
417 4122
417 4124
417 4126
417 4128
417 4130
417 3159
418 4132
419 1983
420 1685
420 1453
420 2377
420 669
420 695
420 1109
420 3679
420 4134
420 3863
420 4136
420 4140
420 4142
420 4138
420 3363
420 1045
420 4144
420 3425
420 4146
420 4045
420 1189
420 3621
420 4148
420 4109
420 2111
420 4150
420 4152
421 4071
421 1331
421 4154
421 1307
421 1943
421 4091
421 1901
422 1823
422 999
422 4156
422 1185
422 3867
422 417
422 2047
422 4158
422 2077
422 4025
422 4160
422 4162
422 2325
422 2389
422 4166
422 4164
422 701
422 4170
422 3673
422 4172
422 3321
422 3711
422 4168
422 685
422 3427
422 1635
422 749
422 4178
422 4176
422 4180
422 787
422 4174
422 4037
422 905
422 1421
422 4188
422 1153
422 4182
422 4184
422 3625
422 4186
422 4190
422 4192
422 2537
422 2133
423 4194
423 3981
424 3983
425 3955
425 4196
425 2847
426 2845
426 4198
427 21
428 27
428 3147
429 25
429 3149
430 2321
431 861
432 4200
432 2721
432 4202
432 4204
432 4208
432 4206
432 3007
433 2323
433 2889
433 1063
433 1183
433 3627
433 3401
433 2891
433 2897
433 3927
434 3833
435 4089
435 1335
435 1937
435 4155
435 1309
436 4210
437 3209
438 1601
438 3119
439 1587
439 1597
439 3117
439 2651
440 4212
441 3901
442 4195
443 363
443 3055
443 4214
443 2613
443 2815
443 3965
443 3929
443 3305
443 4216
443 2971
443 4218
443 279
443 4220
443 2777
443 4222
443 4224
443 3995
443 3129
443 4226
443 2313
443 4228
443 875
444 2119
445 3985
446 3715
446 2739
446 2741
446 4230
446 3717
447 403
448 2917
448 2915
448 2989
449 4232
450 2923
450 4234
450 3243
451 4236
452 3839
452 4238
452 3989
453 4240
453 2925
453 2927
453 3805
454 2931
454 4242
455 1591
456 4604
457 4606
458 4608
459 4610
460 1985
460 4612
460 4614
461 4616
462 2591
463 4618
463 1979
464 1965
464 4620
465 4622
465 1981
466 1967
466 4624
467 1895
467 4626
467 1779
467 1959
467 2871
467 4628
467 1
468 715
469 2289
470 4244
470 2805
471 4246
472 4248
473 4250
473 4252
473 4221
473 3997
473 3133
473 361
473 2625
473 4254
473 2773
474 4256
475 3157
476 4258
477 3939
477 721
477 3865
477 4173
477 2395
477 2535
477 4260
477 4137
477 931
477 4262
477 1155
477 4268
477 3683
477 4264
477 4266
477 4270
477 795
477 2107
478 4272
479 4077
479 2709
479 467
479 835
479 1519
479 2021
479 4274
479 2499
479 985
479 4276
479 1613
479 307
479 1629
479 597
479 1235
479 4278
480 4280
481 2987
482 2627
482 2955
482 3935
482 3909
482 4282
482 4284
482 3053
482 4223
482 4009
482 4286
482 4288
482 2753
482 2979
482 287
482 379
482 2829
482 4290
482 3295
482 4292
483 4237
484 3125
485 1765
485 4294
486 1257
486 1259
487 4296
487 831
487 1915
487 4298
487 1921
487 4300
487 3393
487 1327
487 4095
488 4302
488 4304
488 4306
488 4308
488 4310
489 4312
489 4314
489 4316
489 4322
489 4318
489 4320
490 4324
491 4326
491 4330
491 4328
491 2295
492 3705
492 3649
492 2277
492 2279
492 3707
492 2285
492 2281
492 3703
492 3651
492 2287
493 4332
493 4334
494 1795
495 4133
496 495
496 4336
497 4338
498 4340
499 4331
499 4342
499 2293
499 4289
499 4227
499 3921
499 4344
499 373
499 2835
499 4346
500 4299
500 1909
501 4348
502 4350
503 4352
504 1877
505 4354
506 1907
506 4356
506 3391
506 2205
507 3601
507 4358
507 3489
507 4360
507 4362
507 3407
507 3943
507 743
507 4364
507 907
507 4041
507 1171
507 3869
507 3327
507 1651
507 1035
507 43
507 4177
507 4366
507 2053
507 1843
507 4368
507 1457
507 4105
507 4374
507 4370
507 4372
507 4376
507 2159
507 4378
507 691
507 2067
507 4382
507 4380
508 3251
509 4384
510 4386
510 705
510 2043
510 4388
510 1167
510 4390
510 4165
510 1703
510 4392
510 4141
510 3873
510 4394
510 923
510 4049
510 4396
510 4400
510 1657
510 431
510 3337
510 4398
510 2383
510 4404
510 4402
510 4408
510 3429
510 4406
510 1443
510 2343
510 3619
510 4410
510 1829
510 4414
510 1133
510 4107
510 4412
510 1071
510 4416
510 111
510 671
510 4418
510 4422
510 2083
510 4420
510 2165
510 53
511 4424
511 2035
512 2493
512 2023
512 3537
512 323
512 857
513 4426
513 3379
513 4428
513 3571
514 4430
514 4432
514 4434
515 4436
516 1245
516 2501
517 1641
517 2529
517 4438
517 3871
517 2329
517 4261
517 739
517 2391
517 3411
517 4401
517 1841
517 4440
517 4442
517 3629
517 4444
517 1043
517 4175
517 1149
517 4059
517 955
517 4450
517 4446
517 667
517 4448
517 3353
517 803
517 2087
517 4452
518 2797
519 2791
520 2751
520 3043
521 3375
521 4454
521 4429
521 3575
522 4307
522 4456
522 4458
522 4305
522 4460
522 4303
522 567
523 2581
523 2589
523 3795
523 2907
523 2913
523 3797
524 3701
525 4462
526 4464
526 4466
526 4468
526 3009
526 2417
526 1281
526 3031
526 3025
526 1955
526 1945
526 4093
526 4470
526 2201
526 2425
526 3027
526 1287
526 815
526 2677
526 4472
526 4301
526 3395
527 3957
528 4474
528 1727
528 4476
528 4478
528 4480
528 4482
528 2863
528 4123
528 3163
528 2885
529 1951
529 4484
529 1777
529 2873
529 1891
529 4629
530 4486
530 4488
530 2887
530 4490
530 1719
530 4492
531 4494
531 4496
531 4498
532 4500
533 2039
533 4502
533 4504
533 3399
533 2121
533 4161
533 3857
533 1815
533 4506
533 2531
533 1667
533 4393
533 4145
533 4508
533 4510
533 2367
533 1041
533 3419
533 927
533 1655
533 4512
533 4051
533 423
533 4514
533 1455
533 4516
533 1103
533 4269
533 4518
533 665
533 2051
533 663
533 805
533 2217
533 3331
533 4520
533 2379
533 1827
533 2541
533 3881
533 4524
533 4522
533 1011
533 4526
533 4528
533 4530
533 775
533 4532
533 1123
533 4534
533 445
533 4061
533 4413
533 125
533 4536
533 3617
533 4185
533 2353
533 4538
534 3979
535 3245
536 4540
536 4542
537 0
537 2
537 4
538 6
538 533
538 8
539 10
539 12
539 14
540 16
540 18
541 20
542 22
542 24
542 26
543 28
543 30
543 32
543 36
543 34
543 40
543 38
543 42
543 48
543 46
543 44
543 54
543 50
543 52
543 56
544 4544
544 4552
544 4548
544 4546
544 4550
545 3597
546 4015
547 4554
548 2525
549 4556
550 4558
551 4560
551 4005
551 4562
551 71
551 3779
551 397
551 2953
551 3069
551 2977
551 2633
551 3913
551 4283
551 4564
551 2839
551 4347
551 1593
551 2919
551 2935
552 1589
552 2941
552 143
553 1605
553 1609
553 2921
554 3121
554 1925
554 1927
555 3893
555 4566
555 3947
555 4568
555 4570
555 3781
555 4572
555 4574
555 2729
555 4576
555 4367
555 4578
555 4201
555 2991
555 3107
555 1797
555 3485
555 4580
555 4584
555 4586
555 2157
555 4588
555 4582
555 4395
555 1057
555 4590
556 2117
556 4592
557 4489
557 4594
557 4596
557 2883
557 4598
557 1723
557 4477
557 4125
557 2861
557 3165
557 4600
558 4602
558 2027
559 267
560 4339
561 3991
561 4239
561 1495
561 3801
561 2693
561 1381
561 3283
561 3843
562 1305
563 2523
564 3005
564 4630
564 3197
564 4634
564 4632
564 3105
564 4587
564 4636
564 4638
564 4640
564 4642
564 4551
564 4573
565 4465
565 4644
565 4073
565 2427
565 1333
565 2421
565 4087
565 1289
565 4646
565 4648
565 2199
566 1255
566 3799
566 2715
566 3115
567 4650
568 2215
568 513
568 4652
568 3739
568 217
568 3505
568 2263
568 3831
568 3817
568 4654
568 4656
568 1355
569 4658
569 4660
570 4553
571 4211
572 4495
573 3527
573 3533
574 3019
575 3531
575 3525
576 3523
576 3529
577 4617
578 1953
578 4485
578 2875
578 4627
578 1889
578 1781
579 1971
580 1989
580 1991
581 4615
582 3261
583 1969
583 4621
583 4625
584 4613
585 4603
586 4662
586 883
586 2599
586 4664
586 887
586 2601
587 4666
587 4668
588 4467
588 3023
588 4097
588 4670
588 1947
588 3035
589 1097
589 411
589 99
589 1687
589 1447
589 1005
589 4113
589 941
589 4405
589 4527
589 3467
589 4672
589 4674
589 4676
589 4678
589 4680
589 4682
589 1269
589 3323
589 4043
589 1177
589 4684
589 4688
589 4686
589 2105
589 4361
589 4439
589 1481
589 1853
589 4692
589 2401
589 3877
589 2341
589 3433
589 4694
589 653
589 3645
589 4191
589 4591
589 4690
589 2173
589 3211
589 3225
589 4696
589 4117
589 3579
589 3591
589 4698
589 4121
589 4700
589 3587
590 4659
590 2851
590 4702
590 4641
590 4547
590 3915
590 2973
590 3141
590 4007
590 387
590 4704
590 2825
590 2775
590 2303
590 4219
590 2641
590 4706
590 3307
590 299
590 3971
591 3223
591 971
591 3217
591 3589
591 2007
591 603
591 1531
591 2513
591 853
591 2703
591 1631
591 3233
591 3221
591 3583
592 3595
593 2661
594 4295
595 4555
596 473
596 3459
596 2489
596 4081
596 833
596 2735
597 3253
597 3259
598 4708
598 4710
599 4712
599 4714
599 4716
600 4718
600 2655
600 4720
600 4722
600 4724
601 2653
602 3693
603 3695
604 3247
605 3249
606 4325
606 4726
607 4728
608 47
608 4153
609 4730
609 4732
609 2179
610 1993
610 2185
610 4734
610 4736
610 2317
611 3453
611 4738
611 1239
611 2495
611 2025
611 1529
612 4740
613 3697
614 4742
614 4744
614 29
614 459
614 2335
614 4746
614 781
614 2161
615 3993
616 4748
616 3975
616 4337
616 17
617 97
618 3543
618 4750
619 4752
619 1885
619 4754
619 4756
619 4758
620 4203
620 4762
620 4760
620 4764
620 3095
620 4766
620 2143
620 1163
620 3609
620 4579
620 2573
620 2731
620 3487
620 4639
620 3449
620 1059
620 4768
621 2713
622 4667
622 4770
622 3775
623 3665
623 2649
623 1095
623 2213
624 3667
625 4291
625 2699
626 4772
627 2001
628 4079
628 1227
628 1623
628 4774
628 1525
628 4275
628 2711
628 3457
629 1881
630 1201
630 4531
630 4776
630 3405
630 769
630 1477
630 3861
630 4039
630 2049
630 4101
630 4387
630 3349
630 4778
630 3633
630 4379
630 1065
630 2169
630 1705
630 4780
630 4179
630 4782
630 4784
630 1689
630 4369
630 4679
630 4786
630 2397
630 3347
630 3635
630 2365
630 965
630 4788
630 1019
630 1471
630 1847
630 3423
630 4453
630 693
630 2109
630 4421
630 2033
630 4425
631 4790
631 4792
631 1435
631 4794
631 943
631 3471
631 4796
631 1117
631 4677
631 4798
631 1017
631 4800
631 4804
631 4533
631 4802
631 4047
631 4397
631 1199
631 4806
631 2097
631 3361
631 3853
631 4189
631 4509
631 3615
631 1851
631 1665
631 2349
631 2415
631 4371
631 3447
631 4808
631 673
631 1697
631 2167
632 1413
633 1769
634 241
634 3821
634 243
634 2561
634 4810
634 4812
634 4814
634 3277
634 511
634 1507
634 1343
634 337
634 2247
634 3753
634 171
634 3755
634 4816
634 3723
634 3813
634 161
634 4822
634 4824
634 1509
634 2249
634 555
634 4818
634 4820
634 4569
634 3081
634 3847
634 1377
634 3563
634 4826
634 3827
634 3499
634 4657
635 1535
636 993
637 3455
637 4739
637 3585
637 3553
637 3547
637 4828
637 4701
637 3659
638 3555
638 407
638 4830
638 4832
638 3687
638 4781
638 101
638 1003
638 4834
638 4525
638 1411
638 4795
638 4575
638 697
638 2351
638 4836
638 2041
638 3199
638 4415
638 4838
638 2089
638 4171
638 3885
638 655
638 3357
638 3899
638 4840
638 4103
638 1127
638 4057
638 1205
638 4687
638 4842
638 4844
638 1863
638 4443
638 3631
638 4373
638 4846
638 4850
638 953
638 3435
638 3491
638 4848
638 4854
638 4852
638 1701
638 2171
638 51
639 4273
640 813
640 2209
640 4297
640 4856
640 4858
640 4860
641 3153
642 2551
642 4862
642 4864
643 4461
643 4457
643 4311
643 4459
643 4309
644 4866
644 3925
645 2555
645 4868
646 4870
647 4872
647 607
647 4874
648 4876
649 2507
649 975
649 3219
649 2015
650 4878
650 2195
650 4880
650 3011
650 79
650 4882
650 821
650 4473
650 1911
650 2681
651 4753
651 3545
651 3541
651 4751
651 4279
651 4759
651 4884
651 3657
651 4755
652 1279
653 1353
653 3835
653 2065
653 4099
653 1151
653 617
653 2231
653 553
653 4892
653 2127
653 3807
653 191
653 4505
653 2233
653 1833
653 3741
653 1445
653 4894
653 3417
653 4896
653 4519
653 1465
653 1671
653 4898
653 1663
653 4833
653 2373
653 1013
653 4065
653 4417
653 2545
653 4271
653 963
653 3689
653 3887
653 4139
653 4902
653 2357
653 4447
653 4900
653 1211
653 453
653 4695
653 4809
653 4904
653 4811
653 4908
653 4825
653 3763
653 2059
653 4906
653 4021
653 4381
653 801
653 4789
653 3351
653 4169
653 3643
653 4910
653 201
653 3285
653 3731
653 1373
653 4653
653 4912
654 4914
654 4435
654 4916
655 4611
656 4918
657 719
657 4920
657 4922
657 4315
658 4924
658 827
658 4857
658 4647
658 829
658 4859
658 4649
659 4926
659 4881
659 4928
659 4645
659 825
659 4861
660 4317
660 717
660 4930
660 4932
661 4157
661 105
661 4783
661 767
661 4934
661 4529
661 4936
661 443
661 3341
661 4938
661 3637
661 4743
661 1079
662 2299
663 2003
664 3039
665 3041
666 4427
666 3387
666 3377
666 4455
666 3573
666 3903
667 4940
668 3907
668 4944
669 4942
669 3385
670 4946
670 2945
670 505
670 4948
671 4487
671 2877
671 4599
671 4886
671 4888
671 1717
671 4475
671 4131
671 2855
671 3171
671 4890
671 1713
672 4351
672 4353
672 4349
673 2481
674 1975
675 1977
675 4623
675 4619
676 1987
677 4741
678 1973
679 3515
680 4941
680 3905
680 4943
680 4945
681 4213
682 3175
683 3177
684 4119
685 1771
686 37
686 2163
686 4950
687 4083
688 3535
689 757
690 4539
690 4952
690 2943
690 1805
690 353
691 1896
692 1898
693 1904
693 1902
693 1900
694 1906
694 1908
694 1910
694 1912
694 1914
694 1916
695 1918
695 1920
696 1922
697 1924
698 1926
699 87
699 1928
700 1930
700 1932
701 81
701 1934
702 1936
702 1938
702 1940
702 1942
702 1944
703 1946
704 1948
705 1950
705 1952
705 1954
705 1956
705 1958
705 1960
705 1962
705 5
706 1964
706 1966
706 1968
706 1970
706 1972
706 1974
707 1976
707 1978
707 1980
708 1982
709 1984
710 1986
710 1988
710 1990
711 4831
711 1105
711 733
711 4954
711 677
711 4805
711 901
711 1025
711 2103
711 4365
711 4515
711 4193
711 4151
711 4956
711 3677
711 4267
711 797
712 3641
712 4451
712 785
712 4895
712 1675
712 1015
712 4027
712 4681
712 1461
712 4801
712 4937
712 4958
712 2547
712 4063
712 4535
712 4135
712 4503
712 4841
712 4960
712 707
712 3335
712 4409
712 447
712 4962
712 2101
712 3671
712 4964
712 1855
712 4966
712 4785
712 3443
712 2403
712 3875
712 4183
712 635
712 2359
713 753
714 4829
714 4968
715 2717
715 4571
715 4763
715 3747
715 4019
715 4970
715 2125
715 3087
715 2257
715 4972
715 4974
715 4976
715 4978
715 1001
715 4017
715 2999
715 4761
715 4205
715 2081
715 3891
715 4980
715 3791
715 3207
715 2725
715 4581
715 4637
715 2155
715 1799
715 3481
715 1857
715 3333
715 3949
715 4411
715 4377
715 4847
715 4691
716 3155
717 4879
717 4927
717 817
717 4925
717 4471
717 2193
717 4929
717 819
717 4883
717 3367
717 4982
717 1913
717 2679
718 4559
719 3015
719 2665
719 3017
719 2669
719 3075
719 3073
720 4984
721 4633
721 4635
721 4986
721 4549
721 4727
721 4988
721 4990
722 4607
723 4605
723 4281
724 3785
724 4992
724 3263
724 4994
724 2145
724 4996
724 4998
724 2995
724 3479
724 3101
724 4567
724 4207
724 4765
724 4423
724 1055
724 4849
724 4729
725 4731
726 1409
726 5000
726 5002
726 4749
726 4947
727 1285
727 4671
727 3033
727 3013
727 3021
727 4469
728 809
728 1997
728 3517
728 5004
728 1803
728 5001
728 1403
728 5006
728 4953
728 3973
728 1399
729 4319
730 5008
730 4931
730 4921
730 4321
731 5010
731 277
731 3933
731 2959
731 4285
731 2755
731 4215
731 369
731 3301
731 2819
731 5012
731 3059
731 4705
731 4001
731 3967
731 2617
731 4255
731 5014
731 5016
731 3911
731 3139
731 2311
731 4563
731 4345
731 879
732 4773
733 3953
733 2841
733 4197
733 4199
734 1801
735 4771
735 4669
736 1793
737 1791
738 4463
739 5018
740 77
741 3773
741 405
742 4341
743 1293
744 3127
744 2769
744 5020
744 3311
744 4253
744 4003
744 5017
744 4023
745 3581
745 3655
745 4699
745 2505
745 5022
745 1625
746 4537
746 3855
746 3669
746 2123
746 5024
746 773
746 1099
746 2371
746 4965
746 625
746 1423
746 1837
746 5026
746 5007
746 2393
746 4511
746 5028
746 4693
746 1193
746 3415
746 1479
746 5030
746 4407
746 4957
746 4791
746 2347
746 4147
746 4055
746 5032
746 949
746 4445
746 4163
746 4837
746 4375
746 4265
746 2543
746 723
746 119
746 4901
746 3365
746 2063
746 2095
747 2685
747 4247
748 4249
748 1261
749 2683
750 2037
751 4385
752 3735
752 165
752 1475
752 2229
752 3837
752 4893
752 3809
752 2225
752 4817
752 3279
752 163
752 3845
752 1491
752 545
752 4823
752 3729
752 3757
752 4907
752 547
752 5044
752 1357
752 5042
752 2565
752 5040
752 5046
752 1359
752 5048
752 3829
753 755
754 3189
754 5050
754 4979
754 4631
754 5052
754 2993
754 3465
754 4997
754 3793
754 5054
754 3113
754 4589
754 4951
755 5056
755 4915
755 4433
755 3721
755 759
756 1949
756 1917
756 1933
756 85
756 4069
757 3961
757 4651
758 4029
759 3819
759 2483
760 2903
760 1581
760 2557
760 133
760 4085
761 229
761 5058
761 5060
762 2905
763 153
763 2939
764 3713
764 2743
764 2747
764 4231
764 3719
765 5062
765 4323
766 3191
766 4981
766 3789
766 4993
766 3483
766 3111
766 4585
766 5064
766 5055
767 5066
768 3987
769 333
769 997
770 4031
770 3237
771 3239
771 4075
772 325
772 305
772 1537
772 859
772 527
772 3841
772 4813
772 3743
772 4909
772 3811
772 4911
772 3289
772 3851
772 2219
772 2259
772 1501
772 3733
772 193
772 205
772 3771
772 4819
772 5045
772 5047
772 561
772 5068
772 1365
773 4885
773 587
773 303
773 5070
773 4757
774 2549
774 4869
774 4863
775 4871
776 4873
776 3661
776 1541
776 3187
776 3663
776 2519
776 329
776 4877
776 5072
777 1603
777 1607
778 4733
779 2181
780 5074
781 4541
781 4543
782 1217
783 3919
783 2695
783 2297
783 4287
783 4327
784 4245
784 2803
785 2807
785 5019
786 1767
787 4711
787 4709
787 4713
787 4715
788 2659
788 3371
789 4725
790 2657
790 4719
791 4717
792 2187
792 3373
793 5015
793 393
793 4013
793 4225
793 2785
794 2301
794 2967
794 3999
794 3969
794 5013
794 4217
794 2827
794 385
794 295
794 3131
794 5021
794 3309
794 4251
794 2783
794 2631
795 4975
795 4989
795 5034
795 5053
795 3783
795 4995
795 2147
795 3203
795 3475
795 3099
795 4583
795 5065
795 4855
795 57
795 3897
796 4723
796 4721
797 1415
797 2947
797 69
797 4561
797 3777
797 4243
797 155
797 2933
798 2937
798 141
799 4235
799 2929
799 4241
799 4233
800 233
800 235
800 5059
800 5061
801 2737
802 59
802 3511
803 3513
803 65
804 63
804 3509
805 1737
805 4601
805 4483
805 4891
805 5036
805 5038
806 4697
806 3227
806 1533
806 3577
806 2705
806 2017
806 5071
806 1231
806 609
807 519
807 1009
807 4821
807 5043
807 3825
807 3803
807 2267
807 3079
807 1389
807 2563
807 3765
807 3561
808 4593
808 4437
809 1595
810 2569
811 5076
812 1075
812 4167
812 4033
812 4961
812 4389
812 4363
812 4507
812 783
812 5078
812 3607
812 3941
812 3709
812 1175
812 4685
812 3329
812 5027
812 921
812 3675
812 425
812 4143
812 4263
812 2539
812 1101
812 4523
812 1861
812 4955
812 4839
812 3883
812 1459
812 4807
812 2381
812 5080
812 657
812 3409
812 4903
812 2073
812 2139
813 4595
813 4887
813 2879
813 4491
813 1721
813 4479
813 4127
813 2857
813 3167
813 5037
814 3565
815 2603
815 4663
815 885
815 4665
815 2597
815 889
815 2595
815 897
815 2605
815 899
815 891
816 3923
816 4867
817 4609
818 4497
819 4499
820 2553
820 4865
821 4597
821 4889
821 2881
821 1715
821 4493
821 4481
821 4129
821 2859
821 3169
821 5039
822 3257
823 465
824 2997
824 3469
824 2577
825 515
825 3291
825 3823
825 131
825 3727
825 1487
825 4913
825 5049
825 2269
825 4827
825 1383
825 3759
825 3815
825 3507
825 2253
825 5041
825 4655
825 219
825 5069
826 3977
826 5005
826 4949
826 509
826 2949
826 1401
827 2203
827 83
827 4983
827 4357
828 4985
829 2453
829 1757
829 1745
830 5023
831 4257
832 463
833 3255
834 5011
834 4259
834 2291
834 2767
834 3065
834 3963
834 3313
834 4011
834 4293
834 4707
834 2981
834 4565
834 271
834 401
834 4343
834 4229
834 2645
834 2837
834 3917
834 4329
834 2315
835 5051
835 4991
835 4977
835 5035
835 4971
835 3193
835 4209
835 4999
835 3325
835 3003
835 4159
835 3267
835 2141
835 3097
835 4767
835 4577
835 3895
835 3473
835 3787
835 967
835 4853
836 4919
837 2593
838 4313
838 5063
838 4923
838 4933
838 5009
839 1783
840 2319
840 5075
840 4737
840 2183
841 2511
841 4775
841 4277
841 2707
841 989
841 317
842 4969
843 867
844 4333
845 4335
846 409
846 4747
846 5082
846 5025
846 4777
846 2363
846 3945
846 4779
846 777
846 3639
846 5067
846 5079
846 4959
846 4935
846 1135
846 5084
846 4521
846 1867
846 1083
846 437
846 1203
846 4689
846 2411
846 4793
846 959
846 4067
846 1467
846 4419
846 4845
846 3431
846 4905
846 675
846 2099
846 3355
846 4187
847 3691
848 3519
848 5086
849 1899
850 4735
851 708
851 11
851 710
851 712
852 565
853 714
854 716
854 718
855 720
855 722
855 724
855 726
855 728
855 730
855 732
855 734
855 736
855 740
855 738
855 742
855 748
855 39
855 746
855 744
855 750
856 752
857 754
858 756
859 758
860 4875
860 3461
861 1161
861 4683
861 4391
861 909
861 3437
861 3611
861 4769
861 4797
861 1439
861 1691
861 4149
861 5033
861 4835
861 1107
861 4111
862 5077
863 2853
863 4661
863 4987
863 4545
863 4703
863 4643
864 1243
864 5073
864 327
865 3521
865 5087
866 4355
866 2609
867 4501
868 2527
868 1789
869 573
869 4557
869 5057
869 4431
869 4917
870 2789
871 3151
872 4673
872 2137
872 501
872 4939
872 4035
872 4359
872 3421
872 619
872 1639
872 3937
872 2045
872 4745
872 4815
872 1027
872 4967
872 2327
872 4897
872 451
872 1429
872 2221
872 4181
872 1181
872 3613
872 4513
872 3339
872 4441
872 4399
872 933
872 2369
872 1643
872 1437
872 5031
872 4799
872 4517
872 2131
872 3265
872 1121
872 4851
872 4899
872 649
872 103
872 2057
872 5083
872 4973
872 1369
872 2375
872 4115
872 4383
872 4053
872 5085
872 5029
872 947
872 5081
872 4675
872 2345
872 1125
872 4803
872 4787
872 1195
872 4403
872 4963
872 4843
872 3359
872 3879
872 751
872 1859
872 3439
872 4449
872 3647
872 55
872 1077
872 5003
873 998
873 1000
873 1002
873 1006
873 1004
873 1008
873 1010
873 1012
873 31
873 1014
873 1016
873 1020
873 1022
873 1018
873 1026
873 1024
873 1028
873 1044
873 1032
873 1036
873 1034
873 1038
873 1040
873 747
873 1042
873 1030
873 1046
873 637
873 1048
873 449
873 1058
873 1056
873 1052
873 1054
873 1050
873 1062
873 1060
873 127
873 1064
873 1074
873 1068
873 1078
873 1072
873 1066
873 1082
873 1070
873 1076
873 1080
873 1084
873 709
873 1086
873 1088
873 19
874 1090
875 1092
875 1094
876 1096
876 1098
876 1100
876 1102
876 1104
876 1106
876 1108
876 1110
876 1112
876 1114
876 1116
876 1118
876 1120
876 1124
876 1122
876 1130
876 1134
876 1126
876 1128
876 1132
876 1136
876 1150
876 1144
876 1140
876 1152
876 1154
876 1142
876 1148
876 1138
876 1146
876 641
876 1156
876 1158
876 1160
876 1162
876 1164
876 1166
876 1168
876 1170
876 1172
876 1174
876 1176
876 729
876 413
876 1184
876 1178
876 1180
876 1182
876 1186
876 1188
876 1192
876 1194
876 1196
876 1190
876 1198
876 1200
876 1202
876 109
876 1206
876 1208
876 1204
876 1210
876 639
876 1212
877 1214
878 1216
879 575
879 1218
879 1220
879 591
879 1222
879 1224
879 1226
879 1228
879 1230
879 1232
879 1234
879 1236
879 1238
879 1240
879 579
880 611
880 589
880 1242
880 1244
880 1246
881 1248
882 485
883 1250
884 1252
884 1254
885 1256
885 1258
886 1260
887 1262
887 1264
887 1266
887 1268
887 1270
887 1272
888 760
889 762
890 764
890 766
890 768
890 770
890 433
890 772
890 774
890 776
890 778
890 780
890 782
890 784
890 1145
890 725
890 786
890 419
890 788
890 790
890 802
890 794
890 804
890 792
890 800
890 798
890 796
891 806
891 808
891 503
891 810
892 812
892 1929
892 814
892 816
892 818
892 820
892 822
892 824
892 826
892 828
892 830
893 832
893 834
893 836
893 838
893 840
893 842
893 844
893 846
893 848
893 850
893 605
893 319
893 852
893 854
893 856
893 858
894 860
895 862
896 864
897 866
898 868
898 870
898 876
898 878
898 874
898 872
898 880
899 882
899 884
899 886
899 890
899 888
899 892
899 894
899 896
899 898
900 900
900 902
900 904
900 906
900 908
900 910
900 912
900 914
900 1021
900 916
900 918
900 920
900 922
900 924
900 926
900 928
900 934
900 1187
900 930
900 932
900 936
900 940
900 946
900 942
900 944
900 948
900 938
900 1143
900 952
900 954
900 956
900 950
900 958
900 659
900 962
900 960
900 964
900 966
901 968
901 970
901 972
901 974
901 1223
901 976
901 978
901 980
901 982
901 984
901 986
901 988
901 990
901 992
901 994
901 481
901 996
902 263
903 1274
904 1276
904 1278
905 1280
905 1282
905 1286
905 1284
905 1288
906 1290
907 1292
908 1294
909 1296
910 1085
910 807
910 1298
910 1300
910 1302
910 711
910 15
910 1304
911 1306
911 1308
911 1903
911 1310
911 1312
912 1314
912 1316
912 1318
912 1320
912 1322
912 1324
912 1326
912 1328
912 1905
912 1330
912 1941
912 1332
912 1334
912 1336
913 1338
913 1340
913 1352
913 1342
913 1346
913 563
913 1348
913 1358
913 177
913 1344
913 1350
913 1356
913 207
913 541
913 1354
913 1364
913 1362
913 1360
913 1366
913 1368
913 1372
913 1370
913 1374
913 1376
913 339
913 1378
913 1380
913 1384
913 1382
913 1386
913 1388
913 1392
913 1390
914 1394
914 497
914 1396
914 1400
914 811
914 1398
914 13
914 713
915 1402
916 1404
916 1406
916 1408
916 1410
916 1412
916 1414
916 731
916 1416
916 1418
916 621
916 1420
916 1422
916 1424
916 1426
916 1428
916 925
916 1430
916 1432
916 1434
916 1113
916 1436
916 1444
916 1440
916 1450
916 1452
916 1446
916 1438
916 1442
916 1448
916 1454
916 1456
916 1023
916 1458
916 1464
916 1460
916 123
916 1466
916 1462
916 631
916 1468
916 1470
916 1472
916 1474
916 1476
916 1478
916 1047
916 1480
916 1197
916 961
