frag gi|20 6964 7142
img_no 5
flimg_no 3
edge_no 5
msp 625 p 297 78.3 1 640 gi|9 26118 26297 136 gi|20 6964 7143
msp 1072 p 261 79.3 -1 136 gi|20 6964 7142 520 gi|46 2428 2603
msp 1074 p 251 75.1 -1 136 gi|20 6966 7142 519 gi|46 1598 1774
msp 1076 s 258 86.3 1 136 gi|20 7041 7142 290 gi|31 19378 19476
msp 1078 s 252 85.3 -1 136 gi|20 7048 7142 516 gi|45 28323 28417
edge 79 s 0 0 290 136
edge 284 s 0 0 516 136
edge 301 p -1 75 519 136
edge 305 p -1 79 520 136
edge 322 p 1 78 640 136
pcp 6964 640
pcp 6964 520
pcp 6966 519
pcp 7142 520
pcp 7142 519
pcp 7143 640
