frag gi|20 16760 17555
img_no 8
edge_no 7
msp 385 s 1018 72.1 1 614 gi|7 30251 30942 143 gi|20 16838 17529
msp 407 s 477 69.4 1 615 gi|7 32069 32724 143 gi|20 16884 17536
msp 1100 p 795 74.5 1 143 gi|20 16760 17515 270 gi|30 941 1686
msp 1102 s 795 72.0 1 143 gi|20 16844 17122 392 gi|38 22422 22700
msp 1104 s 339 76.4 1 143 gi|20 16844 17008 472 gi|42 19766 19930
msp 1106 s 739 75.2 -1 143 gi|20 16845 17130 189 gi|23 25691 25976
msp 1108 s 264 71.8 1 143 gi|20 16857 17300 393 gi|38 24228 24671
msp 1110 s 623 78.9 1 143 gi|20 17291 17555 392 gi|38 22863 23130
edge 93 s 0 0 392 143
edge 251 s 0 0 393 143
edge 341 s 0 0 143 189
edge 342 p 1 74 143 270
edge 343 s 0 0 143 472
edge 344 s 0 0 143 614
edge 345 s 0 0 143 615
pcp 16760 270
pcp 17515 270
