frag gi|22 38496 39701
img_no 4
flimg_no 1
edge_no 4
msp 1244 p 9617 92.9 1 175 gi|22 38496 39707 422 gi|39 38496 39699
msp 1246 p 1789 92.9 -1 175 gi|22 38759 38983 462 gi|41 38007 38235
msp 1248 p 5206 94.4 -1 175 gi|22 39060 39700 461 gi|41 37379 38010
msp 1250 p 784 83.9 -1 175 gi|22 39436 39696 421 gi|39 38255 38479
edge 967 p -1 83 175 421
edge 968 p 1 92 175 422
edge 969 p -1 94 175 461
edge 970 p -1 92 175 462
pcp 38496 422
pcp 38759 462
pcp 38983 462
pcp 39060 461
pcp 39436 421
pcp 39696 421
pcp 39700 461
pcp 39707 422
