frag gi|23 7979 9598
img_no 16
edge_no 15
msp 31 s 1088 76.5 1 431 gi|4 24702 25185 178 gi|23 8012 8545
msp 59 s 307 74.7 1 431 gi|4 25167 25257 178 gi|23 8638 8728
msp 83 s 490 73.1 1 433 gi|4 25665 25976 178 gi|23 9241 9558
msp 573 p 3000 72.8 -1 694 gi|8 30926 32514 178 gi|23 8004 9580
msp 1254 s 2655 74.7 1 178 gi|23 7979 9452 695 gi|33 32315 33800
msp 1256 s 1328 78.1 1 178 gi|23 8006 8830 524 gi|46 14404 15231
msp 1258 s 1652 74.6 1 178 gi|23 8010 9572 438 gi|40 2323 3893
msp 1260 s 1332 72.8 1 178 gi|23 8013 9567 363 gi|35 31743 33333
msp 1262 s 3014 75.3 1 178 gi|23 8048 9559 339 gi|33 34286 35803
msp 1264 s 422 79.1 1 178 gi|23 8048 8277 278 gi|31 2929 3158
msp 1266 s 2609 73.7 1 178 gi|23 8052 9562 284 gi|31 11326 12837
msp 1268 s 2521 74.7 1 178 gi|23 8058 9598 521 gi|46 6742 8293
msp 1270 s 2149 76.0 1 178 gi|23 8129 9563 340 gi|33 36239 37672
msp 1272 s 986 75.5 1 178 gi|23 8329 8654 336 gi|33 31010 31335
msp 1274 p 522 72.3 -1 178 gi|23 8499 8646 208 gi|25 20595 20742
msp 1276 s 791 78.3 1 178 gi|23 9170 9580 337 gi|33 31648 32048
edge 977 p -1 72 178 208
edge 978 s 0 0 178 278
edge 979 s 0 0 178 284
edge 980 s 0 0 178 336
edge 981 s 0 0 178 337
edge 983 s 0 0 178 339
edge 984 s 0 0 178 340
edge 985 s 0 0 178 363
edge 986 s 0 0 178 431
edge 987 s 0 0 178 433
edge 988 s 0 0 178 438
edge 989 s 0 0 178 521
edge 990 s 0 0 178 524
edge 1079 p -1 72 694 178
edge 1095 s 0 0 695 178
pcp 8004 694
pcp 8499 208
pcp 8646 208
pcp 9580 694
