frag gi|25 20596 20746
img_no 10
flimg_no 8
edge_no 10
msp 585 p 647 77.5 1 694 gi|8 31875 32021 208 gi|25 20603 20749
msp 1275 p 522 72.3 -1 178 gi|23 8499 8646 208 gi|25 20595 20742
msp 1468 s 378 78.3 -1 208 gi|25 20594 20722 340 gi|33 36626 36754
msp 1470 p 932 83.9 -1 208 gi|25 20595 20749 521 gi|46 7176 7330
msp 1472 p 867 81.9 -1 208 gi|25 20595 20749 339 gi|33 34727 34881
msp 1474 p 824 80.7 -1 208 gi|25 20595 20749 695 gi|33 32834 32988
msp 1476 p 656 81.0 -1 208 gi|25 20595 20741 284 gi|31 11774 11920
msp 1478 p 447 86.8 -1 208 gi|25 20596 20746 524 gi|46 14896 15045
msp 1480 s 271 86.8 -1 208 gi|25 20596 20724 363 gi|35 32262 32381
msp 1482 p 879 82.3 -1 208 gi|25 20597 20749 336 gi|33 31173 31325
edge 977 p -1 72 178 208
edge 992 p -1 81 208 284
edge 993 p -1 82 208 336
edge 995 p -1 81 208 339
edge 996 s 0 0 208 340
edge 997 s 0 0 208 363
edge 998 p -1 83 208 521
edge 999 p -1 86 208 524
edge 1080 p 1 77 694 208
edge 1096 p -1 80 695 208
pcp 20595 339
pcp 20595 284
pcp 20595 178
pcp 20595 695
pcp 20595 521
pcp 20596 524
pcp 20597 336
pcp 20603 694
pcp 20741 284
pcp 20742 178
pcp 20746 524
pcp 20749 694
pcp 20749 336
pcp 20749 521
pcp 20749 339
pcp 20749 695
