frag gi|29 5654 6380
img_no 11
edge_no 11
msp 263 s 343 75.0 -1 650 gi|1 24912 25412 243 gi|29 5654 6148
msp 509 s 360 75.8 1 625 gi|8 14697 14878 243 gi|29 5769 5950
msp 627 s 276 79.4 -1 640 gi|9 26193 26299 243 gi|29 6069 6175
msp 1037 s 763 72.8 1 110 gi|17 28668 29295 243 gi|29 5748 6380
msp 1135 s 276 78.2 -1 144 gi|20 18902 18988 243 gi|29 6070 6152
msp 1497 s 304 77.5 -1 215 gi|25 34734 35186 243 gi|29 5710 6150
msp 1552 s 519 72.2 1 243 gi|29 5670 6148 516 gi|45 27912 28399
msp 1554 s 360 71.8 1 243 gi|29 5674 6148 399 gi|38 34087 34570
msp 1556 s 285 73.3 1 243 gi|29 5745 6149 480 gi|42 32213 32629
msp 1558 s 254 71.1 -1 243 gi|29 6056 6145 271 gi|30 3030 3120
msp 1560 s 289 76.6 -1 243 gi|29 6069 6145 393 gi|38 24426 24502
edge 150 s 0 0 110 243
edge 184 s 0 0 144 243
edge 222 s 0 0 215 243
edge 254 s 0 0 393 243
edge 261 s 0 0 399 243
edge 276 s 0 0 480 243
edge 288 s 0 0 516 243
edge 324 s 0 0 640 243
edge 340 s 0 0 625 243
edge 355 s 0 0 271 243
edge 370 s 0 0 650 243
