frag gi|29 17757 18193
img_no 4
edge_no 4
msp 1572 p 300 84.5 -1 249 gi|29 17757 17917 437 gi|40 2117 2272
msp 1574 p 328 78.3 1 249 gi|29 17793 18119 321 gi|32 35315 35646
msp 1576 p 335 79.4 -1 249 gi|29 17850 18193 436 gi|40 1742 2084
msp 1578 p 273 81.2 -1 249 gi|29 17985 18080 368 gi|35 39159 39256
edge 1177 p 1 78 249 321
edge 1178 p -1 81 249 368
edge 1179 p -1 79 249 436
edge 1180 p -1 84 249 437
pcp 17757 437
pcp 17793 321
pcp 17850 436
pcp 17917 437
pcp 17985 368
pcp 18080 368
pcp 18119 321
pcp 18193 436
