frag gi|31 2900 3171
img_no 6
edge_no 6
msp 587 s 360 74.5 -1 694 gi|8 32222 32366 278 gi|31 3028 3171
msp 1265 s 422 79.1 1 178 gi|23 8048 8277 278 gi|31 2929 3158
msp 1652 p 415 78.5 1 278 gi|31 2900 3155 340 gi|33 36132 36384
msp 1654 p 310 74.5 1 278 gi|31 2913 3171 363 gi|35 31776 32024
msp 1656 p 436 74.7 1 278 gi|31 2927 3171 521 gi|46 6730 6975
msp 1658 s 296 76.7 1 278 gi|31 3023 3155 524 gi|46 14543 14675
edge 978 s 0 0 178 278
edge 1001 p 1 78 278 340
edge 1002 p 1 74 278 363
edge 1003 p 1 74 278 521
edge 1004 s 0 0 278 524
edge 1081 s 0 0 694 278
pcp 2900 340
pcp 2913 363
pcp 2927 521
pcp 3155 340
pcp 3171 521
pcp 3171 363
