frag gi|31 11167 12909
img_no 16
edge_no 16
msp 33 s 1088 75.4 1 431 gi|4 24732 25178 284 gi|31 11321 11812
msp 63 p 823 71.6 1 432 gi|4 25174 25536 284 gi|31 11919 12287
msp 79 s 526 75.8 1 433 gi|4 25469 25984 284 gi|31 12301 12841
msp 563 p 3536 79.0 -1 694 gi|8 30918 32579 284 gi|31 11211 12858
msp 1267 s 2609 73.7 1 178 gi|23 8052 9562 284 gi|31 11326 12837
msp 1477 p 656 81.0 -1 208 gi|25 20595 20741 284 gi|31 11774 11920
msp 1670 s 1522 77.1 1 284 gi|31 11167 12416 438 gi|40 2206 3458
msp 1672 s 1201 75.2 1 284 gi|31 11174 12572 524 gi|46 14313 15687
msp 1674 p 267 81.7 -1 284 gi|31 11179 11282 517 gi|45 37816 37912
msp 1676 s 5773 77.4 1 284 gi|31 11210 12842 339 gi|33 34170 35812
msp 1678 s 4699 78.6 1 284 gi|31 11267 12909 521 gi|46 6680 8316
msp 1680 s 5889 79.2 1 284 gi|31 11268 12841 695 gi|33 32329 33918
msp 1682 s 2390 74.8 1 284 gi|31 11365 12838 340 gi|33 36201 37680
msp 1684 s 1495 77.1 1 284 gi|31 11421 12706 363 gi|35 31880 33192
msp 1686 s 1279 75.7 1 284 gi|31 11603 11911 336 gi|33 31010 31321
msp 1688 s 1867 75.5 1 284 gi|31 12116 12843 337 gi|33 31310 32039
edge 979 s 0 0 178 284
edge 992 p -1 81 208 284
edge 1006 s 0 0 284 336
edge 1007 s 0 0 284 337
edge 1009 s 0 0 284 339
edge 1010 s 0 0 284 340
edge 1011 s 0 0 284 363
edge 1012 s 0 0 284 431
edge 1013 p 1 71 284 432
edge 1014 s 0 0 284 433
edge 1015 s 0 0 284 438
edge 1016 p -1 81 284 517
edge 1017 s 0 0 284 521
edge 1018 s 0 0 284 524
edge 1082 p -1 79 694 284
edge 1097 s 0 0 695 284
pcp 11179 517
pcp 11211 694
pcp 11282 517
pcp 11774 208
pcp 11919 432
pcp 11920 208
pcp 12287 432
pcp 12858 694
