frag gi|31 19137 19844
img_no 18
edge_no 18
msp 185 s 366 77.4 1 7 gi|1 14308 14643 290 gi|31 19302 19640
msp 255 s 253 76.0 1 650 gi|1 24892 24991 290 gi|31 19380 19479
msp 507 s 368 74.5 -1 625 gi|8 14697 15250 290 gi|31 19217 19796
msp 617 s 382 75.0 1 640 gi|9 26067 26438 290 gi|31 19244 19612
msp 1053 s 283 70.4 -1 110 gi|17 28980 29185 290 gi|31 19279 19483
msp 1077 s 258 86.3 1 136 gi|20 7041 7142 290 gi|31 19378 19476
msp 1173 s 285 81.1 1 151 gi|20 35194 35283 290 gi|31 19435 19519
msp 1229 s 299 80.9 1 172 gi|22 24793 24923 290 gi|31 19351 19482
msp 1317 s 259 84.1 -1 185 gi|23 19253 19340 290 gi|31 19383 19470
msp 1349 s 269 73.3 -1 195 gi|24 5836 5951 290 gi|31 19380 19498
msp 1395 s 276 76.7 1 222 gi|26 20723 20885 290 gi|31 19380 19545
msp 1461 s 270 79.3 1 202 gi|25 5184 5347 290 gi|31 19690 19844
msp 1700 s 486 76.9 -1 290 gi|31 19137 19643 519 gi|46 1431 1943
msp 1702 s 312 75.2 -1 290 gi|31 19170 19565 566 gi|48 32193 32587
msp 1704 s 353 85.0 -1 290 gi|31 19380 19499 516 gi|45 28306 28419
msp 1706 s 305 78.7 -1 290 gi|31 19380 19520 399 gi|38 34451 34590
msp 1708 s 367 71.7 -1 290 gi|31 19382 19554 520 gi|46 2342 2522
msp 1710 s 261 78.6 -1 290 gi|31 19768 19823 501 gi|44 36595 36650
edge 47 s 0 0 7 290
edge 63 s 0 0 172 290
edge 78 s 0 0 290 110
edge 79 s 0 0 290 136
edge 80 s 0 0 290 151
edge 81 s 0 0 290 185
edge 82 s 0 0 290 195
edge 83 s 0 0 290 202
edge 84 s 0 0 290 222
edge 85 s 0 0 290 399
edge 86 s 0 0 290 501
edge 87 s 0 0 290 516
edge 88 s 0 0 290 519
edge 89 s 0 0 290 520
edge 90 s 0 0 290 566
edge 91 s 0 0 290 625
edge 92 s 0 0 290 640
edge 373 s 0 0 650 290
