frag gi|31 26467 29946
img_no 5
flimg_no 1
edge_no 4
msp 693 s 276 76.6 1 28 gi|11 6358 6434 295 gi|31 26634 26711
msp 777 p 499 98.4 -1 50 gi|12 40185 40245 295 gi|31 29886 29946
msp 887 p 29825 98.1 1 80 gi|15 6782 10234 295 gi|31 26467 29946
msp 1718 s 701 98.8 -1 295 gi|31 26626 26712 446 gi|40 11786 11868
msp 1720 s 685 100.0 -1 295 gi|31 26634 26707 446 gi|40 11531 11604
edge 414 s 0 0 28 295
edge 416 p -1 98 295 50
edge 417 p 1 98 295 80
edge 418 s 0 0 295 446
pcp 29946 50
pcp 29946 80
pcp 29886 50
pcp 26467 80
