frag gi|32 10221 12803
img_no 10
flimg_no 6
edge_no 9
msp 129 p 22146 96.4 1 261 gi|3 6072 8640 307 gi|32 10221 12801
msp 787 p 22358 98.1 -1 95 gi|16 22117 24652 307 gi|32 10221 12806
msp 1363 s 790 75.4 1 217 gi|26 2004 2401 307 gi|32 10525 10926
msp 1373 s 287 71.3 1 217 gi|26 2629 2851 307 gi|32 11138 11357
msp 1377 p 284 68.2 1 218 gi|26 3436 3658 307 gi|32 11838 12069
msp 1443 p 22111 96.8 1 668 gi|27 12505 15064 307 gi|32 10221 12803
msp 1549 p 22111 96.8 1 672 gi|28 28183 30742 307 gi|32 10221 12803
msp 1740 p 22888 97.9 1 307 gi|32 10221 12809 390 gi|38 18075 20651
msp 1742 p 22134 96.7 1 307 gi|32 10221 12804 675 gi|34 27263 29839
msp 1744 p 2019 91.1 -1 307 gi|32 12515 12801 678 gi|39 27668 27962
edge 689 p -1 98 95 307
edge 701 s 0 0 217 307
edge 705 p 1 68 218 307
edge 709 p 1 96 261 307
edge 716 p 1 97 307 390
edge 737 p 1 96 668 307
edge 762 p 1 96 672 307
edge 788 p 1 96 675 307
edge 796 p -1 91 678 307
pcp 10221 95
pcp 10221 261
pcp 10221 672
pcp 10221 668
pcp 10221 675
pcp 10221 390
pcp 11838 218
pcp 12069 218
pcp 12515 678
pcp 12801 678
pcp 12801 261
pcp 12803 672
pcp 12803 668
pcp 12804 675
pcp 12806 95
pcp 12809 390
