frag gi|32 16879 18579
img_no 14
edge_no 6
msp 363 s 375 90.0 -1 613 gi|7 26533 26602 311 gi|32 16904 16966
msp 369 s 313 91.1 1 613 gi|7 26557 26601 311 gi|32 18502 18547
msp 743 p 14796 97.7 1 49 gi|12 33106 34780 311 gi|32 16905 18579
msp 745 s 356 75.9 -1 49 gi|12 33106 33188 311 gi|32 18463 18547
msp 751 s 376 73.9 -1 49 gi|12 34663 34773 311 gi|32 16879 16988
msp 1591 s 447 80.2 1 253 gi|29 28484 28574 311 gi|32 16900 16988
msp 1597 s 13054 93.2 -1 253 gi|29 28490 30102 311 gi|32 16929 18547
msp 1603 s 358 88.4 -1 254 gi|29 30733 30801 311 gi|32 16905 16966
msp 1607 s 354 86.8 1 254 gi|29 30764 30831 311 gi|32 18510 18575
msp 1748 s 14823 98.2 -1 311 gi|32 16904 18548 500 gi|44 32235 33879
msp 1750 s 385 75.0 1 311 gi|32 16905 16988 500 gi|44 32236 32320
msp 1752 s 275 91.4 -1 311 gi|32 16905 16939 458 gi|41 19065 19099
msp 1754 s 367 75.3 1 311 gi|32 18463 18547 500 gi|44 33795 33878
msp 1756 s 296 94.4 1 311 gi|32 18512 18547 458 gi|41 19064 19099
edge 468 p 1 97 49 311
edge 472 s 0 0 253 311
edge 476 s 0 0 254 311
edge 480 s 0 0 311 458
edge 481 s 0 0 311 500
edge 482 s 0 0 311 613
pcp 16905 49
pcp 18579 49
