frag gi|33 36013 37694
img_no 13
edge_no 12
msp 43 s 775 78.3 1 431 gi|4 24859 25186 340 gi|33 36326 36650
msp 65 s 333 73.9 1 432 gi|4 25178 25483 340 gi|33 36756 37070
msp 85 s 297 70.0 1 433 gi|4 25696 25985 340 gi|33 37385 37680
msp 579 s 3045 76.2 -1 694 gi|8 30980 32583 340 gi|33 36023 37646
msp 1271 s 2149 76.0 1 178 gi|23 8129 9563 340 gi|33 36239 37672
msp 1469 s 378 78.3 -1 208 gi|25 20594 20722 340 gi|33 36626 36754
msp 1653 p 415 78.5 1 278 gi|31 2900 3155 340 gi|33 36132 36384
msp 1683 s 2390 74.8 1 284 gi|31 11365 12838 340 gi|33 36201 37680
msp 1830 s 1024 74.6 1 340 gi|33 36073 36902 363 gi|35 31711 32528
msp 1832 s 2140 77.1 1 340 gi|33 36239 37694 521 gi|46 6813 8278
msp 1834 s 1135 75.4 1 340 gi|33 36248 37367 438 gi|40 2457 3564
msp 1836 s 1209 76.1 1 340 gi|33 36257 37018 524 gi|46 14548 15306
msp 1838 s 419 77.9 1 340 gi|33 37180 37590 363 gi|35 32815 33237
edge 984 s 0 0 178 340
edge 996 s 0 0 208 340
edge 1001 p 1 78 278 340
edge 1010 s 0 0 284 340
edge 1048 s 0 0 340 363
edge 1049 s 0 0 340 431
edge 1050 s 0 0 340 432
edge 1051 s 0 0 340 433
edge 1052 s 0 0 340 438
edge 1053 s 0 0 340 521
edge 1054 s 0 0 340 524
edge 1087 s 0 0 694 340
pcp 36132 278
pcp 36384 278
