frag gi|35 31675 33395
img_no 16
flimg_no 1
edge_no 15
msp 41 s 744 78.1 1 431 gi|4 24858 25217 363 gi|35 31948 32308
msp 61 s 267 72.6 1 432 gi|4 25172 25437 363 gi|35 32376 32665
msp 571 p 1814 77.2 -1 694 gi|8 30923 32583 363 gi|35 31677 33348
msp 1261 s 1332 72.8 1 178 gi|23 8013 9567 363 gi|35 31743 33333
msp 1481 s 271 86.8 -1 208 gi|25 20596 20724 363 gi|35 32262 32381
msp 1655 p 310 74.5 1 278 gi|31 2913 3171 363 gi|35 31776 32024
msp 1685 s 1495 77.1 1 284 gi|31 11421 12706 363 gi|35 31880 33192
msp 1803 s 602 81.0 1 336 gi|33 31002 31333 363 gi|35 32046 32388
msp 1813 s 481 80.3 1 337 gi|33 31721 32110 363 gi|35 32991 33396
msp 1815 s 1615 77.1 1 695 gi|33 32282 33918 363 gi|35 31676 33333
msp 1825 p 1976 76.7 1 339 gi|33 34172 35886 363 gi|35 31673 33395
msp 1831 s 1024 74.6 1 340 gi|33 36073 36902 363 gi|35 31711 32528
msp 1839 s 419 77.9 1 340 gi|33 37180 37590 363 gi|35 32815 33237
msp 1878 s 1758 76.4 1 363 gi|35 31871 33394 521 gi|46 6822 8315
msp 1880 s 1788 75.8 1 363 gi|35 31880 32859 438 gi|40 2466 3430
msp 1882 s 1058 75.7 1 363 gi|35 31880 32563 524 gi|46 14548 15243
edge 985 s 0 0 178 363
edge 997 s 0 0 208 363
edge 1002 p 1 74 278 363
edge 1011 s 0 0 284 363
edge 1020 s 0 0 336 363
edge 1026 s 0 0 337 363
edge 1040 p 1 76 339 363
edge 1048 s 0 0 340 363
edge 1056 s 0 0 363 431
edge 1057 s 0 0 363 432
edge 1058 s 0 0 363 438
edge 1059 s 0 0 363 521
edge 1060 s 0 0 363 524
edge 1088 p -1 77 694 363
edge 1098 s 0 0 695 363
pcp 31673 339
pcp 31677 694
pcp 31776 278
pcp 32024 278
pcp 33348 694
pcp 33395 339
