frag gi|38 35714 36317
img_no 6
edge_no 6
msp 267 s 487 72.9 -1 650 gi|1 25658 25997 401 gi|38 35820 36155
msp 1239 s 277 72.9 -1 172 gi|22 25470 25720 401 gi|38 35923 36185
msp 1970 s 302 74.7 -1 401 gi|38 35714 36159 545 gi|47 23654 24135
msp 1972 s 449 75.0 1 401 gi|38 35814 36300 567 gi|48 33601 34078
msp 1974 s 434 70.7 1 401 gi|38 35854 36317 516 gi|45 27402 27869
msp 1976 s 319 76.2 1 401 gi|38 35882 36171 568 gi|48 34343 34635
edge 66 s 0 0 172 401
edge 270 s 0 0 401 516
edge 271 s 0 0 401 545
edge 272 s 0 0 401 567
edge 273 s 0 0 401 568
edge 375 s 0 0 650 401
