frag gi|41 19064 19154
img_no 9
flimg_no 1
edge_no 6
msp 375 s 299 95.2 1 613 gi|7 26560 26601 458 gi|41 19060 19099
msp 735 s 289 90.2 -1 49 gi|12 33087 33147 458 gi|41 19060 19120
msp 755 p 309 85.6 1 49 gi|12 34712 34808 458 gi|41 19064 19154
msp 1599 s 286 91.7 -1 253 gi|29 28490 28525 458 gi|41 19064 19099
msp 1609 s 316 92.5 1 254 gi|29 30766 30805 458 gi|41 19064 19103
msp 1753 s 275 91.4 -1 311 gi|32 16905 16939 458 gi|41 19065 19099
msp 1757 s 296 94.4 1 311 gi|32 18512 18547 458 gi|41 19064 19099
msp 1906 s 291 94.4 -1 458 gi|41 19064 19099 500 gi|44 32236 32271
msp 1908 s 266 91.4 1 458 gi|41 19065 19099 500 gi|44 33844 33878
edge 469 p 1 85 49 458
edge 473 s 0 0 253 458
edge 477 s 0 0 254 458
edge 480 s 0 0 311 458
edge 483 s 0 0 458 500
edge 484 s 0 0 458 613
pcp 19064 49
pcp 19154 49
