frag gi|42 19727 19926
img_no 5
flimg_no 1
edge_no 5
msp 387 s 371 76.5 1 614 gi|7 30257 30418 472 gi|42 19766 19927
msp 1105 s 339 76.4 1 143 gi|20 16844 17008 472 gi|42 19766 19930
msp 1337 p 566 75.5 -1 189 gi|23 25815 26014 472 gi|42 19727 19928
msp 1615 s 516 76.2 1 270 gi|30 1015 1161 472 gi|42 19766 19912
msp 1945 p 433 76.2 1 392 gi|38 22409 22580 472 gi|42 19753 19924
edge 98 p 1 76 392 472
edge 343 s 0 0 143 472
edge 349 p -1 75 189 472
edge 352 s 0 0 270 472
edge 358 s 0 0 472 614
pcp 19928 189
pcp 19924 392
pcp 19753 392
pcp 19727 189
