frag gi|44 34997 37132
img_no 10
flimg_no 1
edge_no 8
msp 253 s 284 74.4 -1 650 gi|1 24870 24994 501 gi|44 36920 37045
msp 1501 s 268 82.0 -1 215 gi|25 35030 35179 501 gi|44 36569 36709
msp 1583 s 578 75.5 -1 250 gi|29 20104 20663 501 gi|44 35012 35555
msp 1585 p 1450 73.3 -1 250 gi|29 20107 22234 501 gi|44 34997 37135
msp 1587 s 312 79.8 -1 250 gi|29 21700 21961 501 gi|44 36874 37131
msp 1669 p 266 75.6 -1 282 gi|31 9984 10106 501 gi|44 35335 35458
msp 1711 s 261 78.6 -1 290 gi|31 19768 19823 501 gi|44 36595 36650
msp 1990 p 924 72.6 1 501 gi|44 36550 37130 540 gi|47 16431 17014
msp 1992 s 273 80.4 1 501 gi|44 36621 36671 562 gi|48 20755 20805
msp 2023 s 251 85.9 1 480 gi|42 32494 32628 501 gi|44 35296 35421
edge 86 s 0 0 290 501
edge 225 s 0 0 215 501
edge 278 s 0 0 480 501
edge 336 p -1 73 501 250
edge 337 p -1 75 501 282
edge 338 p 1 72 501 540
edge 339 s 0 0 501 562
edge 379 s 0 0 650 501
pcp 34997 250
pcp 35335 282
pcp 35458 282
pcp 36550 540
pcp 37130 540
pcp 37135 250
