frag gi|45 26584 28686
img_no 34
edge_no 33
msp 217 p 1901 75.5 -1 650 gi|1 24691 26299 516 gi|45 27086 28620
msp 513 s 287 72.6 1 625 gi|8 14820 15260 516 gi|45 28146 28586
msp 535 s 626 71.9 1 629 gi|8 28409 28942 516 gi|45 28005 28511
msp 633 s 428 84.0 -1 640 gi|9 26200 26299 516 gi|45 28320 28419
msp 961 s 1091 75.8 1 115 gi|18 311 789 516 gi|45 28075 28531
msp 1039 s 452 75.5 1 110 gi|17 28773 29258 516 gi|45 28118 28592
msp 1079 s 252 85.3 -1 136 gi|20 7048 7142 516 gi|45 28323 28417
msp 1127 s 318 70.9 -1 144 gi|20 18792 19021 516 gi|45 28291 28523
msp 1155 s 390 78.3 -1 151 gi|20 35060 35239 516 gi|45 28319 28495
msp 1201 s 279 81.4 -1 168 gi|22 15546 15647 516 gi|45 28316 28417
msp 1215 s 1225 82.4 -1 172 gi|22 24713 25092 516 gi|45 28149 28528
msp 1289 s 828 76.7 1 181 gi|23 14660 15390 516 gi|45 27894 28612
msp 1391 s 551 78.0 -1 222 gi|26 20649 20834 516 gi|45 28308 28493
msp 1455 s 255 78.8 -1 202 gi|25 4903 5001 516 gi|45 28319 28417
msp 1493 s 279 78.0 -1 215 gi|25 34661 34824 516 gi|45 28310 28474
msp 1519 s 267 72.4 -1 216 gi|25 35438 35524 516 gi|45 28335 28421
msp 1553 s 519 72.2 1 243 gi|29 5670 6148 516 gi|45 27912 28399
msp 1625 s 253 78.5 -1 271 gi|30 3030 3108 516 gi|45 28318 28396
msp 1641 s 291 71.3 -1 276 gi|30 37252 37380 516 gi|45 28323 28451
msp 1645 s 326 73.0 -1 276 gi|30 38171 38385 516 gi|45 28320 28531
msp 1705 s 353 85.0 -1 290 gi|31 19380 19499 516 gi|45 28306 28419
msp 1923 s 327 75.9 1 417 gi|39 27936 28184 516 gi|45 28253 28501
msp 1949 s 393 78.2 -1 393 gi|38 24302 24503 516 gi|45 28319 28529
msp 1959 s 2109 76.6 1 399 gi|38 34096 34813 516 gi|45 27925 28643
msp 1969 p 435 74.3 1 400 gi|38 35030 35332 516 gi|45 26584 26871
msp 1975 s 434 70.7 1 401 gi|38 35854 36317 516 gi|45 27402 27869
msp 1998 s 501 72.6 1 516 gi|45 26711 27862 567 gi|48 32954 34101
msp 2000 p 289 74.7 1 516 gi|45 27259 27850 568 gi|48 34161 34766
msp 2002 s 921 72.5 -1 516 gi|45 27427 28686 545 gi|47 22675 23939
msp 2004 s 1581 78.0 1 516 gi|45 27989 28597 566 gi|48 31954 32544
msp 2006 s 276 71.6 1 516 gi|45 28127 28594 534 gi|47 110 597
msp 2008 s 381 77.7 1 516 gi|45 28287 28582 519 gi|46 1562 1857
msp 2010 s 419 79.0 1 516 gi|45 28319 28556 520 gi|46 2424 2664
msp 2019 s 433 76.8 1 480 gi|42 32179 32643 516 gi|45 27970 28414
edge 68 s 0 0 172 516
edge 87 s 0 0 290 516
edge 118 s 0 0 566 516
edge 153 s 0 0 110 516
edge 172 s 0 0 115 516
edge 190 s 0 0 144 516
edge 202 s 0 0 151 516
edge 215 s 0 0 181 516
edge 227 s 0 0 215 516
edge 237 s 0 0 222 516
edge 245 s 0 0 276 516
edge 256 s 0 0 393 516
edge 264 s 0 0 399 516
edge 270 s 0 0 401 516
edge 280 s 0 0 480 516
edge 284 s 0 0 516 136
edge 285 s 0 0 516 168
edge 286 s 0 0 516 202
edge 287 s 0 0 516 216
edge 288 s 0 0 516 243
edge 289 s 0 0 516 271
edge 290 p 1 74 516 400
edge 291 s 0 0 516 417
edge 292 s 0 0 516 519
edge 293 s 0 0 516 520
edge 294 s 0 0 516 534
edge 295 s 0 0 516 545
edge 296 s 0 0 516 567
edge 297 p 1 74 516 568
edge 298 s 0 0 516 625
edge 299 s 0 0 516 629
edge 300 s 0 0 516 640
edge 381 p -1 75 650 516
pcp 28620 650
pcp 27850 568
pcp 27259 568
pcp 27086 650
pcp 26871 400
pcp 26584 400
