frag gi|46 27230 27453
img_no 5
flimg_no 1
edge_no 5
msp 705 s 268 73.0 1 31 gi|11 10876 10986 528 gi|46 27330 27440
msp 1411 p 307 77.5 1 225 gi|26 32438 32579 528 gi|46 27319 27454
msp 1891 p 358 76.4 1 367 gi|35 38094 38330 528 gi|46 27230 27453
msp 1979 s 315 76.0 1 403 gi|38 38873 38993 528 gi|46 27327 27453
msp 2036 s 384 70.1 1 528 gi|46 27318 27454 555 gi|48 8279 8415
edge 435 s 0 0 31 528
edge 437 p 1 76 367 528
edge 439 s 0 0 403 528
edge 440 p 1 77 528 225
edge 441 s 0 0 528 555
pcp 27230 367
pcp 27319 225
pcp 27453 367
pcp 27454 225
