frag gi|47 21549 21834
img_no 7
flimg_no 3
edge_no 7
msp 311 p 2631 99.7 -1 659 gi|5 23729 24014 543 gi|47 21550 21835
msp 661 p 2205 94.3 -1 660 gi|9 30591 30871 543 gi|47 21550 21830
msp 825 p 2652 99.7 1 652 gi|13 7199 7490 543 gi|47 21549 21842
msp 847 p 2440 98.3 -1 665 gi|13 28925 29208 543 gi|47 21550 21829
msp 995 p 2631 99.7 1 653 gi|18 3320 3605 543 gi|47 21549 21834
msp 1661 p 2650 99.3 -1 654 gi|31 4507 4804 543 gi|47 21551 21844
msp 1929 p 289 87.2 1 664 gi|39 36529 36575 543 gi|47 21783 21830
edge 542 p 1 99 652 543
edge 552 p 1 99 653 543
edge 564 p -1 99 654 543
edge 587 p -1 99 659 543
edge 601 p -1 94 660 543
edge 618 p 1 87 664 543
edge 626 p -1 98 665 543
pcp 21549 653
pcp 21549 652
pcp 21550 665
pcp 21550 659
pcp 21550 660
pcp 21551 654
pcp 21783 664
pcp 21829 665
pcp 21830 664
pcp 21830 660
pcp 21834 653
pcp 21835 659
pcp 21842 652
pcp 21844 654
