frag gi|48 21056 22181
img_no 6
edge_no 3
msp 327 s 269 73.0 -1 583 gi|5 36543 36694 563 gi|48 21968 22119
msp 331 s 262 71.3 -1 584 gi|5 37305 37492 563 gi|48 21152 21339
msp 333 p 310 77.5 -1 584 gi|5 37318 37513 563 gi|48 22001 22181
msp 1343 p 833 74.8 1 195 gi|24 5817 6886 563 gi|48 21086 22170
msp 1347 p 459 79.6 1 195 gi|24 5834 6058 563 gi|48 21958 22182
msp 1355 p 612 75.8 1 195 gi|24 6638 6968 563 gi|48 21056 21390
edge 331 p 1 79 195 563
edge 1271 s 0 0 563 583
edge 1272 p -1 76 563 584
pcp 22182 195
pcp 22181 584
pcp 22170 195
pcp 22001 584
pcp 21958 195
pcp 21390 195
pcp 21086 195
pcp 21056 195
