frag gi|7 31973 32729
img_no 10
edge_no 10
msp 398 s 279 71.2 1 615 gi|7 31973 32316 270 gi|30 967 1302
msp 400 p 701 73.0 1 615 gi|7 31997 32729 393 gi|38 24180 24915
msp 402 s 845 71.8 1 615 gi|7 32056 32698 144 gi|20 18729 19368
msp 404 s 270 71.8 1 615 gi|7 32056 32346 271 gi|30 2843 3134
msp 406 s 477 69.4 1 615 gi|7 32069 32724 143 gi|20 16884 17536
msp 408 s 350 75.7 -1 615 gi|7 32187 32724 519 gi|46 1187 1721
msp 410 s 282 76.3 1 615 gi|7 32216 32329 222 gi|26 20722 20837
msp 412 s 278 82.5 1 615 gi|7 32217 32319 640 gi|9 26200 26301
msp 414 p 289 75.3 1 615 gi|7 32542 32634 473 gi|42 19976 20068
msp 416 p 283 83.0 1 615 gi|7 32599 32657 223 gi|26 21105 21163
edge 192 s 0 0 144 615
edge 241 s 0 0 222 615
edge 259 p 1 72 393 615
edge 303 s 0 0 519 615
edge 325 s 0 0 640 615
edge 345 s 0 0 143 615
edge 354 s 0 0 270 615
edge 357 s 0 0 271 615
edge 1149 p 1 83 223 615
edge 1150 p 1 75 615 473
pcp 31997 393
pcp 32542 473
pcp 32599 223
pcp 32634 473
pcp 32657 223
pcp 32729 393
