frag gi|8 28279 29006
img_no 22
edge_no 18
msp 239 s 568 71.4 -1 650 gi|1 24783 25352 629 gi|8 28363 28959
msp 520 s 313 72.9 1 629 gi|8 28279 28581 480 gi|42 32099 32406
msp 522 s 570 71.3 1 629 gi|8 28298 28963 566 gi|48 31868 32497
msp 524 s 270 79.9 1 629 gi|8 28304 28581 399 gi|38 34073 34345
msp 526 s 466 76.8 -1 629 gi|8 28313 28863 172 gi|22 24806 25317
msp 528 s 348 77.1 -1 629 gi|8 28346 28861 640 gi|9 26186 26668
msp 530 p 270 69.9 1 629 gi|8 28365 28447 102 gi|17 5558 5640
msp 532 s 816 76.3 1 629 gi|8 28385 28911 115 gi|18 221 738
msp 534 s 626 71.9 1 629 gi|8 28409 28942 516 gi|45 28005 28511
msp 536 s 429 77.6 1 629 gi|8 28689 28880 399 gi|38 34432 34614
msp 538 s 282 81.2 1 629 gi|8 28694 28789 110 gi|17 28929 29024
msp 540 s 340 77.9 1 629 gi|8 28717 28847 181 gi|23 15078 15200
msp 542 s 284 74.2 -1 629 gi|8 28722 28845 202 gi|25 4903 5040
msp 544 s 386 72.3 -1 629 gi|8 28740 28851 222 gi|26 20719 20830
msp 546 s 370 74.3 1 629 gi|8 28743 28843 534 gi|47 315 415
msp 548 s 329 77.7 1 629 gi|8 28743 29006 534 gi|47 1367 1615
msp 550 s 331 68.3 -1 629 gi|8 28743 28843 276 gi|30 38290 38390
msp 552 s 329 74.0 -1 629 gi|8 28743 28869 276 gi|30 37262 37388
msp 554 s 266 67.3 1 629 gi|8 28744 28847 520 gi|46 2421 2524
msp 556 s 364 78.8 -1 629 gi|8 28745 28843 151 gi|20 35143 35242
msp 558 s 279 76.4 1 629 gi|8 28746 28851 478 gi|42 27556 27661
msp 560 s 288 72.4 1 629 gi|8 28747 28909 480 gi|42 32549 32719
edge 75 s 0 0 172 629
edge 122 s 0 0 566 629
edge 158 s 0 0 110 629
edge 177 s 0 0 115 629
edge 206 s 0 0 151 629
edge 219 s 0 0 181 629
edge 242 s 0 0 222 629
edge 249 s 0 0 276 629
edge 268 s 0 0 399 629
edge 283 s 0 0 480 629
edge 299 s 0 0 516 629
edge 310 s 0 0 520 629
edge 314 s 0 0 534 629
edge 318 p 1 69 629 102
edge 319 s 0 0 629 202
edge 320 s 0 0 629 478
edge 321 s 0 0 629 640
edge 388 s 0 0 650 629
pcp 28365 102
pcp 28447 102
