frag gi|34 10244 10942
img_no 5
flimg_no 1
edge_no 5
msp 15 s 550 79.7 -1 427 gi|4 17864 18312 648 gi|34 10382 10818
msp 159 p 354 73.7 -1 647 gi|1 3157 3878 648 gi|34 10244 10942
msp 877 s 356 77.8 -1 75 gi|14 37250 37456 648 gi|34 10613 10816
msp 1179 s 714 73.0 1 154 gi|21 525 983 648 gi|34 10315 10806
msp 1311 s 287 78.3 -1 182 gi|23 16309 16557 648 gi|34 10578 10799
edge 29 s 0 0 648 75
edge 30 s 0 0 648 154
edge 31 s 0 0 648 182
edge 32 s 0 0 648 427
edge 33 p -1 73 648 647
pcp 10244 647
pcp 10942 647
