frag gi|1 24693 26299
img_no 28
flimg_no 1
edge_no 27
msp 214 s 272 76.9 -1 650 gi|1 24691 25072 534 gi|47 1288 1669
msp 216 p 1901 75.5 -1 650 gi|1 24691 26299 516 gi|45 27086 28620
msp 218 s 1468 73.4 -1 650 gi|1 24691 25390 399 gi|38 34089 34791
msp 220 p 849 70.7 -1 650 gi|1 24695 25377 115 gi|18 177 874
msp 222 s 295 71.7 -1 650 gi|1 24726 24990 520 gi|46 2426 2690
msp 224 s 359 71.6 -1 650 gi|1 24729 25031 519 gi|46 1555 1857
msp 226 s 475 70.5 -1 650 gi|1 24763 25376 480 gi|42 32146 32777
msp 228 s 481 71.3 1 650 gi|1 24765 24994 144 gi|20 18769 18993
msp 230 s 553 75.4 1 650 gi|1 24765 25873 545 gi|47 22823 23873
msp 232 s 294 74.5 -1 650 gi|1 24765 24991 417 gi|39 28000 28229
msp 234 s 1079 75.8 -1 650 gi|1 24776 25378 566 gi|48 31897 32500
msp 236 p 335 76.2 -1 650 gi|1 24783 25190 508 gi|45 6680 7105
msp 238 s 568 71.4 -1 650 gi|1 24783 25352 629 gi|8 28363 28959
msp 240 s 272 76.7 1 650 gi|1 24783 24988 168 gi|22 15438 15640
msp 242 s 376 72.7 1 650 gi|1 24816 24991 151 gi|20 35060 35238
msp 244 s 338 74.5 -1 650 gi|1 24816 25234 534 gi|47 56 498
msp 246 s 268 82.4 -1 650 gi|1 24816 25014 195 gi|24 6669 6858
msp 248 s 482 77.4 1 650 gi|1 24818 25003 222 gi|26 20649 20834
msp 250 s 317 74.2 -1 650 gi|1 24864 25072 478 gi|42 27477 27685
msp 252 s 284 74.4 -1 650 gi|1 24870 24994 501 gi|44 36920 37045
msp 254 s 253 76.0 1 650 gi|1 24892 24991 290 gi|31 19380 19479
msp 256 s 314 77.9 -1 650 gi|1 24893 25467 625 gi|8 14550 15090
msp 258 s 293 73.2 -1 650 gi|1 24894 24990 181 gi|23 15102 15198
msp 260 s 338 73.0 1 650 gi|1 24896 25043 276 gi|30 37288 37440
msp 262 s 343 75.0 -1 650 gi|1 24912 25412 243 gi|29 5654 6148
msp 264 s 307 80.3 1 650 gi|1 24915 24990 271 gi|30 3030 3105
msp 266 s 487 72.9 -1 650 gi|1 25658 25997 401 gi|38 35820 36155
msp 268 s 273 70.4 1 650 gi|1 25658 25873 172 gi|22 25500 25715
edge 362 p -1 70 650 115
edge 363 s 0 0 650 144
edge 364 s 0 0 650 151
edge 365 s 0 0 650 168
edge 366 s 0 0 650 172
edge 367 s 0 0 650 181
edge 368 s 0 0 650 195
edge 369 s 0 0 650 222
edge 370 s 0 0 650 243
edge 371 s 0 0 650 271
edge 372 s 0 0 650 276
edge 373 s 0 0 650 290
edge 374 s 0 0 650 399
edge 375 s 0 0 650 401
edge 376 s 0 0 650 417
edge 377 s 0 0 650 478
edge 378 s 0 0 650 480
edge 379 s 0 0 650 501
edge 380 p -1 76 650 508
edge 381 p -1 75 650 516
edge 382 s 0 0 650 519
edge 383 s 0 0 650 520
edge 384 s 0 0 650 534
edge 385 s 0 0 650 545
edge 386 s 0 0 650 566
edge 387 s 0 0 650 625
edge 388 s 0 0 650 629
pcp 26299 516
pcp 25377 115
pcp 25190 508
pcp 24783 508
pcp 24695 115
pcp 24691 516
