frag gi|31 4507 4804
img_no 9
flimg_no 3
edge_no 9
msp 313 p 2629 100.0 1 659 gi|5 23730 24013 654 gi|31 4521 4804
msp 821 p 2665 99.2 -1 652 gi|13 7201 7490 654 gi|31 4509 4804
msp 993 p 2629 100.0 -1 653 gi|18 3322 3605 654 gi|31 4521 4804
msp 1565 s 254 85.1 1 245 gi|29 12772 12818 654 gi|31 4540 4590
msp 1660 p 2650 99.3 -1 654 gi|31 4507 4804 543 gi|47 21551 21844
msp 1662 p 2615 99.0 1 654 gi|31 4507 4804 657 gi|47 33817 34112
msp 1664 p 289 87.5 -1 654 gi|31 4525 4572 664 gi|39 36529 36575
msp 2053 p 2600 99.0 1 665 gi|13 28925 29208 654 gi|31 4522 4804
msp 2055 p 2275 94.0 1 660 gi|9 30591 30870 654 gi|31 4525 4804
edge 562 s 0 0 654 245
edge 564 p -1 99 654 543
edge 568 p -1 99 654 652
edge 569 p -1 100 654 653
edge 584 p 1 99 657 654
edge 591 p 1 100 659 654
edge 604 p 1 94 660 654
edge 621 p -1 87 664 654
edge 628 p 1 99 665 654
pcp 4507 657
pcp 4507 543
pcp 4509 652
pcp 4521 659
pcp 4521 653
pcp 4522 665
pcp 4525 660
pcp 4525 664
pcp 4572 664
pcp 4804 652
pcp 4804 543
pcp 4804 660
pcp 4804 659
pcp 4804 657
pcp 4804 653
pcp 4804 665
