frag gi|5 23731 24013
img_no 8
flimg_no 7
edge_no 8
msp 300 p 158 84.9 -1 659 gi|5 23735 23781 664 gi|39 36529 36577
msp 302 p 2360 98.4 1 659 gi|5 23729 24014 657 gi|47 33831 34113
msp 306 p 2538 99.3 -1 659 gi|5 23729 24014 652 gi|13 7200 7483
msp 308 p 2542 98.3 1 659 gi|5 23731 24014 665 gi|13 28925 29208
msp 310 p 2631 99.7 -1 659 gi|5 23729 24014 543 gi|47 21550 21835
msp 312 p 2629 100.0 1 659 gi|5 23730 24013 654 gi|31 4521 4804
msp 314 p 2219 94.3 1 659 gi|5 23734 24014 660 gi|9 30591 30871
msp 2050 p 2391 97.8 -1 659 gi|5 23733 24014 653 gi|18 3321 3605
edge 587 p -1 99 659 543
edge 589 p -1 99 659 652
edge 590 p -1 97 659 653
edge 591 p 1 100 659 654
edge 593 p 1 98 659 657
edge 607 p 1 94 660 659
edge 623 p -1 84 664 659
edge 630 p 1 98 665 659
pcp 23729 657
pcp 23729 652
pcp 23729 543
pcp 23730 654
pcp 23731 665
pcp 23733 653
pcp 23734 660
pcp 23735 664
pcp 23781 664
pcp 24013 654
pcp 24014 543
pcp 24014 660
pcp 24014 652
pcp 24014 653
pcp 24014 657
pcp 24014 665
