frag gi|39 36529 36575
img_no 8
flimg_no 8
edge_no 8
msp 301 p 158 84.9 -1 659 gi|5 23735 23781 664 gi|39 36529 36577
msp 653 p 266 84.0 -1 660 gi|9 30590 30638 664 gi|39 36529 36576
msp 833 p 289 87.5 1 652 gi|13 7433 7480 664 gi|39 36529 36575
msp 845 p 172 85.7 -1 665 gi|13 28927 28975 664 gi|39 36529 36577
msp 999 p 289 87.5 1 653 gi|18 3554 3601 664 gi|39 36529 36575
msp 1665 p 289 87.5 -1 654 gi|31 4525 4572 664 gi|39 36529 36575
msp 1928 p 289 87.2 1 664 gi|39 36529 36575 543 gi|47 21783 21830
msp 2060 p 120 89.1 -1 664 gi|39 36529 36577 657 gi|47 33845 33880
edge 618 p 1 87 664 543
edge 619 p 1 87 664 652
edge 620 p 1 87 664 653
edge 621 p -1 87 664 654
edge 622 p -1 89 664 657
edge 623 p -1 84 664 659
edge 624 p -1 84 664 660
edge 632 p -1 85 665 664
pcp 36529 653
pcp 36529 665
pcp 36529 657
pcp 36529 543
pcp 36529 660
pcp 36529 652
pcp 36529 659
pcp 36529 654
pcp 36575 543
pcp 36575 654
pcp 36575 653
pcp 36575 652
pcp 36576 660
pcp 36577 657
pcp 36577 659
pcp 36577 665
