frag gi|13 28925 29208
img_no 7
flimg_no 6
edge_no 7
msp 309 p 2542 98.3 1 659 gi|5 23731 24014 665 gi|13 28925 29208
msp 842 p 2388 97.8 1 665 gi|13 28925 29208 657 gi|47 33837 34113
msp 844 p 172 85.7 -1 665 gi|13 28927 28975 664 gi|39 36529 36577
msp 846 p 2440 98.3 -1 665 gi|13 28925 29208 543 gi|47 21550 21829
msp 848 p 2536 98.3 -1 665 gi|13 28925 29208 653 gi|18 3321 3604
msp 2052 p 2600 99.0 1 665 gi|13 28925 29208 654 gi|31 4522 4804
msp 2059 p 2270 93.0 1 660 gi|9 30591 30871 665 gi|13 28928 29208
edge 626 p -1 98 665 543
edge 627 p -1 98 665 653
edge 628 p 1 99 665 654
edge 629 p 1 97 665 657
edge 630 p 1 98 665 659
edge 631 p 1 93 665 660
edge 632 p -1 85 665 664
pcp 28925 543
pcp 28925 659
pcp 28925 657
pcp 28925 654
pcp 28925 653
pcp 28927 664
pcp 28928 660
pcp 28975 664
pcp 29208 543
pcp 29208 660
pcp 29208 653
pcp 29208 659
pcp 29208 657
pcp 29208 654
