frag gi|28 15835 28081
img_no 9
flimg_no 1
edge_no 9
msp 283 p 628 71.9 1 572 gi|5 13791 14456 671 gi|28 26539 27190
msp 287 p 381 73.7 1 573 gi|5 14657 14808 671 gi|28 27403 27554
msp 855 p 488 69.5 1 65 gi|14 4441 4847 671 gi|28 25298 25704
msp 901 p 352 69.8 1 84 gi|15 18662 19055 671 gi|28 20672 21061
msp 937 s 439 70.8 -1 127 gi|19 17101 17432 671 gi|28 24407 24738
msp 1536 p 318 84.6 1 671 gi|28 18930 18994 531 gi|46 30440 30504
msp 1538 p 983 75.4 -1 671 gi|28 22771 24738 414 gi|39 22634 24566
msp 1540 s 464 70.8 -1 671 gi|28 24407 24738 483 gi|43 2675 3006
msp 2065 p 113742 98.6 1 667 gi|27 174 12403 671 gi|28 15835 28081
edge 767 p 1 69 671 65
edge 768 p 1 69 671 84
edge 769 s 0 0 671 127
edge 770 p -1 75 671 414
edge 771 s 0 0 671 483
edge 772 p 1 84 671 531
edge 773 p 1 71 671 572
edge 774 p 1 73 671 573
edge 775 p 1 98 671 667
pcp 28081 667
pcp 27554 573
pcp 27403 573
pcp 27190 572
pcp 26539 572
pcp 25704 65
pcp 25298 65
pcp 24738 414
pcp 22771 414
pcp 21061 84
pcp 20672 84
pcp 18994 531
pcp 18930 531
pcp 15835 667
