frag gi|28 28085 30741
img_no 10
flimg_no 5
edge_no 10
msp 117 p 22737 95.9 1 261 gi|3 5970 8642 672 gi|28 28081 30742
msp 789 p 22698 97.0 -1 95 gi|16 22119 24747 672 gi|28 28088 30742
msp 1369 p 763 75.7 1 217 gi|26 2004 2851 672 gi|28 28488 29307
msp 1381 p 284 68.2 1 218 gi|26 3436 3658 672 gi|28 29769 30000
msp 1542 p 22939 96.4 1 672 gi|28 28087 30740 390 gi|38 17979 20643
msp 1544 p 23180 97.1 1 672 gi|28 28088 30742 675 gi|34 27168 29839
msp 1546 p 930 98.3 1 672 gi|28 28088 28202 674 gi|32 8874 8989
msp 1548 p 22111 96.8 1 672 gi|28 28183 30742 307 gi|32 10221 12803
msp 1550 s 1976 90.9 -1 672 gi|28 30481 30739 678 gi|39 27668 27926
msp 2067 p 24599 98.6 1 668 gi|27 12420 15064 672 gi|28 28081 30742
edge 757 p -1 97 672 95
edge 758 p 1 75 672 217
edge 759 p 1 68 672 218
edge 760 p 1 95 672 261
edge 762 p 1 96 672 307
edge 764 p 1 96 672 390
edge 766 p 1 98 672 668
edge 782 p 1 98 674 672
edge 792 p 1 97 675 672
edge 799 s 0 0 678 672
pcp 28081 668
pcp 28081 261
pcp 28087 390
pcp 28088 675
pcp 28088 674
pcp 28088 95
pcp 28183 307
pcp 28202 674
pcp 28488 217
pcp 29307 217
pcp 29769 218
pcp 30000 218
pcp 30740 390
pcp 30742 307
pcp 30742 95
pcp 30742 668
pcp 30742 261
pcp 30742 675
