frag gi|2 6 394
img_no 5
flimg_no 3
edge_no 5
msp 90 s 506 74.0 1 684 gi|2 5 151 692 gi|33 20131 20277
msp 92 p 1252 75.4 -1 684 gi|2 5 396 689 gi|39 10415 10806
msp 94 p 418 78.1 -1 684 gi|2 5 396 693 gi|5 38684 39059
msp 96 p 280 69.2 -1 684 gi|2 6 317 575 gi|5 18484 18795
msp 98 p 1040 75.1 -1 684 gi|2 10 391 409 gi|39 11877 12259
edge 897 p -1 75 684 409
edge 898 p -1 69 684 575
edge 916 p -1 75 689 684
edge 920 s 0 0 692 684
edge 925 p -1 78 693 684
pcp 5 693
pcp 5 689
pcp 6 575
pcp 10 409
pcp 317 575
pcp 391 409
pcp 396 689
pcp 396 693
