frag gi|16 22119 24747
img_no 11
flimg_no 5
edge_no 10
msp 123 p 22520 96.3 -1 261 gi|3 5973 8642 95 gi|16 22118 24750
msp 784 s 2020 92.5 1 95 gi|16 22122 22380 678 gi|39 27668 27926
msp 786 p 22358 98.1 -1 95 gi|16 22117 24652 307 gi|32 10221 12806
msp 788 p 22698 97.0 -1 95 gi|16 22119 24747 672 gi|28 28088 30742
msp 790 p 22698 97.0 -1 95 gi|16 22119 24747 668 gi|27 12410 15064
msp 792 p 23435 98.1 -1 95 gi|16 22123 24747 390 gi|38 17980 20641
msp 794 p 22609 96.6 -1 95 gi|16 22123 24748 675 gi|34 27167 29835
msp 796 p 305 69.4 -1 95 gi|16 22823 23054 218 gi|26 3436 3658
msp 798 s 287 70.9 -1 95 gi|16 23516 23735 217 gi|26 2629 2851
msp 800 s 821 75.6 -1 95 gi|16 23947 24348 217 gi|26 2004 2401
msp 802 p 875 95.7 -1 95 gi|16 24633 24748 674 gi|32 8873 8989
edge 685 s 0 0 95 217
edge 686 p -1 69 95 218
edge 687 p -1 96 95 261
edge 689 p -1 98 95 307
edge 691 p -1 98 95 390
edge 731 p -1 97 668 95
edge 757 p -1 97 672 95
edge 777 p -1 95 674 95
edge 784 p -1 96 675 95
edge 794 s 0 0 678 95
pcp 22117 307
pcp 22118 261
pcp 22119 672
pcp 22119 668
pcp 22123 390
pcp 22123 675
pcp 22823 218
pcp 23054 218
pcp 24633 674
pcp 24652 307
pcp 24747 672
pcp 24747 668
pcp 24747 390
pcp 24748 675
pcp 24748 674
pcp 24750 261
