index 116
frag gi|17 13219 13501
img_no 51
msp 1956 s 269 81.0 1 116 gi|17 13219 13371 549 gi|40 35390 35528
msp 515 s 253 88.4 1 862 gi|6 3686 3806 116 gi|17 13278 13387
msp 1958 s 275 79.0 1 116 gi|17 13289 13388 667 gi|49 1452 1560
msp 1960 s 307 86.7 -1 116 gi|17 13298 13387 300 gi|28 3043 3136
msp 1065 s 289 75.3 -1 918 gi|8 31822 31906 116 gi|17 13303 13388
msp 1962 s 300 85.9 -1 116 gi|17 13314 13398 562 gi|41 32215 32314
msp 1964 s 444 91.3 1 116 gi|17 13316 13419 564 gi|42 11767 11876
msp 1966 s 258 87.7 -1 116 gi|17 13324 13388 842 gi|58 10174 10248
msp 1968 s 306 85.4 1 116 gi|17 13326 13462 159 gi|19 33177 33323
msp 1970 s 340 80.7 -1 116 gi|17 13329 13483 628 gi|45 39260 39408
msp 1972 s 387 91.7 1 116 gi|17 13329 13388 563 gi|41 34615 34673
msp 1617 s 284 90.9 1 91 gi|15 21057 21111 116 gi|17 13334 13388
msp 791 s 261 92.1 1 876 gi|6 36091 36153 116 gi|17 13336 13389
msp 1974 s 299 90.6 -1 116 gi|17 13336 13388 774 gi|54 7964 8020
msp 335 s 332 89.1 -1 532 gi|4 24933 24987 116 gi|17 13336 13388
msp 1976 s 276 85.0 -1 116 gi|17 13337 13483 182 gi|20 22789 22961
msp 1978 s 270 81.9 1 116 gi|17 13337 13480 516 gi|39 21294 21432
msp 1980 s 354 90.2 -1 116 gi|17 13338 13388 327 gi|29 8258 8308
msp 1982 s 409 98.0 -1 116 gi|17 13338 13388 749 gi|52 28124 28175
msp 1984 s 271 83.7 1 116 gi|17 13338 13386 182 gi|20 22974 23022
msp 1992 s 328 75.7 1 116 gi|17 13339 13490 400 gi|32 14443 14585
msp 1988 s 301 86.0 -1 116 gi|17 13339 13388 385 gi|31 32065 32114
msp 749 s 303 87.8 -1 876 gi|6 36035 36083 116 gi|17 13339 13387
msp 1986 s 373 93.8 -1 116 gi|17 13339 13386 212 gi|22 5775 5822
msp 1990 s 251 88.9 -1 116 gi|17 13339 13383 388 gi|31 33030 33074
msp 1994 s 320 77.5 1 116 gi|17 13340 13477 668 gi|49 2504 2647
msp 2002 s 286 85.5 1 116 gi|17 13340 13394 562 gi|41 32200 32253
msp 1457 s 270 86.0 -1 60 gi|12 39631 39680 116 gi|17 13340 13389
msp 1361 s 346 94.0 -1 51 gi|12 20066 20115 116 gi|17 13340 13388
msp 1998 s 286 83.7 1 116 gi|17 13340 13388 567 gi|42 15828 15876
msp 1996 s 323 89.6 -1 116 gi|17 13340 13387 567 gi|42 15890 15937
msp 2000 s 396 95.8 1 116 gi|17 13340 13387 853 gi|58 39609 39656
msp 2004 s 360 93.8 1 116 gi|17 13340 13387 266 gi|25 9585 9632
msp 2006 s 301 87.5 -1 116 gi|17 13340 13387 711 gi|50 31989 32037
msp 2026 s 326 80.1 1 116 gi|17 13341 13501 763 gi|53 13105 13295
msp 2020 s 321 87.8 -1 116 gi|17 13341 13389 142 gi|19 1631 1679
msp 1843 s 341 93.6 -1 109 gi|16 34680 34726 116 gi|17 13341 13388
msp 2008 s 270 95.8 1 116 gi|17 13341 13388 672 gi|49 15276 15323
msp 2016 s 316 95.8 -1 116 gi|17 13341 13388 746 gi|52 21306 21357
msp 2018 s 307 95.8 -1 116 gi|17 13341 13388 853 gi|58 39543 39592
msp 981 s 281 87.5 -1 909 gi|8 690 737 116 gi|17 13341 13388
msp 2012 s 257 89.4 1 116 gi|17 13341 13387 628 gi|45 39414 39465
msp 2014 s 254 83.0 1 116 gi|17 13341 13387 775 gi|54 9570 9616
msp 2022 s 343 93.6 1 116 gi|17 13341 13387 222 gi|22 31676 31722
msp 2010 s 259 93.5 -1 116 gi|17 13341 13386 681 gi|49 32854 32900
msp 2024 s 303 93.5 1 116 gi|17 13341 13386 224 gi|22 36476 36521
msp 2030 s 253 93.5 1 116 gi|17 13341 13386 796 gi|55 22484 22531
msp 2028 s 267 86.0 1 116 gi|17 13341 13383 701 gi|50 1959 2002
msp 2032 s 299 89.1 1 116 gi|17 13342 13387 609 gi|44 27266 27311
msp 2034 s 307 95.5 1 116 gi|17 13343 13386 184 gi|20 30545 30587
msp 2036 s 283 95.5 1 116 gi|17 13343 13386 665 gi|48 33431 33474
