index 138
frag gi|18 29249 29406
img_no 17
msp 2124 s 310 81.2 -1 138 gi|18 29249 29349 466 gi|36 21008 21103
msp 1499 s 281 88.4 -1 74 gi|14 19274 19394 138 gi|18 29282 29406
msp 2126 s 268 84.0 1 138 gi|18 29282 29356 385 gi|31 32056 32126
msp 2128 s 336 89.1 -1 138 gi|18 29283 29346 400 gi|32 14443 14508
msp 2130 s 284 88.3 -1 138 gi|18 29286 29345 775 gi|54 9569 9628
msp 2132 s 281 84.8 1 138 gi|18 29287 29345 142 gi|19 1625 1680
msp 2134 s 253 89.5 -1 138 gi|18 29291 29347 398 gi|32 11274 11329
msp 1823 s 271 88.0 1 109 gi|16 34677 34726 138 gi|18 29291 29344
msp 2136 s 265 85.5 1 138 gi|18 29292 29346 327 gi|29 8256 8307
msp 2138 s 275 90.4 -1 138 gi|18 29293 29344 567 gi|42 15829 15877
msp 2142 s 255 85.7 1 138 gi|18 29294 29363 159 gi|19 33111 33173
msp 1061 s 324 85.7 1 918 gi|8 31822 31877 138 gi|18 29294 29350
msp 325 s 293 87.8 1 532 gi|4 24933 24981 138 gi|18 29294 29345
msp 2140 s 289 93.9 -1 138 gi|18 29294 29342 667 gi|49 1514 1560
msp 2144 s 267 87.0 1 138 gi|18 29295 29348 300 gi|28 3043 3093
msp 1715 s 317 89.7 1 98 gi|16 3196 3253 138 gi|18 29296 29360
msp 2146 s 280 93.9 -1 138 gi|18 29296 29344 182 gi|20 22977 23022
