index 14
frag gi|1 33975 34218
img_no 23
msp 74 s 849 82.9 -1 14 gi|1 33975 34155 896 gi|7 22205 22388
msp 76 s 454 77.6 1 14 gi|1 33988 34161 133 gi|18 22564 22734
msp 78 s 694 85.0 1 14 gi|1 33995 34154 360 gi|30 23416 23570
msp 80 s 547 81.8 -1 14 gi|1 34002 34160 733 gi|51 37346 37504
msp 82 s 423 81.4 -1 14 gi|1 34003 34163 795 gi|55 22260 22415
msp 84 s 587 86.3 1 14 gi|1 34009 34169 465 gi|36 20326 20478
msp 88 s 634 74.2 -1 14 gi|1 34010 34218 509 gi|38 38428 38640
msp 86 s 803 85.1 -1 14 gi|1 34010 34157 345 gi|3 16464 16611
msp 90 s 505 82.4 1 14 gi|1 34011 34158 37 gi|11 13703 13849
msp 92 s 314 77.9 -1 14 gi|1 34011 34155 530 gi|4 21360 21503
msp 94 s 284 80.8 1 14 gi|1 34020 34144 87 gi|15 16550 16691
msp 96 s 334 71.0 -1 14 gi|1 34022 34128 107 gi|16 30195 30301
msp 98 s 598 84.2 -1 14 gi|1 34036 34212 25 gi|10 23536 23710
msp 100 s 583 82.2 -1 14 gi|1 34042 34159 494 gi|38 2355 2476
msp 102 s 336 77.9 -1 14 gi|1 34045 34148 587 gi|43 35436 35545
msp 104 s 355 78.8 1 14 gi|1 34057 34155 267 gi|25 11606 11700
msp 106 s 504 87.9 -1 14 gi|1 34070 34160 18 gi|10 5612 5700
msp 108 s 306 77.1 1 14 gi|1 34073 34155 229 gi|23 3407 3492
msp 110 s 397 80.7 1 14 gi|1 34083 34196 724 gi|51 18915 19033
msp 112 s 439 84.2 -1 14 gi|1 34088 34169 211 gi|22 3880 3964
msp 114 s 434 91.8 -1 14 gi|1 34092 34152 700 gi|50 1689 1748
msp 116 s 261 79.6 -1 14 gi|1 34106 34154 794 gi|55 18809 18858
msp 118 s 251 88.4 1 14 gi|1 34130 34172 32 gi|11 4622 4670
