index 142
frag gi|19 1596 1745
img_no 28
msp 2156 s 254 78.7 1 142 gi|19 1596 1684 609 gi|44 27169 27252
msp 2158 s 276 77.0 1 142 gi|19 1604 1677 786 gi|54 37444 37518
msp 2160 s 311 81.3 -1 142 gi|19 1605 1679 266 gi|25 9586 9658
msp 2162 s 278 81.0 1 142 gi|19 1623 1680 385 gi|31 32058 32113
msp 2164 s 300 86.2 1 142 gi|19 1624 1688 774 gi|54 7957 8022
msp 2133 s 281 84.8 1 138 gi|18 29287 29345 142 gi|19 1625 1680
msp 1515 s 257 88.3 -1 74 gi|14 19330 19389 142 gi|19 1626 1682
msp 2168 s 335 86.4 -1 142 gi|19 1627 1685 775 gi|54 9564 9620
msp 2166 s 297 85.7 -1 142 gi|19 1627 1682 222 gi|22 31673 31727
msp 2172 s 299 81.3 1 142 gi|19 1629 1719 749 gi|52 28121 28218
msp 2170 s 254 81.1 -1 142 gi|19 1629 1681 762 gi|53 13103 13156
msp 2174 s 275 86.5 1 142 gi|19 1629 1680 853 gi|58 39540 39593
msp 2021 s 321 87.8 -1 116 gi|17 13341 13389 142 gi|19 1631 1679
msp 979 s 271 80.0 1 909 gi|8 690 759 142 gi|19 1632 1708
msp 331 s 270 78.8 1 532 gi|4 24933 24998 142 gi|19 1632 1694
msp 2176 s 301 85.7 -1 142 gi|19 1632 1680 400 gi|32 14444 14492
msp 2178 s 267 85.7 -1 142 gi|19 1632 1680 564 gi|42 11795 11844
msp 1363 s 306 89.8 1 51 gi|12 20066 20114 142 gi|19 1632 1679
msp 1845 s 283 89.4 1 109 gi|16 34680 34726 142 gi|19 1632 1679
msp 2180 s 250 81.2 -1 142 gi|19 1632 1679 567 gi|42 15829 15876
msp 2186 s 334 86.7 -1 142 gi|19 1633 1745 668 gi|49 2458 2551
msp 2182 s 290 85.4 1 142 gi|19 1633 1680 300 gi|28 3043 3090
msp 759 s 252 85.4 1 876 gi|6 36035 36082 142 gi|19 1633 1680
msp 2184 s 265 83.0 -1 142 gi|19 1633 1679 853 gi|58 39610 39656
msp 2188 s 255 83.6 1 142 gi|19 1634 1700 212 gi|22 5775 5834
msp 1719 s 283 80.0 1 98 gi|16 3196 3255 142 gi|19 1634 1692
msp 2190 s 282 83.7 -1 142 gi|19 1634 1682 182 gi|20 22974 23022
msp 2192 s 267 87.2 1 142 gi|19 1634 1680 562 gi|41 32226 32273
