index 154
frag gi|19 21308 22433
img_no 12
msp 2256 s 10077 100.0 -1 154 gi|19 21308 22433 432 gi|34 10381 11506
msp 1667 s 10055 100.0 -1 93 gi|15 31748 32870 154 gi|19 21311 22433
msp 2258 s 10055 100.0 -1 154 gi|19 21311 22433 613 gi|44 37028 38150
msp 2260 s 10055 100.0 -1 154 gi|19 21311 22433 328 gi|29 8721 9843
msp 2262 s 10055 100.0 -1 154 gi|19 21311 22433 337 gi|29 19851 20973
msp 2264 s 1051 100.0 1 154 gi|19 21311 21425 807 gi|55 39886 40000
msp 2266 s 261 77.8 -1 154 gi|19 21397 22242 392 gi|32 5239 6090
msp 2268 s 325 76.9 -1 154 gi|19 21417 22218 721 gi|51 6824 7617
msp 2270 s 2561 96.4 1 154 gi|19 21426 21761 639 gi|47 1 325
msp 2274 s 297 75.9 -1 154 gi|19 21451 21914 395 gi|32 7319 7776
msp 2272 s 344 82.0 -1 154 gi|19 21451 21650 511 gi|39 749 929
msp 2276 s 6439 100.0 1 154 gi|19 21708 22433 641 gi|47 2880 3605
