index 159
frag gi|19 32951 33337
img_no 60
msp 2306 s 287 81.6 1 159 gi|19 32951 33232 182 gi|20 22759 23022
msp 2308 s 270 78.4 -1 159 gi|19 32999 33160 668 gi|49 2503 2673
msp 2310 s 263 79.2 -1 159 gi|19 33001 33236 300 gi|28 3040 3269
msp 2312 s 308 87.5 1 159 gi|19 33033 33232 184 gi|20 30403 30587
msp 2314 s 348 84.0 -1 159 gi|19 33047 33171 400 gi|32 14432 14537
msp 2316 s 296 81.5 1 159 gi|19 33057 33159 385 gi|31 32020 32113
msp 2318 s 291 72.7 -1 159 gi|19 33088 33237 762 gi|53 13011 13178
msp 2320 s 337 83.1 1 159 gi|19 33090 33166 327 gi|29 8243 8312
msp 2322 s 292 85.2 1 159 gi|19 33096 33156 786 gi|54 37458 37518
msp 2324 s 480 88.2 -1 159 gi|19 33100 33234 609 gi|44 27199 27320
msp 2326 s 310 84.6 1 159 gi|19 33100 33164 749 gi|52 28114 28177
msp 2328 s 289 80.7 -1 159 gi|19 33103 33159 398 gi|32 11276 11334
msp 2330 s 263 82.1 -1 159 gi|19 33103 33158 563 gi|41 34626 34678
msp 287 s 339 83.3 1 532 gi|4 24928 24981 159 gi|19 33105 33159
msp 2334 s 422 86.2 -1 159 gi|19 33107 33323 775 gi|54 9457 9621
msp 2332 s 282 90.6 -1 159 gi|19 33107 33159 222 gi|22 31675 31728
msp 2336 s 282 81.1 -1 159 gi|19 33107 33159 564 gi|42 11795 11848
msp 1819 s 260 84.3 1 109 gi|16 34676 34726 159 gi|19 33107 33158
msp 2338 s 387 86.5 1 159 gi|19 33108 33233 609 gi|44 27196 27311
msp 2340 s 456 86.5 1 159 gi|19 33108 33233 853 gi|58 39540 39656
msp 1347 s 287 83.3 1 51 gi|12 20063 20140 159 gi|19 33108 33194
msp 531 s 250 89.2 -1 862 gi|6 3746 3810 159 gi|19 33108 33171
msp 2342 s 259 90.2 -1 159 gi|19 33108 33158 667 gi|49 1511 1563
msp 2344 s 253 86.3 1 159 gi|19 33108 33158 567 gi|42 15886 15936
msp 2346 s 494 84.9 -1 159 gi|19 33109 33234 853 gi|58 39543 39659
msp 2348 s 413 91.3 -1 159 gi|19 33109 33234 628 gi|45 39348 39468
msp 2143 s 255 85.7 1 138 gi|18 29294 29363 159 gi|19 33111 33173
msp 2350 s 346 79.4 -1 159 gi|19 33111 33173 567 gi|42 15814 15876
msp 2352 s 458 85.4 1 159 gi|19 33112 33241 300 gi|28 3043 3163
msp 757 s 343 83.5 1 876 gi|6 36035 36149 159 gi|19 33112 33232
msp 2354 s 436 84.0 -1 159 gi|19 33113 33237 182 gi|20 22901 23022
msp 755 s 344 87.8 -1 876 gi|6 36035 36149 159 gi|19 33113 33233
msp 1721 s 272 86.2 1 98 gi|16 3196 3253 159 gi|19 33113 33170
msp 2356 s 274 88.2 -1 159 gi|19 33123 33325 583 gi|43 21660 21837
msp 2358 s 306 86.2 -1 159 gi|19 33146 33239 212 gi|22 5766 5865
msp 2360 s 256 87.2 -1 159 gi|19 33158 33235 711 gi|50 31987 32055
msp 2362 s 352 85.9 1 159 gi|19 33166 33264 775 gi|54 9550 9639
msp 2364 s 293 88.4 1 159 gi|19 33169 33237 762 gi|53 13089 13155
msp 2368 s 260 88.7 -1 159 gi|19 33174 33235 786 gi|54 37471 37533
msp 2366 s 279 93.4 -1 159 gi|19 33174 33234 385 gi|31 32065 32121
msp 1969 s 306 85.4 1 116 gi|17 13326 13462 159 gi|19 33177 33323
msp 2370 s 293 86.4 -1 159 gi|19 33177 33235 327 gi|29 8257 8317
msp 2372 s 309 94.8 1 159 gi|19 33178 33235 564 gi|42 11782 11845
msp 2374 s 331 94.9 1 159 gi|19 33181 33239 266 gi|25 9575 9639
msp 2376 s 291 93.6 1 159 gi|19 33186 33232 309 gi|28 20918 20967
msp 2380 s 304 83.7 -1 159 gi|19 33187 33284 562 gi|41 32163 32274
msp 1695 s 271 88.6 1 98 gi|16 3167 3245 159 gi|19 33187 33252
msp 2382 s 302 92.0 1 159 gi|19 33187 33236 563 gi|41 34624 34675
msp 2378 s 318 89.8 1 159 gi|19 33187 33235 567 gi|42 15827 15877
msp 2386 s 331 91.3 1 159 gi|19 33188 33302 668 gi|49 2504 2605
msp 553 s 325 86.8 1 862 gi|6 3757 3824 159 gi|19 33188 33256
msp 1365 s 295 98.0 -1 51 gi|12 20066 20115 159 gi|19 33188 33234
msp 2384 s 314 97.9 -1 159 gi|19 33188 33234 749 gi|52 28124 28173
msp 2388 s 265 91.3 -1 159 gi|19 33188 33233 567 gi|42 15890 15937
msp 2390 s 257 87.0 1 159 gi|19 33188 33233 448 gi|35 15121 15170
msp 255 s 258 84.5 -1 532 gi|4 24813 24980 159 gi|19 33189 33337
msp 965 s 292 92.0 -1 909 gi|8 688 737 159 gi|19 33189 33236
msp 2394 s 294 93.6 1 159 gi|19 33189 33235 400 gi|32 14445 14493
msp 2392 s 325 93.5 -1 159 gi|19 33189 33234 774 gi|54 7964 8013
msp 2396 s 260 85.0 -1 159 gi|19 33205 33244 638 gi|46 35088 35127
