index 169
frag gi|2 21419 23011
img_no 8
msp 394 s 515 76.3 1 169 gi|2 21419 22331 518 gi|39 27350 28262
msp 392 s 399 75.9 1 169 gi|2 21419 21630 268 gi|25 11747 11956
msp 396 s 266 77.5 1 169 gi|2 21456 22129 266 gi|25 9732 10396
msp 398 s 540 76.7 1 169 gi|2 21462 22152 519 gi|39 29206 29897
msp 400 s 278 79.3 -1 169 gi|2 21746 22142 56 gi|12 28705 29101
msp 402 s 776 73.7 1 169 gi|2 21851 23011 269 gi|25 12290 13426
msp 404 s 252 75.5 1 169 gi|2 22333 22430 80 gi|15 4619 4716
msp 406 s 337 73.6 1 169 gi|2 22484 22870 520 gi|39 30342 30728
