index 178
frag gi|20 15256 16063
img_no 10
msp 1859 s 771 68.7 1 110 gi|16 36655 37351 178 gi|20 15256 15956
msp 2412 s 1015 68.9 -1 178 gi|20 15314 15997 595 gi|44 4029 4750
msp 455 s 777 80.0 1 693 gi|5 19404 20057 178 gi|20 15314 15937
msp 2414 s 306 74.8 -1 178 gi|20 15387 15966 508 gi|38 35441 36027
msp 2416 s 339 65.4 -1 178 gi|20 15425 16063 223 gi|22 35576 36216
msp 2418 s 420 81.4 -1 178 gi|20 15669 15926 483 gi|37 23359 23610
msp 2149 s 304 79.6 -1 140 gi|18 36465 36743 178 gi|20 15696 15972
msp 1755 s 326 76.1 -1 102 gi|16 17525 17721 178 gi|20 15725 15915
msp 2420 s 324 76.7 -1 178 gi|20 15751 15926 783 gi|54 27094 27274
msp 2422 s 258 73.0 -1 178 gi|20 15880 16005 827 gi|56 16221 16356
