index 18
frag gi|10 5578 5748
img_no 21
msp 1096 s 358 75.4 -1 18 gi|10 5578 5691 229 gi|23 3412 3529
msp 1098 s 530 83.8 1 18 gi|10 5596 5700 733 gi|51 37328 37436
msp 167 s 474 84.5 1 345 gi|3 16444 16546 18 gi|10 5598 5696
msp 1100 s 292 85.9 -1 18 gi|10 5601 5692 48 gi|12 7319 7429
msp 23 s 391 86.2 -1 3 gi|1 14257 14336 18 gi|10 5609 5687
msp 1102 s 431 86.7 -1 18 gi|10 5610 5699 37 gi|11 13770 13855
msp 1104 s 379 85.1 1 18 gi|10 5611 5677 211 gi|22 3888 3957
msp 107 s 504 87.9 -1 14 gi|1 34070 34160 18 gi|10 5612 5700
msp 1106 s 363 85.1 1 18 gi|10 5613 5679 700 gi|50 1683 1750
msp 237 s 355 80.5 1 530 gi|4 21357 21433 18 gi|10 5614 5695
msp 1108 s 375 86.3 1 18 gi|10 5615 5709 494 gi|38 2356 2448
msp 1110 s 424 87.2 -1 18 gi|10 5615 5700 133 gi|18 22652 22730
msp 1112 s 340 81.5 -1 18 gi|10 5615 5695 267 gi|25 11621 11704
msp 1118 s 263 75.9 1 18 gi|10 5616 5698 509 gi|38 38494 38577
msp 1114 s 344 82.3 -1 18 gi|10 5616 5694 360 gi|30 23493 23573
msp 1116 s 331 84.7 -1 18 gi|10 5616 5687 724 gi|51 18917 18991
msp 851 s 349 86.6 1 896 gi|7 22201 22267 18 gi|10 5616 5682
msp 1120 s 260 82.3 1 18 gi|10 5617 5695 461 gi|36 5913 5991
msp 1122 s 368 83.8 1 18 gi|10 5619 5748 795 gi|55 22269 22385
msp 1124 s 270 83.3 1 18 gi|10 5619 5666 794 gi|55 18810 18858
msp 1126 s 355 81.9 1 18 gi|10 5624 5695 587 gi|43 35436 35515
