index 182
frag gi|20 22759 23066
img_no 54
msp 2307 s 287 81.6 1 159 gi|19 32951 33232 182 gi|20 22759 23022
msp 1977 s 276 85.0 -1 116 gi|17 13337 13483 182 gi|20 22789 22961
msp 2430 s 351 81.9 1 182 gi|20 22797 23022 628 gi|45 39244 39464
msp 2432 s 273 86.7 1 182 gi|20 22861 22965 749 gi|52 28085 28179
msp 2434 s 250 82.6 -1 182 gi|20 22868 23022 762 gi|53 13056 13190
msp 2436 s 356 84.4 1 182 gi|20 22882 23022 853 gi|58 39511 39655
msp 2438 s 428 84.2 -1 182 gi|20 22896 23022 609 gi|44 27201 27317
msp 2440 s 254 85.0 -1 182 gi|20 22896 22975 400 gi|32 14427 14498
msp 1517 s 253 87.3 -1 74 gi|14 19330 19392 182 gi|20 22897 22960
msp 2355 s 436 84.0 -1 159 gi|19 33113 33237 182 gi|20 22901 23022
msp 2442 s 277 86.4 -1 182 gi|20 22901 22959 562 gi|41 32199 32251
msp 2444 s 274 84.5 1 182 gi|20 22903 22999 746 gi|52 21305 21410
msp 2446 s 426 82.3 -1 182 gi|20 22904 23022 853 gi|58 39545 39657
msp 2448 s 260 94.0 -1 182 gi|20 22904 22986 775 gi|54 9545 9617
msp 777 s 379 82.6 -1 876 gi|6 36036 36150 182 gi|20 22905 23022
msp 2450 s 392 91.5 1 182 gi|20 22906 23022 609 gi|44 27201 27310
msp 2452 s 446 87.2 -1 182 gi|20 22906 23022 628 gi|45 39350 39464
msp 2454 s 374 87.2 1 182 gi|20 22906 23022 300 gi|28 3044 3155
msp 775 s 424 89.5 1 876 gi|6 36036 36149 182 gi|20 22906 23022
msp 2456 s 257 86.8 -1 182 gi|20 22906 23019 222 gi|22 31616 31721
msp 347 s 267 89.6 1 532 gi|4 24935 24982 182 gi|20 22906 22959
msp 2458 s 251 90.6 -1 182 gi|20 22906 22958 564 gi|42 11795 11842
msp 2462 s 438 85.7 -1 182 gi|20 22927 23066 300 gi|28 3005 3143
msp 2460 s 257 81.5 -1 182 gi|20 22927 23007 625 gi|45 32521 32606
msp 2464 s 258 83.9 -1 182 gi|20 22936 23022 746 gi|52 21308 21397
msp 1295 s 323 87.1 1 48 gi|12 7302 7371 182 gi|20 22942 23022
msp 2466 s 398 90.7 1 182 gi|20 22948 23022 775 gi|54 9545 9615
msp 2468 s 359 83.6 -1 182 gi|20 22950 23022 327 gi|29 8260 8332
msp 2470 s 262 82.1 -1 182 gi|20 22956 23022 212 gi|22 5775 5836
msp 2472 s 399 84.4 1 182 gi|20 22959 23022 400 gi|32 14427 14490
msp 2474 s 254 85.5 -1 182 gi|20 22961 23022 774 gi|54 7966 8031
msp 2476 s 269 79.0 1 182 gi|20 22962 23042 672 gi|49 15259 15338
msp 2478 s 273 81.7 -1 182 gi|20 22964 23023 592 gi|44 1670 1726
msp 2480 s 287 88.9 -1 182 gi|20 22969 23022 749 gi|52 28126 28179
msp 1711 s 343 92.7 -1 98 gi|16 3196 3250 182 gi|20 22970 23022
msp 2482 s 300 88.7 1 182 gi|20 22970 23022 567 gi|42 15820 15874
msp 535 s 254 91.1 1 862 gi|6 3750 3805 182 gi|20 22970 23022
msp 1375 s 297 86.8 -1 51 gi|12 20068 20120 182 gi|20 22971 23022
msp 1513 s 250 92.6 1 74 gi|14 19329 19382 182 gi|20 22973 23022
msp 1985 s 271 83.7 1 116 gi|17 13338 13386 182 gi|20 22974 23022
msp 2191 s 282 83.7 -1 142 gi|19 1634 1682 182 gi|20 22974 23022
msp 2484 s 259 89.8 1 182 gi|20 22974 23022 222 gi|22 31673 31721
msp 1453 s 283 93.0 -1 60 gi|12 39625 39681 182 gi|20 22975 23038
msp 345 s 316 85.4 -1 532 gi|4 24935 24982 182 gi|20 22975 23022
msp 2486 s 255 85.1 1 182 gi|20 22976 23022 563 gi|41 34625 34671
msp 2488 s 273 89.4 -1 182 gi|20 22976 23022 711 gi|50 31990 32037
msp 2490 s 362 95.7 1 182 gi|20 22976 23022 668 gi|49 2504 2550
msp 2492 s 259 95.7 1 182 gi|20 22976 23022 667 gi|49 1510 1558
msp 2494 s 281 87.2 1 182 gi|20 22976 23022 266 gi|25 9585 9631
msp 1073 s 272 89.6 -1 918 gi|8 31824 31871 182 gi|20 22977 23022
msp 2147 s 280 93.9 -1 138 gi|18 29296 29344 182 gi|20 22977 23022
msp 2496 s 269 91.3 -1 182 gi|20 22977 23022 562 gi|41 32226 32272
msp 2498 s 287 93.5 1 182 gi|20 22977 23022 398 gi|32 11277 11324
msp 2500 s 290 87.0 -1 182 gi|20 22977 23022 385 gi|31 32067 32112
