index 184
frag gi|20 30403 30647
img_no 36
msp 2313 s 308 87.5 1 159 gi|19 33033 33232 184 gi|20 30403 30587
msp 261 s 251 75.3 1 532 gi|4 24894 24978 184 gi|20 30427 30506
msp 2502 s 265 77.9 -1 184 gi|20 30436 30589 672 gi|49 15152 15353
msp 2504 s 306 85.9 1 184 gi|20 30441 30589 628 gi|45 39329 39466
msp 2506 s 309 83.3 1 184 gi|20 30456 30611 300 gi|28 3038 3174
msp 2508 s 258 83.0 1 184 gi|20 30459 30587 583 gi|43 21735 21844
msp 2510 s 271 91.3 1 184 gi|20 30462 30587 609 gi|44 27199 27310
msp 2512 s 398 88.9 1 184 gi|20 30462 30587 853 gi|58 39543 39655
msp 2514 s 267 93.3 -1 184 gi|20 30462 30506 400 gi|32 14447 14492
msp 2516 s 257 84.4 -1 184 gi|20 30462 30506 567 gi|42 15831 15876
msp 723 s 309 87.3 -1 876 gi|6 36033 36150 184 gi|20 30463 30590
msp 2518 s 307 92.9 -1 184 gi|20 30463 30518 665 gi|48 33421 33475
msp 2522 s 255 85.3 -1 184 gi|20 30464 30647 853 gi|58 39473 39655
msp 2520 s 258 92.7 -1 184 gi|20 30464 30587 628 gi|45 39350 39464
msp 2524 s 262 83.2 1 184 gi|20 30478 30596 458 gi|35 33924 34028
msp 2526 s 268 90.0 -1 184 gi|20 30528 30587 327 gi|29 8260 8318
msp 2528 s 273 84.5 1 184 gi|20 30531 30588 701 gi|50 1948 2005
msp 2530 s 267 89.1 -1 184 gi|20 30533 30587 567 gi|42 15891 15950
msp 2534 s 290 85.0 -1 184 gi|20 30535 30594 681 gi|49 32846 32906
msp 2536 s 285 88.3 1 184 gi|20 30535 30594 796 gi|55 22476 22538
msp 2532 s 267 83.0 1 184 gi|20 30535 30587 492 gi|37 39715 39765
msp 2542 s 252 80.0 1 184 gi|20 30539 30598 516 gi|39 21298 21361
msp 2538 s 333 90.2 1 184 gi|20 30539 30589 224 gi|22 36471 36523
msp 2540 s 276 94.1 1 184 gi|20 30539 30589 222 gi|22 31667 31723
msp 1635 s 297 83.3 1 91 gi|15 21063 21110 184 gi|20 30541 30588
msp 2544 s 295 83.3 1 184 gi|20 30541 30588 672 gi|49 15275 15322
msp 2552 s 251 84.9 1 184 gi|20 30542 30594 634 gi|46 29052 29110
msp 2550 s 363 95.8 1 184 gi|20 30542 30589 665 gi|48 33428 33476
msp 2546 s 301 89.4 -1 184 gi|20 30542 30588 746 gi|52 21307 21357
msp 2548 s 276 91.5 -1 184 gi|20 30542 30588 486 gi|37 28170 28218
msp 2562 s 281 88.9 1 184 gi|20 30545 30616 266 gi|25 9588 9662
msp 2558 s 262 87.1 1 184 gi|20 30545 30606 562 gi|41 32203 32259
msp 2560 s 281 95.5 -1 184 gi|20 30545 30588 212 gi|22 5774 5818
msp 2035 s 307 95.5 1 116 gi|17 13343 13386 184 gi|20 30545 30587
msp 2554 s 275 100.0 -1 184 gi|20 30545 30587 749 gi|52 28126 28170
msp 2556 s 266 88.4 1 184 gi|20 30545 30587 563 gi|41 34628 34671
