index 197
frag gi|21 17848 18191
img_no 8
msp 2600 s 335 79.8 1 197 gi|21 17848 18173 413 gi|33 4833 5143
msp 873 s 359 79.4 1 900 gi|7 25487 25675 197 gi|21 17988 18181
msp 1087 s 451 77.0 1 16 gi|10 2663 2827 197 gi|21 18009 18173
msp 1091 s 366 82.4 -1 16 gi|10 2664 2828 197 gi|21 18009 18173
msp 881 s 416 78.7 -1 900 gi|7 25508 25671 197 gi|21 18009 18172
msp 2602 s 473 77.3 -1 197 gi|21 18010 18172 413 gi|33 4979 5143
msp 2604 s 301 76.1 -1 197 gi|21 18012 18174 717 gi|51 1647 1810
msp 1765 s 270 83.0 1 105 gi|16 24229 24281 197 gi|21 18142 18191
