index 199
frag gi|21 19618 19936
img_no 15
msp 1917 s 401 82.3 -1 114 gi|17 7024 7176 199 gi|21 19618 19757
msp 2608 s 355 80.7 -1 199 gi|21 19630 19784 375 gi|31 11653 11815
msp 2610 s 321 77.6 -1 199 gi|21 19645 19796 209 gi|22 2109 2255
msp 2612 s 276 86.5 1 199 gi|21 19647 19698 341 gi|29 28244 28294
msp 2614 s 321 81.3 -1 199 gi|21 19651 19757 290 gi|27 5088 5200
msp 633 s 376 75.0 1 869 gi|6 21939 22038 199 gi|21 19652 19754
msp 1919 s 325 82.9 1 114 gi|17 7024 7134 199 gi|21 19653 19762
msp 1209 s 317 81.0 1 32 gi|11 4539 4654 199 gi|21 19653 19757
msp 2616 s 350 85.7 1 199 gi|21 19653 19757 583 gi|43 21740 21844
msp 2618 s 309 79.8 -1 199 gi|21 19653 19756 300 gi|28 3048 3155
msp 2620 s 297 77.7 1 199 gi|21 19656 19758 423 gi|33 24046 24147
msp 2622 s 358 85.9 1 199 gi|21 19666 19757 625 gi|45 32522 32618
msp 2624 s 283 87.3 -1 199 gi|21 19679 19757 728 gi|51 24381 24454
msp 1191 s 294 79.8 1 30 gi|11 3692 3924 199 gi|21 19695 19936
msp 69 s 257 79.5 1 12 gi|1 33284 33361 199 gi|21 19710 19791
