index 201
frag gi|21 22279 22597
img_no 32
msp 2628 s 335 80.4 1 201 gi|21 22279 22467 290 gi|27 5003 5198
msp 2632 s 324 79.8 1 201 gi|21 22339 22467 209 gi|22 2127 2247
msp 2630 s 347 83.8 1 201 gi|21 22339 22412 380 gi|31 19705 19777
msp 2634 s 330 89.5 1 201 gi|21 22349 22405 254 gi|24 28721 28777
msp 2636 s 552 87.5 -1 201 gi|21 22350 22469 300 gi|28 3042 3167
msp 2638 s 359 81.9 -1 201 gi|21 22351 22488 423 gi|33 24031 24154
msp 2640 s 330 85.0 1 201 gi|21 22351 22470 592 gi|44 1661 1775
msp 2642 s 284 80.8 1 201 gi|21 22353 22404 225 gi|22 37728 37779
msp 2644 s 280 91.3 1 201 gi|21 22354 22399 672 gi|49 15145 15196
msp 2648 s 296 78.8 -1 201 gi|21 22355 22581 209 gi|22 2024 2251
msp 2646 s 263 75.4 1 201 gi|21 22355 22411 373 gi|31 8766 8823
msp 2650 s 474 83.8 1 201 gi|21 22356 22565 458 gi|35 33910 34103
msp 1899 s 482 85.0 -1 114 gi|17 7020 7132 201 gi|21 22356 22471
msp 1903 s 381 88.9 1 114 gi|17 7022 7129 201 gi|21 22357 22467
msp 2652 s 324 82.0 -1 201 gi|21 22357 22467 592 gi|44 1671 1774
msp 2654 s 447 86.5 -1 201 gi|21 22358 22468 583 gi|43 21739 21845
msp 2656 s 545 88.2 -1 201 gi|21 22358 22467 290 gi|27 5088 5199
msp 2658 s 383 91.2 -1 201 gi|21 22358 22459 625 gi|45 32517 32619
msp 2660 s 382 93.8 1 201 gi|21 22358 22405 341 gi|29 28248 28295
msp 2662 s 252 85.4 -1 201 gi|21 22358 22405 372 gi|31 8629 8674
msp 645 s 586 79.7 1 869 gi|6 21940 22180 201 gi|21 22359 22597
msp 2672 s 351 82.6 -1 201 gi|21 22359 22473 375 gi|31 11685 11791
msp 2664 s 623 92.0 1 201 gi|21 22359 22470 583 gi|43 21740 21848
msp 2666 s 292 80.0 1 201 gi|21 22359 22468 300 gi|28 3044 3156
msp 2674 s 311 80.9 1 201 gi|21 22359 22468 609 gi|44 27201 27311
msp 2668 s 359 87.2 -1 201 gi|21 22359 22467 458 gi|35 33913 34020
msp 647 s 302 77.5 -1 869 gi|6 21940 22041 201 gi|21 22359 22467
msp 2670 s 267 93.6 -1 201 gi|21 22359 22405 320 gi|29 466 510
msp 2676 s 265 80.6 1 201 gi|21 22360 22467 384 gi|31 28020 28120
msp 2678 s 306 77.4 1 201 gi|21 22362 22467 423 gi|33 24046 24146
msp 2680 s 350 86.1 1 201 gi|21 22367 22467 625 gi|45 32517 32618
msp 1019 s 266 95.5 -1 913 gi|8 14814 14857 201 gi|21 22422 22467
