index 209
frag gi|22 2024 2292
img_no 17
msp 2649 s 296 78.8 -1 201 gi|21 22355 22581 209 gi|22 2024 2251
msp 2758 s 316 82.0 1 209 gi|22 2058 2268 375 gi|31 11609 11806
msp 2611 s 321 77.6 -1 199 gi|21 19645 19796 209 gi|22 2109 2255
msp 2633 s 324 79.8 1 201 gi|21 22339 22467 209 gi|22 2127 2247
msp 2760 s 309 83.5 1 209 gi|22 2129 2219 728 gi|51 24357 24455
msp 1889 s 365 82.6 1 114 gi|17 7011 7131 209 gi|22 2135 2249
msp 2762 s 390 81.0 1 209 gi|22 2143 2247 290 gi|27 5083 5198
msp 639 s 291 78.3 -1 869 gi|6 21939 22044 209 gi|22 2144 2248
msp 2766 s 325 80.7 -1 209 gi|22 2148 2256 625 gi|45 32499 32618
msp 2768 s 396 82.7 -1 209 gi|22 2148 2251 583 gi|43 21734 21844
msp 2764 s 282 73.8 1 209 gi|22 2148 2250 458 gi|35 33913 34023
msp 2770 s 367 85.0 1 209 gi|22 2148 2247 583 gi|43 21740 21844
msp 2772 s 281 81.7 1 209 gi|22 2148 2207 247 gi|24 11404 11466
msp 2776 s 310 79.9 1 209 gi|22 2149 2292 384 gi|31 28020 28161
msp 2774 s 294 78.8 1 209 gi|22 2149 2247 300 gi|28 3048 3155
msp 2778 s 265 80.4 1 209 gi|22 2150 2251 423 gi|33 24045 24150
msp 2780 s 251 79.3 -1 209 gi|22 2180 2266 341 gi|29 28227 28324
