index 223
frag gi|22 35576 36254
img_no 12
msp 2417 s 339 65.4 -1 178 gi|20 15425 16063 223 gi|22 35576 36216
msp 2954 s 279 75.2 1 223 gi|22 35601 35930 483 gi|37 23227 23577
msp 591 s 261 74.9 -1 865 gi|6 7403 7808 223 gi|22 35609 35997
msp 1943 s 345 75.1 -1 115 gi|17 8390 8686 223 gi|22 35630 35935
msp 2956 s 277 74.1 -1 223 gi|22 35637 35926 560 gi|41 29190 29467
msp 2958 s 279 74.3 -1 223 gi|22 35661 36007 275 gi|25 32231 32569
msp 2960 s 265 77.5 1 223 gi|22 35669 35757 508 gi|38 35429 35517
msp 2962 s 303 74.3 1 223 gi|22 35672 35928 841 gi|58 303 559
msp 2964 s 314 82.5 -1 223 gi|22 35698 35760 394 gi|32 6708 6772
msp 2966 s 255 81.3 1 223 gi|22 35705 35891 608 gi|44 26516 26705
msp 2968 s 293 74.4 1 223 gi|22 35726 35936 595 gi|44 4105 4350
msp 2970 s 273 81.3 1 223 gi|22 36148 36254 547 gi|40 29398 29501
