index 235
frag gi|23 17877 18061
img_no 10
msp 2043 s 339 79.7 1 118 gi|17 15000 15058 235 gi|23 17877 17935
msp 1747 s 323 80.4 -1 101 gi|16 17077 17132 235 gi|23 17880 17935
msp 3058 s 295 77.1 1 235 gi|23 17883 18061 811 gi|56 1875 2053
msp 3060 s 259 78.6 1 235 gi|23 17920 18022 817 gi|56 3432 3539
msp 3062 s 284 86.1 1 235 gi|23 17944 18022 739 gi|52 13435 13514
msp 3064 s 271 79.2 1 235 gi|23 17947 18023 812 gi|56 2107 2184
msp 2251 s 267 82.1 1 152 gi|19 20423 20489 235 gi|23 17949 18015
msp 2889 s 591 98.4 1 219 gi|22 24513 24576 235 gi|23 17957 18020
msp 1445 s 250 74.1 -1 59 gi|12 37024 37077 235 gi|23 17957 18010
msp 3066 s 254 74.1 1 235 gi|23 17957 18010 624 gi|45 31171 31224
