index 242
frag gi|23 34190 34678
img_no 7
msp 2591 s 271 76.3 1 195 gi|21 14336 14618 242 gi|23 34190 34480
msp 1007 s 358 79.6 -1 910 gi|8 5218 5638 242 gi|23 34236 34614
msp 3086 s 448 82.5 -1 242 gi|23 34245 34678 584 gi|43 27939 28366
msp 2593 s 271 80.0 1 195 gi|21 14352 14706 242 gi|23 34281 34614
msp 3088 s 323 78.4 -1 242 gi|23 34317 34520 584 gi|43 28190 28381
msp 2589 s 267 80.3 1 194 gi|21 14030 14156 242 gi|23 34364 34469
msp 1009 s 328 76.4 -1 910 gi|8 5357 5631 242 gi|23 34378 34622
