index 267
frag gi|25 11531 11705
img_no 21
msp 3317 s 411 81.6 -1 255 gi|24 29623 29758 267 gi|25 11531 11664
msp 1187 s 301 85.3 -1 29 gi|10 35142 35209 267 gi|25 11531 11597
msp 3178 s 322 91.8 1 267 gi|25 11535 11583 844 gi|58 13811 13859
msp 3273 s 302 98.1 1 249 gi|24 19920 19971 267 gi|25 11535 11580
msp 1539 s 261 95.9 -1 79 gi|15 3029 3077 267 gi|25 11535 11577
msp 3180 s 251 95.0 1 267 gi|25 11536 11575 597 gi|44 7351 7388
msp 3182 s 282 77.0 -1 267 gi|25 11562 11687 461 gi|36 5920 6051
msp 3184 s 420 82.7 -1 267 gi|25 11602 11705 494 gi|38 2355 2461
msp 1261 s 304 77.8 1 37 gi|11 13759 13848 267 gi|25 11605 11704
msp 105 s 355 78.8 1 14 gi|1 34057 34155 267 gi|25 11606 11700
msp 179 s 364 81.0 -1 345 gi|3 16463 16557 267 gi|25 11612 11705
msp 3186 s 351 78.7 -1 267 gi|25 11612 11705 733 gi|51 37348 37443
msp 1153 s 375 82.1 -1 25 gi|10 23589 23672 267 gi|25 11620 11705
msp 1113 s 340 81.5 -1 18 gi|10 5615 5695 267 gi|25 11621 11704
msp 3188 s 276 82.9 -1 267 gi|25 11622 11697 587 gi|43 35434 35504
msp 849 s 391 77.8 -1 896 gi|7 22199 22279 267 gi|25 11624 11705
msp 3190 s 288 75.0 1 267 gi|25 11624 11703 360 gi|30 23495 23573
msp 3192 s 280 81.5 -1 267 gi|25 11628 11692 700 gi|50 1693 1757
msp 2793 s 397 90.8 -1 211 gi|22 3892 3956 267 gi|25 11641 11704
msp 3194 s 378 82.8 1 267 gi|25 11642 11705 724 gi|51 18929 18993
msp 29 s 318 85.0 1 3 gi|1 14269 14328 267 gi|25 11642 11703
