index 288
frag gi|26 30714 33413
img_no 7
msp 3786 s 1395 77.5 -1 288 gi|26 30714 32979 772 gi|53 37726 39902
msp 2717 s 1354 76.7 1 61 gi|13 11878 14056 288 gi|26 30717 32979
msp 3788 s 1484 77.9 1 288 gi|26 30798 32979 883 gi|60 28992 31085
msp 3790 s 23606 99.9 1 288 gi|26 30813 33413 822 gi|56 6009 8607
msp 3792 s 23593 100.0 -1 288 gi|26 30814 33403 640 gi|47 290 2879
msp 2287 s 1313 77.0 1 155 gi|19 22481 24514 288 gi|26 30874 32979
msp 3794 s 307 87.7 1 288 gi|26 33339 33403 658 gi|48 250 310
