index 290
frag gi|27 5003 5220
img_no 30
msp 2629 s 335 80.4 1 201 gi|21 22279 22467 290 gi|27 5003 5198
msp 3332 s 432 79.3 -1 290 gi|27 5038 5206 458 gi|35 33907 34083
msp 3334 s 312 80.6 -1 290 gi|27 5064 5197 628 gi|45 39356 39490
msp 3336 s 310 85.5 -1 290 gi|27 5068 5198 375 gi|31 11691 11808
msp 3338 s 599 85.0 -1 290 gi|27 5070 5202 583 gi|43 21736 21859
msp 3340 s 378 81.8 1 290 gi|27 5075 5200 384 gi|31 28005 28122
msp 3342 s 427 80.3 1 290 gi|27 5079 5220 300 gi|28 3037 3176
msp 3344 s 407 82.9 1 290 gi|27 5081 5203 375 gi|31 11686 11796
msp 1905 s 317 82.8 -1 114 gi|17 7023 7138 290 gi|27 5083 5199
msp 3346 s 518 88.9 1 290 gi|27 5083 5199 583 gi|43 21735 21845
msp 2763 s 390 81.0 1 209 gi|22 2143 2247 290 gi|27 5083 5198
msp 3348 s 361 87.8 1 290 gi|27 5084 5198 458 gi|35 33906 34020
msp 3350 s 250 79.0 -1 290 gi|27 5084 5197 384 gi|31 28020 28123
msp 3352 s 286 81.7 1 290 gi|27 5085 5199 592 gi|44 1668 1773
msp 653 s 459 81.7 -1 869 gi|6 21940 22043 290 gi|27 5086 5198
msp 1921 s 397 83.0 1 114 gi|17 7024 7135 290 gi|27 5088 5203
msp 2615 s 321 81.3 -1 199 gi|21 19651 19757 290 gi|27 5088 5200
msp 2657 s 545 88.2 -1 201 gi|21 22358 22467 290 gi|27 5088 5199
msp 3354 s 322 88.3 -1 290 gi|27 5088 5198 300 gi|28 3044 3155
msp 655 s 292 84.3 1 869 gi|6 21940 22041 290 gi|27 5088 5198
msp 3360 s 320 78.7 -1 290 gi|27 5088 5195 423 gi|33 24046 24146
msp 3362 s 340 84.5 -1 290 gi|27 5088 5190 625 gi|45 32517 32618
msp 3358 s 254 85.7 -1 290 gi|27 5088 5157 320 gi|29 441 510
msp 3356 s 265 89.8 1 290 gi|27 5088 5136 341 gi|29 28249 28296
msp 3364 s 293 85.7 1 290 gi|27 5088 5136 353 gi|30 7129 7177
msp 3366 s 355 78.7 1 290 gi|27 5091 5198 423 gi|33 24046 24146
msp 3368 s 292 86.5 1 290 gi|27 5096 5199 625 gi|45 32517 32619
msp 3370 s 361 92.7 -1 290 gi|27 5145 5199 341 gi|29 28248 28300
msp 3372 s 256 84.2 1 290 gi|27 5146 5202 372 gi|31 8624 8677
msp 3374 s 252 85.7 -1 290 gi|27 5150 5205 353 gi|30 7122 7177
