index 292
frag gi|27 10160 10593
img_no 14
msp 3376 s 310 82.1 1 292 gi|27 10160 10566 516 gi|39 20959 21353
msp 3378 s 274 79.2 1 292 gi|27 10468 10563 701 gi|50 1902 2005
msp 3380 s 327 83.3 1 292 gi|27 10469 10570 672 gi|49 15231 15329
msp 3261 s 273 83.1 1 249 gi|24 19841 19911 292 gi|27 10488 10563
msp 3382 s 364 87.5 1 292 gi|27 10493 10564 796 gi|55 22457 22533
msp 3384 s 292 89.7 -1 292 gi|27 10498 10565 497 gi|38 6365 6432
msp 2975 s 259 87.7 1 224 gi|22 36460 36524 292 gi|27 10504 10565
msp 3386 s 250 89.8 -1 292 gi|27 10504 10562 408 gi|32 29661 29720
msp 3388 s 323 88.5 -1 292 gi|27 10509 10569 681 gi|49 32847 32908
msp 2709 s 317 81.8 1 207 gi|21 38633 38698 292 gi|27 10516 10580
msp 3390 s 275 80.4 1 292 gi|27 10516 10566 416 gi|33 7566 7617
msp 1233 s 354 88.0 1 32 gi|11 4608 4657 292 gi|27 10516 10565
msp 1645 s 282 91.7 1 91 gi|15 21063 21110 292 gi|27 10516 10563
msp 3392 s 258 69.3 1 292 gi|27 10519 10593 634 gi|46 29056 29131
