index 3
frag gi|1 14220 14366
img_no 13
msp 4 s 535 86.4 1 3 gi|1 14220 14366 724 gi|51 18881 19022
msp 6 s 313 80.8 -1 3 gi|1 14246 14323 700 gi|50 1689 1767
msp 8 s 364 89.4 -1 3 gi|1 14249 14333 896 gi|7 22197 22271
msp 10 s 453 85.2 -1 3 gi|1 14252 14332 211 gi|22 3889 3972
msp 18 s 317 82.1 -1 3 gi|1 14254 14337 494 gi|38 2347 2436
msp 12 s 416 82.9 -1 3 gi|1 14254 14329 345 gi|3 16464 16539
msp 16 s 362 80.3 -1 3 gi|1 14254 14329 509 gi|38 38493 38568
msp 14 s 325 80.0 1 3 gi|1 14254 14328 360 gi|30 23498 23573
msp 22 s 391 86.2 -1 3 gi|1 14257 14336 18 gi|10 5609 5687
msp 24 s 347 83.3 -1 3 gi|1 14257 14334 733 gi|51 37344 37424
msp 20 s 395 84.4 -1 3 gi|1 14257 14333 25 gi|10 23587 23663
msp 26 s 252 82.9 -1 3 gi|1 14257 14332 795 gi|55 22260 22332
msp 28 s 318 85.0 1 3 gi|1 14269 14328 267 gi|25 11642 11703
