index 300
frag gi|28 2956 3269
img_no 64
msp 3572 s 325 80.7 -1 300 gi|28 2956 3147 625 gi|45 32517 32697
msp 3574 s 276 76.1 1 300 gi|28 2976 3159 384 gi|31 27942 28127
msp 2463 s 438 85.7 -1 182 gi|20 22927 23066 300 gi|28 3005 3143
msp 1451 s 283 86.8 1 60 gi|12 39616 39683 300 gi|28 3022 3093
msp 3576 s 366 89.7 -1 300 gi|28 3022 3089 567 gi|42 15829 15895
msp 713 s 383 80.2 1 876 gi|6 36016 36131 300 gi|28 3027 3146
msp 3578 s 489 87.6 -1 300 gi|28 3032 3160 583 gi|43 21736 21856
msp 661 s 434 77.7 -1 869 gi|6 21940 22051 300 gi|28 3033 3155
msp 3343 s 427 80.3 1 290 gi|27 5079 5220 300 gi|28 3037 3176
msp 2507 s 309 83.3 1 184 gi|20 30456 30611 300 gi|28 3038 3174
msp 3580 s 379 87.0 1 300 gi|28 3039 3161 375 gi|31 11686 11796
msp 3582 s 297 85.5 -1 300 gi|28 3039 3155 458 gi|35 33913 34025
msp 2311 s 263 79.2 -1 159 gi|19 33001 33236 300 gi|28 3040 3269
msp 3584 s 304 85.3 1 300 gi|28 3040 3155 583 gi|43 21736 21844
msp 3586 s 278 87.9 -1 300 gi|28 3040 3097 762 gi|53 13098 13154
msp 2637 s 552 87.5 -1 201 gi|21 22350 22469 300 gi|28 3042 3167
msp 3590 s 295 82.0 -1 300 gi|28 3042 3158 628 gi|45 39347 39466
msp 3588 s 394 90.9 -1 300 gi|28 3042 3096 668 gi|49 2498 2552
msp 2917 s 329 95.9 -1 222 gi|22 31675 31723 300 gi|28 3042 3090
msp 3596 s 466 85.2 -1 300 gi|28 3043 3164 853 gi|58 39536 39656
msp 2353 s 458 85.4 1 159 gi|19 33112 33241 300 gi|28 3043 3163
msp 3598 s 300 82.9 1 300 gi|28 3043 3159 853 gi|58 39544 39659
msp 3602 s 325 83.8 1 300 gi|28 3043 3159 609 gi|44 27200 27314
msp 3618 s 268 81.2 1 300 gi|28 3043 3159 628 gi|45 39349 39468
msp 3600 s 513 86.2 -1 300 gi|28 3043 3158 609 gi|44 27198 27311
msp 1961 s 307 86.7 -1 116 gi|17 13298 13387 300 gi|28 3043 3136
msp 3606 s 391 88.5 -1 300 gi|28 3043 3120 775 gi|54 9545 9616
msp 3612 s 320 90.2 -1 300 gi|28 3043 3103 564 gi|42 11782 11843
msp 1371 s 318 86.9 1 51 gi|12 20067 20127 300 gi|28 3043 3102
msp 3594 s 312 87.7 1 300 gi|28 3043 3099 749 gi|52 28125 28182
msp 3608 s 319 86.8 1 300 gi|28 3043 3095 786 gi|54 37473 37526
msp 2145 s 267 87.0 1 138 gi|18 29295 29348 300 gi|28 3043 3093
msp 1853 s 251 91.8 1 109 gi|16 34681 34729 300 gi|28 3043 3092
msp 1067 s 260 86.3 1 918 gi|8 31823 31873 300 gi|28 3043 3091
msp 3592 s 343 87.8 1 300 gi|28 3043 3091 385 gi|31 32066 32114
msp 3604 s 291 89.8 -1 300 gi|28 3043 3091 398 gi|32 11275 11325
msp 3620 s 319 85.7 1 300 gi|28 3043 3091 327 gi|29 8259 8307
msp 2183 s 290 85.4 1 142 gi|19 1633 1680 300 gi|28 3043 3090
msp 337 s 333 87.5 1 532 gi|4 24934 24981 300 gi|28 3043 3090
msp 3610 s 278 93.8 1 300 gi|28 3043 3090 774 gi|54 7965 8014
msp 3163 s 304 87.2 -1 266 gi|25 9586 9632 300 gi|28 3043 3089
msp 3614 s 273 91.5 1 300 gi|28 3043 3089 567 gi|42 15890 15936
msp 3616 s 281 91.5 -1 300 gi|28 3043 3089 563 gi|41 34626 34672
msp 3622 s 281 87.2 1 300 gi|28 3043 3089 711 gi|50 31989 32036
msp 561 s 277 98.0 -1 862 gi|6 3758 3806 300 gi|28 3043 3089
msp 1883 s 320 79.4 -1 114 gi|17 6989 7129 300 gi|28 3044 3198
msp 3626 s 264 77.2 -1 300 gi|28 3044 3166 423 gi|33 24032 24146
msp 1925 s 358 79.5 1 114 gi|17 7024 7135 300 gi|28 3044 3161
msp 2667 s 292 80.0 1 201 gi|21 22359 22468 300 gi|28 3044 3156
msp 2455 s 374 87.2 1 182 gi|20 22906 23022 300 gi|28 3044 3155
msp 3355 s 322 88.3 -1 290 gi|27 5088 5198 300 gi|28 3044 3155
msp 1297 s 293 87.1 -1 48 gi|12 7302 7371 300 gi|28 3044 3116
msp 1717 s 283 89.1 1 98 gi|16 3196 3250 300 gi|28 3044 3095
msp 3628 s 327 92.0 1 300 gi|28 3044 3093 562 gi|41 32226 32276
msp 2849 s 284 87.8 1 212 gi|22 5775 5823 300 gi|28 3044 3092
msp 3624 s 400 95.8 -1 300 gi|28 3044 3091 400 gi|32 14443 14490
msp 999 s 263 95.7 1 909 gi|8 692 737 300 gi|28 3044 3089
msp 3630 s 341 84.9 1 300 gi|28 3046 3164 423 gi|33 24044 24156
msp 3632 s 446 86.4 1 300 gi|28 3047 3156 458 gi|35 33914 34021
msp 2619 s 309 79.8 -1 199 gi|21 19653 19756 300 gi|28 3048 3155
msp 2775 s 294 78.8 1 209 gi|22 2149 2247 300 gi|28 3048 3155
msp 3634 s 272 87.6 1 300 gi|28 3059 3155 625 gi|45 32521 32618
msp 3303 s 271 84.1 -1 254 gi|24 28691 28778 300 gi|28 3108 3207
msp 3636 s 317 87.8 -1 300 gi|28 3110 3158 341 gi|29 28246 28294
