index 328
frag gi|29 8408 9844
img_no 12
msp 1657 s 12554 99.6 1 93 gi|15 31435 32870 328 gi|29 8408 9843
msp 3494 s 12561 99.6 1 328 gi|29 8415 9843 432 gi|34 10076 11503
msp 3496 s 8923 98.7 -1 328 gi|29 8417 9446 641 gi|47 2880 3909
msp 2293 s 2540 97.7 -1 156 gi|19 24877 25183 328 gi|29 8417 8726
msp 3498 s 12560 100.0 1 328 gi|29 8445 9844 613 gi|44 36752 38151
msp 2261 s 10055 100.0 -1 154 gi|19 21311 22433 328 gi|29 8721 9843
msp 3500 s 261 77.8 1 328 gi|29 8912 9757 392 gi|32 5239 6090
msp 3502 s 325 76.9 1 328 gi|29 8936 9737 721 gi|51 6824 7617
msp 3504 s 297 75.9 1 328 gi|29 9240 9703 395 gi|32 7319 7776
msp 3506 s 2561 96.4 -1 328 gi|29 9393 9728 639 gi|47 1 325
msp 3508 s 344 82.0 1 328 gi|29 9504 9703 511 gi|39 749 929
msp 3510 s 1051 100.0 -1 328 gi|29 9729 9843 807 gi|55 39886 40000
