index 331
frag gi|29 12349 12717
img_no 12
msp 3514 s 515 77.5 1 331 gi|29 12349 12539 357 gi|30 22905 23105
msp 3099 s 548 75.1 1 263 gi|25 1273 1621 331 gi|29 12352 12707
msp 1777 s 504 78.1 1 108 gi|16 31988 32297 331 gi|29 12377 12709
msp 3105 s 568 78.4 -1 263 gi|25 1319 1633 331 gi|29 12384 12707
msp 3516 s 638 76.7 1 331 gi|29 12391 12707 357 gi|30 22789 23105
msp 1781 s 287 85.1 -1 108 gi|16 32002 32048 331 gi|29 12391 12437
msp 3518 s 1361 75.5 -1 331 gi|29 12393 12710 357 gi|30 22788 23105
msp 1789 s 428 77.6 -1 108 gi|16 32003 32279 331 gi|29 12409 12707
msp 3520 s 273 77.2 -1 331 gi|29 12437 12550 357 gi|30 22781 22895
msp 3522 s 337 81.0 -1 331 gi|29 12613 12717 357 gi|30 22952 23053
msp 1791 s 266 77.4 -1 108 gi|16 32248 32300 331 gi|29 12659 12711
msp 1783 s 252 87.8 1 108 gi|16 32002 32050 331 gi|29 12663 12711
