index 337
frag gi|29 19543 20974
img_no 12
msp 1659 s 12523 99.0 1 93 gi|15 31437 32870 337 gi|29 19543 20973
msp 3526 s 12579 99.2 1 337 gi|29 19548 20973 432 gi|34 10078 11503
msp 3528 s 8910 99.6 -1 337 gi|29 19549 20576 641 gi|47 2880 3907
msp 3530 s 12568 100.0 1 337 gi|29 19574 20974 613 gi|44 36751 38151
msp 2295 s 2527 100.0 -1 156 gi|19 24877 25159 337 gi|29 19574 19856
msp 2263 s 10055 100.0 -1 154 gi|19 21311 22433 337 gi|29 19851 20973
msp 3532 s 261 77.8 1 337 gi|29 20042 20887 392 gi|32 5239 6090
msp 3534 s 325 76.9 1 337 gi|29 20066 20867 721 gi|51 6824 7617
msp 3536 s 297 75.9 1 337 gi|29 20370 20833 395 gi|32 7319 7776
msp 3538 s 2561 96.4 -1 337 gi|29 20523 20858 639 gi|47 1 325
msp 3540 s 344 82.0 1 337 gi|29 20634 20833 511 gi|39 749 929
msp 3542 s 1051 100.0 -1 337 gi|29 20859 20973 807 gi|55 39886 40000
