index 345
frag gi|3 16320 16642
img_no 25
msp 156 s 365 77.7 1 345 gi|3 16320 16525 700 gi|50 1530 1745
msp 158 s 465 79.8 -1 345 gi|3 16406 16539 724 gi|51 18914 19045
msp 160 s 501 81.2 -1 345 gi|3 16421 16611 465 gi|36 20327 20518
msp 162 s 542 81.0 1 345 gi|3 16424 16597 494 gi|38 2317 2499
msp 164 s 305 81.5 -1 345 gi|3 16440 16563 229 gi|23 3384 3512
msp 166 s 474 84.5 1 345 gi|3 16444 16546 18 gi|10 5598 5696
msp 168 s 707 81.0 1 345 gi|3 16448 16610 896 gi|7 22186 22347
msp 170 s 706 87.5 1 345 gi|3 16457 16616 733 gi|51 37342 37502
msp 172 s 411 82.5 1 345 gi|3 16460 16539 211 gi|22 3887 3970
msp 174 s 587 90.3 1 345 gi|3 16462 16585 25 gi|10 23588 23710
msp 180 s 345 77.8 1 345 gi|3 16463 16642 795 gi|55 22263 22453
msp 176 s 614 76.7 1 345 gi|3 16463 16612 509 gi|38 38492 38641
msp 178 s 364 81.0 -1 345 gi|3 16463 16557 267 gi|25 11612 11705
msp 87 s 803 85.1 -1 14 gi|1 34010 34157 345 gi|3 16464 16611
msp 13 s 416 82.9 -1 3 gi|1 14254 14329 345 gi|3 16464 16539
msp 182 s 760 87.2 -1 345 gi|3 16465 16613 360 gi|30 23427 23573
msp 184 s 405 82.2 -1 345 gi|3 16465 16610 133 gi|18 22591 22729
msp 186 s 252 74.5 1 345 gi|3 16465 16515 794 gi|55 18808 18858
msp 190 s 370 80.0 1 345 gi|3 16466 16610 530 gi|4 21360 21501
msp 188 s 307 84.3 1 345 gi|3 16466 16548 461 gi|36 5913 5992
msp 192 s 381 81.1 -1 345 gi|3 16468 16610 37 gi|11 13705 13845
msp 194 s 384 78.0 1 345 gi|3 16477 16576 587 gi|43 35440 35545
msp 196 s 330 82.3 -1 345 gi|3 16478 16601 87 gi|15 16550 16690
msp 198 s 269 79.2 -1 345 gi|3 16478 16525 738 gi|52 11454 11501
msp 200 s 328 72.9 1 345 gi|3 16493 16599 107 gi|16 30195 30301
