index 353
frag gi|30 7045 7221
img_no 8
msp 1881 s 277 82.3 1 114 gi|17 6953 7065 353 gi|30 7045 7175
msp 1763 s 256 86.9 1 104 gi|16 21329 21450 353 gi|30 7111 7221
msp 3375 s 252 85.7 -1 290 gi|27 5150 5205 353 gi|30 7122 7177
msp 3700 s 292 92.9 -1 353 gi|30 7123 7178 625 gi|45 32572 32628
msp 3702 s 272 83.6 -1 353 gi|30 7123 7177 583 gi|43 21799 21850
msp 3005 s 254 83.7 1 225 gi|22 37731 37779 353 gi|30 7126 7175
msp 3365 s 293 85.7 1 290 gi|27 5088 5136 353 gi|30 7129 7177
msp 3437 s 293 95.7 -1 320 gi|29 465 510 353 gi|30 7129 7177
