index 357
frag gi|30 22781 23106
img_no 9
msp 3521 s 273 77.2 -1 331 gi|29 12437 12550 357 gi|30 22781 22895
msp 3519 s 1361 75.5 -1 331 gi|29 12393 12710 357 gi|30 22788 23105
msp 1785 s 631 73.6 -1 108 gi|16 32003 32297 357 gi|30 22789 23105
msp 3517 s 638 76.7 1 331 gi|29 12391 12707 357 gi|30 22789 23105
msp 3101 s 525 76.0 -1 263 gi|25 1318 1621 357 gi|30 22791 23106
msp 3103 s 502 75.2 1 263 gi|25 1319 1621 357 gi|30 22791 23105
msp 1787 s 526 78.7 1 108 gi|16 32003 32279 357 gi|30 22791 23089
msp 3515 s 515 77.5 1 331 gi|29 12349 12539 357 gi|30 22905 23105
msp 3523 s 337 81.0 -1 331 gi|29 12613 12717 357 gi|30 22952 23053
