index 360
frag gi|30 23328 23591
img_no 22
msp 3720 s 534 80.5 -1 360 gi|30 23328 23578 494 gi|38 2351 2596
msp 835 s 706 82.2 -1 896 gi|7 22189 22368 360 gi|30 23397 23583
msp 79 s 694 85.0 1 14 gi|1 33995 34154 360 gi|30 23416 23570
msp 183 s 760 87.2 -1 345 gi|3 16465 16613 360 gi|30 23427 23573
msp 3722 s 564 82.3 -1 360 gi|30 23427 23573 733 gi|51 37350 37499
msp 3724 s 814 85.2 -1 360 gi|30 23428 23582 509 gi|38 38486 38641
msp 3726 s 551 83.4 1 360 gi|30 23429 23591 465 gi|36 20327 20492
msp 3027 s 256 77.2 1 229 gi|23 3354 3498 360 gi|30 23430 23577
msp 2117 s 280 78.7 1 133 gi|18 22589 22729 360 gi|30 23430 23573
msp 1255 s 383 83.9 1 37 gi|11 13703 13845 360 gi|30 23430 23570
msp 1157 s 707 85.7 -1 25 gi|10 23591 23730 360 gi|30 23440 23573
msp 3728 s 286 76.5 -1 360 gi|30 23451 23569 795 gi|55 22269 22383
msp 1567 s 311 83.3 1 87 gi|15 16577 16690 360 gi|30 23459 23559
msp 3730 s 258 81.7 -1 360 gi|30 23462 23543 587 gi|43 35457 35545
msp 3732 s 296 79.3 -1 360 gi|30 23467 23558 461 gi|36 5920 6024
msp 3734 s 273 87.0 -1 360 gi|30 23477 23545 731 gi|51 32185 32249
msp 2797 s 389 81.4 -1 211 gi|22 3893 3978 360 gi|30 23490 23573
msp 1115 s 344 82.3 -1 18 gi|10 5616 5694 360 gi|30 23493 23573
msp 3191 s 288 75.0 1 267 gi|25 11624 11703 360 gi|30 23495 23573
msp 3736 s 410 82.5 1 360 gi|30 23498 23577 724 gi|51 18914 18996
msp 15 s 325 80.0 1 3 gi|1 14254 14328 360 gi|30 23498 23573
msp 3738 s 351 90.4 -1 360 gi|30 23508 23559 700 gi|50 1698 1748
