index 369
frag gi|31 730 916
img_no 14
msp 3796 s 447 73.3 1 369 gi|31 730 849 778 gi|54 15009 15128
msp 3798 s 347 82.8 1 369 gi|31 734 820 596 gi|44 4810 4902
msp 3800 s 675 75.6 -1 369 gi|31 737 916 778 gi|54 14944 15123
msp 3802 s 606 77.1 -1 369 gi|31 737 876 778 gi|54 14924 15062
msp 3804 s 362 79.1 -1 369 gi|31 737 827 778 gi|54 14910 15001
msp 3806 s 689 74.4 1 369 gi|31 738 905 778 gi|54 14957 15123
msp 3808 s 468 82.9 -1 369 gi|31 748 870 596 gi|44 4789 4911
msp 3810 s 615 79.6 1 369 gi|31 766 907 778 gi|54 14924 15064
msp 3812 s 263 81.1 -1 369 gi|31 766 818 614 gi|44 38572 38623
msp 3814 s 270 82.2 1 369 gi|31 772 816 614 gi|44 38580 38624
msp 3816 s 281 80.0 1 369 gi|31 773 877 596 gi|44 4789 4898
msp 3818 s 323 72.9 -1 369 gi|31 798 915 778 gi|54 15008 15124
msp 3820 s 463 85.2 1 369 gi|31 827 907 778 gi|54 14923 15003
msp 3822 s 307 76.8 -1 369 gi|31 828 909 596 gi|44 4809 4897
