index 375
frag gi|31 11609 11819
img_no 17
msp 2759 s 316 82.0 1 209 gi|22 2058 2268 375 gi|31 11609 11806
msp 2609 s 355 80.7 -1 199 gi|21 19630 19784 375 gi|31 11653 11815
msp 3840 s 345 82.9 -1 375 gi|31 11673 11795 583 gi|43 21736 21858
msp 2673 s 351 82.6 -1 201 gi|21 22359 22473 375 gi|31 11685 11791
msp 3345 s 407 82.9 1 290 gi|27 5081 5203 375 gi|31 11686 11796
msp 3581 s 379 87.0 1 300 gi|28 3039 3161 375 gi|31 11686 11796
msp 3842 s 281 80.2 -1 375 gi|31 11686 11791 458 gi|35 33913 34025
msp 631 s 303 74.5 -1 869 gi|6 21937 22042 375 gi|31 11690 11794
msp 3844 s 287 80.4 1 375 gi|31 11690 11791 583 gi|43 21739 21844
msp 1923 s 361 85.5 1 114 gi|17 7024 7154 375 gi|31 11691 11819
msp 3337 s 310 85.5 -1 290 gi|27 5068 5198 375 gi|31 11691 11808
msp 3848 s 408 86.2 -1 375 gi|31 11691 11799 423 gi|33 24034 24146
msp 3850 s 307 86.1 1 375 gi|31 11691 11791 458 gi|35 33913 34020
msp 3846 s 346 91.2 -1 375 gi|31 11691 11781 625 gi|45 32520 32618
msp 3565 s 324 86.4 -1 341 gi|29 28249 28329 375 gi|31 11720 11791
msp 3309 s 284 89.6 -1 254 gi|24 28731 28778 375 gi|31 11745 11791
msp 3003 s 284 88.9 -1 225 gi|22 37726 37779 375 gi|31 11747 11801
