index 376
frag gi|31 14356 14475
img_no 10
msp 3852 s 251 77.2 -1 376 gi|31 14356 14456 778 gi|54 15044 15143
msp 3854 s 359 88.7 1 376 gi|31 14359 14455 614 gi|44 38524 38624
msp 3862 s 352 81.6 1 376 gi|31 14372 14469 596 gi|44 4808 4908
msp 3860 s 335 78.1 -1 376 gi|31 14372 14467 778 gi|54 14971 15067
msp 3856 s 482 81.3 -1 376 gi|31 14372 14462 778 gi|54 14916 15006
msp 3858 s 390 80.0 1 376 gi|31 14372 14456 778 gi|54 14951 15035
msp 3864 s 266 80.5 -1 376 gi|31 14372 14448 596 gi|44 4789 4870
msp 3866 s 305 81.2 1 376 gi|31 14377 14456 778 gi|54 15017 15096
msp 3868 s 297 76.1 -1 376 gi|31 14396 14462 614 gi|44 38567 38632
msp 3870 s 336 82.3 1 376 gi|31 14397 14475 778 gi|54 14915 14992
