index 379
frag gi|31 15608 15836
img_no 21
msp 3874 s 656 82.1 -1 379 gi|31 15608 15775 778 gi|54 14918 15074
msp 3876 s 409 81.7 -1 379 gi|31 15608 15716 778 gi|54 14916 15013
msp 3878 s 381 78.8 1 379 gi|31 15619 15769 596 gi|44 4742 4897
msp 3882 s 814 77.5 -1 379 gi|31 15627 15830 778 gi|54 14924 15127
msp 3880 s 843 80.3 1 379 gi|31 15627 15799 778 gi|54 14952 15124
msp 3884 s 528 80.2 1 379 gi|31 15627 15737 778 gi|54 15013 15123
msp 3888 s 337 82.7 1 379 gi|31 15627 15707 596 gi|44 4809 4896
msp 3890 s 291 81.6 -1 379 gi|31 15627 15702 596 gi|44 4789 4869
msp 3886 s 283 88.2 1 379 gi|31 15627 15677 778 gi|54 15074 15124
msp 3892 s 339 87.7 -1 379 gi|31 15652 15724 614 gi|44 38561 38629
msp 3894 s 442 81.8 -1 379 gi|31 15654 15763 596 gi|44 4789 4903
msp 3896 s 300 79.2 1 379 gi|31 15657 15709 614 gi|44 38572 38624
msp 3898 s 1024 83.0 1 379 gi|31 15659 15834 778 gi|54 14923 15098
msp 3900 s 439 69.2 -1 379 gi|31 15687 15832 778 gi|54 14983 15128
msp 3902 s 306 77.3 1 379 gi|31 15705 15770 614 gi|44 38561 38624
msp 3904 s 691 82.8 1 379 gi|31 15713 15834 778 gi|54 14916 15037
msp 3906 s 476 82.0 -1 379 gi|31 15714 15824 596 gi|44 4789 4902
msp 3908 s 316 76.2 1 379 gi|31 15727 15831 596 gi|44 4789 4898
msp 3910 s 323 80.5 1 379 gi|31 15744 15830 614 gi|44 38543 38623
msp 3912 s 277 68.2 -1 379 gi|31 15749 15836 778 gi|54 15040 15127
msp 3914 s 295 83.3 -1 379 gi|31 15782 15829 596 gi|44 4850 4897
