index 392
frag gi|32 4943 6155
img_no 11
msp 4066 s 5410 81.7 1 392 gi|32 4943 6138 721 gi|51 6511 7699
msp 4068 s 665 80.0 1 392 gi|32 4943 5152 512 gi|39 5646 5857
msp 4070 s 281 78.3 1 392 gi|32 4951 5047 769 gi|53 25689 25779
msp 1669 s 261 77.8 1 93 gi|15 31939 32784 392 gi|32 5239 6090
msp 2267 s 261 77.8 -1 154 gi|19 21397 22242 392 gi|32 5239 6090
msp 3501 s 261 77.8 1 328 gi|29 8912 9757 392 gi|32 5239 6090
msp 3533 s 261 77.8 1 337 gi|29 20042 20887 392 gi|32 5239 6090
msp 4072 s 2656 80.2 1 392 gi|32 5437 6155 513 gi|39 5849 6563
msp 4074 s 484 75.4 1 392 gi|32 5633 6153 511 gi|39 544 1053
msp 4076 s 476 76.5 -1 392 gi|32 5795 6037 639 gi|47 11 253
msp 4078 s 852 79.2 1 392 gi|32 5932 6138 472 gi|36 32240 32447
