index 395
frag gi|32 7229 7893
img_no 9
msp 4084 s 537 77.0 1 395 gi|32 7229 7879 721 gi|51 7028 7698
msp 4086 s 335 75.1 1 395 gi|32 7272 7893 513 gi|39 5940 6557
msp 1673 s 297 75.9 1 93 gi|15 32267 32730 395 gi|32 7319 7776
msp 2275 s 297 75.9 -1 154 gi|19 21451 21914 395 gi|32 7319 7776
msp 3505 s 297 75.9 1 328 gi|29 9240 9703 395 gi|32 7319 7776
msp 3537 s 297 75.9 1 337 gi|29 20370 20833 395 gi|32 7319 7776
msp 4088 s 264 75.5 1 395 gi|32 7319 7776 613 gi|44 37547 38010
msp 4090 s 264 75.5 1 395 gi|32 7319 7776 432 gi|34 10900 11363
msp 4092 s 2004 81.3 1 395 gi|32 7367 7879 511 gi|39 527 1031
