index 409
frag gi|32 38600 40000
img_no 8
msp 4180 s 261 90.5 1 409 gi|32 38600 38662 774 gi|54 7947 8017
msp 4182 s 290 83.3 1 409 gi|32 38606 38665 641 gi|47 3882 3945
msp 4184 s 254 90.2 1 409 gi|32 38608 38658 567 gi|42 15885 15936
msp 977 s 268 86.0 1 909 gi|8 690 739 409 gi|32 38611 38660
msp 2897 s 271 81.7 -1 222 gi|22 31608 31722 409 gi|32 38612 38714
msp 4186 s 11708 97.7 1 409 gi|32 38634 40000 642 gi|47 4029 5421
msp 4188 s 11732 99.2 1 409 gi|32 38702 40000 643 gi|47 10299 11598
msp 4190 s 11723 99.3 1 409 gi|32 38706 40000 464 gi|36 14486 15779
