index 416
frag gi|33 7498 7725
img_no 9
msp 4010 s 372 83.2 1 416 gi|33 7498 7646 516 gi|39 21224 21370
msp 4012 s 350 89.3 1 416 gi|33 7563 7618 672 gi|49 15274 15326
msp 2705 s 253 84.9 1 207 gi|21 38631 38796 416 gi|33 7564 7725
msp 4016 s 263 81.7 -1 416 gi|33 7564 7634 681 gi|49 32827 32901
msp 2993 s 335 93.3 1 224 gi|22 36473 36532 416 gi|33 7564 7624
msp 1231 s 352 92.5 1 32 gi|11 4606 4658 416 gi|33 7564 7616
msp 1637 s 327 88.0 1 91 gi|15 21063 21112 416 gi|33 7564 7616
msp 4014 s 318 93.9 1 416 gi|33 7564 7612 796 gi|55 22481 22529
msp 3391 s 275 80.4 1 292 gi|27 10516 10566 416 gi|33 7566 7617
