index 427
frag gi|33 33453 34849
img_no 7
msp 2077 s 1070 74.6 1 125 gi|17 29658 31078 427 gi|33 33453 34849
msp 1027 s 353 78.3 -1 914 gi|8 16579 16684 427 gi|33 33534 33639
msp 4054 s 398 85.3 -1 427 gi|33 34293 34401 515 gi|39 20243 20354
msp 1029 s 306 84.3 -1 914 gi|8 16588 16670 427 gi|33 34331 34413
msp 4056 s 303 71.1 -1 427 gi|33 34661 34781 727 gi|51 22849 22971
msp 2083 s 270 77.5 -1 127 gi|17 33856 33953 427 gi|33 34693 34790
msp 4058 s 253 68.5 -1 427 gi|33 34704 34792 845 gi|58 22667 22758
