index 432
frag gi|34 10036 11536
img_no 13
msp 2289 s 2585 96.6 -1 156 gi|19 24877 25228 432 gi|34 10036 10386
msp 4192 s 8940 99.4 -1 432 gi|34 10070 11106 641 gi|47 2880 3915
msp 1663 s 12575 99.4 1 93 gi|15 31440 32870 432 gi|34 10073 11503
msp 3495 s 12561 99.6 1 328 gi|29 8415 9843 432 gi|34 10076 11503
msp 3527 s 12579 99.2 1 337 gi|29 19548 20973 432 gi|34 10078 11503
msp 4194 s 12553 99.9 1 432 gi|34 10104 11515 613 gi|44 36751 38168
msp 2257 s 10077 100.0 -1 154 gi|19 21308 22433 432 gi|34 10381 11506
msp 4196 s 325 76.9 1 432 gi|34 10596 11397 721 gi|51 6824 7617
msp 4091 s 264 75.5 1 395 gi|32 7319 7776 432 gi|34 10900 11363
msp 4198 s 2561 96.4 -1 432 gi|34 11053 11388 639 gi|47 1 325
msp 4200 s 344 82.0 1 432 gi|34 11164 11363 511 gi|39 749 929
msp 4202 s 1051 100.0 -1 432 gi|34 11389 11503 807 gi|55 39886 40000
msp 4204 s 251 79.7 -1 432 gi|34 11473 11536 612 gi|44 36719 36782
