index 434
frag gi|34 17714 19551
img_no 9
msp 2743 s 2031 80.7 1 67 gi|13 35639 37387 434 gi|34 17714 19551
msp 2723 s 2403 94.6 1 62 gi|13 14712 15064 434 gi|34 17872 18231
msp 2729 s 2350 92.5 1 63 gi|13 15297 15642 434 gi|34 17872 18220
msp 2727 s 341 88.9 -1 62 gi|13 15004 15075 434 gi|34 17902 17964
msp 2745 s 334 96.4 -1 67 gi|13 36073 36127 434 gi|34 17919 17964
msp 2733 s 302 91.9 -1 63 gi|13 15590 15626 434 gi|34 17928 17964
msp 2725 s 292 90.7 -1 62 gi|13 14749 14802 434 gi|34 18168 18231
msp 2731 s 314 92.1 -1 63 gi|13 15326 15388 434 gi|34 18168 18221
msp 2747 s 322 83.9 -1 67 gi|13 36122 36183 434 gi|34 18217 18285
