index 448
frag gi|35 15092 15198
img_no 13
msp 3119 s 276 83.8 1 266 gi|25 9553 9632 448 gi|35 15092 15170
msp 4244 s 285 80.6 -1 448 gi|35 15104 15170 853 gi|58 39544 39607
msp 2905 s 287 86.4 1 222 gi|22 31664 31722 448 gi|35 15112 15170
msp 4246 s 253 84.2 -1 448 gi|35 15114 15170 567 gi|42 15890 15946
msp 4248 s 256 86.0 -1 448 gi|35 15114 15170 749 gi|52 28125 28181
msp 4250 s 255 86.8 1 448 gi|35 15116 15198 609 gi|44 27259 27342
msp 341 s 253 84.0 -1 532 gi|4 24934 24983 448 gi|35 15119 15170
msp 4252 s 315 82.7 -1 448 gi|35 15119 15170 774 gi|54 7965 8016
msp 2391 s 257 87.0 1 159 gi|19 33188 33233 448 gi|35 15121 15170
msp 4254 s 272 84.0 -1 448 gi|35 15121 15170 628 gi|45 39349 39399
msp 4256 s 264 87.8 1 448 gi|35 15122 15170 564 gi|42 11797 11843
msp 4258 s 255 83.3 -1 448 gi|35 15123 15170 609 gi|44 27200 27246
msp 3555 s 311 86.5 -1 341 gi|29 28237 28288 448 gi|35 15127 15178
