index 461
frag gi|36 5896 6051
img_no 13
msp 3031 s 525 84.2 -1 229 gi|23 3378 3516 461 gi|36 5896 6021
msp 4294 s 251 79.3 1 461 gi|36 5910 5991 733 gi|51 37349 37432
msp 1163 s 371 85.9 1 25 gi|10 23596 23666 461 gi|36 5912 5979
msp 2805 s 264 84.9 1 211 gi|22 3898 3950 461 gi|36 5912 5960
msp 189 s 307 84.3 1 345 gi|3 16466 16548 461 gi|36 5913 5992
msp 1121 s 260 82.3 1 18 gi|10 5617 5695 461 gi|36 5913 5991
msp 3183 s 282 77.0 -1 267 gi|25 11562 11687 461 gi|36 5920 6051
msp 1569 s 483 81.9 -1 87 gi|15 16585 16689 461 gi|36 5920 6024
msp 3733 s 296 79.3 -1 360 gi|30 23467 23558 461 gi|36 5920 6024
msp 4296 s 447 79.6 -1 461 gi|36 5920 6022 657 gi|47 37246 37349
msp 4300 s 283 76.7 1 461 gi|36 5920 5992 700 gi|50 1699 1775
msp 4298 s 306 85.5 1 461 gi|36 5920 5988 509 gi|38 38508 38571
msp 4302 s 313 95.3 -1 461 gi|36 5923 5965 738 gi|52 11453 11497
