index 465
frag gi|36 20324 20518
img_no 11
msp 839 s 437 80.5 -1 896 gi|7 22198 22351 465 gi|36 20324 20468
msp 85 s 587 86.3 1 14 gi|1 34009 34169 465 gi|36 20326 20478
msp 161 s 501 81.2 -1 345 gi|3 16421 16611 465 gi|36 20327 20518
msp 3727 s 551 83.4 1 360 gi|30 23429 23591 465 gi|36 20327 20492
msp 4310 s 408 76.2 -1 465 gi|36 20327 20477 509 gi|38 38482 38640
msp 4308 s 317 84.7 -1 465 gi|36 20327 20470 733 gi|51 37345 37497
msp 1257 s 281 84.0 1 37 gi|11 13703 13846 465 gi|36 20328 20461
msp 4312 s 420 84.8 -1 465 gi|36 20372 20503 494 gi|38 2326 2454
msp 4314 s 423 85.1 1 465 gi|36 20377 20470 724 gi|51 18907 18996
msp 1143 s 379 82.3 -1 25 gi|10 23586 23670 465 gi|36 20382 20470
msp 2787 s 352 75.2 -1 211 gi|22 3870 3970 465 gi|36 20387 20489
