index 48
frag gi|12 7302 7429
img_no 11
msp 1294 s 323 87.1 1 48 gi|12 7302 7371 182 gi|20 22942 23022
msp 1296 s 293 87.1 -1 48 gi|12 7302 7371 300 gi|28 3044 3116
msp 245 s 292 76.4 -1 530 gi|4 21360 21465 48 gi|12 7304 7411
msp 1298 s 260 83.3 -1 48 gi|12 7305 7370 385 gi|31 32070 32130
msp 1300 s 317 91.7 1 48 gi|12 7313 7372 400 gi|32 14431 14491
msp 1101 s 292 85.9 -1 18 gi|10 5601 5692 48 gi|12 7319 7429
msp 1302 s 276 94.2 1 48 gi|12 7320 7371 668 gi|49 2499 2550
msp 277 s 266 84.1 -1 532 gi|4 24921 24983 48 gi|12 7325 7381
msp 1304 s 269 83.5 1 48 gi|12 7328 7412 567 gi|42 15829 15911
msp 1308 s 273 93.3 -1 48 gi|12 7328 7372 98 gi|16 3195 3242
msp 1306 s 266 93.2 1 48 gi|12 7328 7371 775 gi|54 9570 9615
