index 486
frag gi|37 28134 28248
img_no 8
msp 3671 s 297 87.2 -1 309 gi|28 20923 21016 486 gi|37 28134 28215
msp 4416 s 296 80.6 1 486 gi|37 28152 28223 853 gi|58 39526 39597
msp 4418 s 305 89.5 -1 486 gi|37 28159 28234 665 gi|48 33409 33488
msp 567 s 307 87.0 -1 862 gi|6 3760 3813 486 gi|37 28163 28215
msp 4420 s 282 87.5 1 486 gi|37 28164 28219 774 gi|54 7958 8014
msp 4422 s 300 83.8 -1 486 gi|37 28169 28248 711 gi|50 31941 32012
msp 1699 s 264 87.5 -1 98 gi|16 3172 3219 486 gi|37 28169 28214
msp 2549 s 276 91.5 -1 184 gi|20 30542 30588 486 gi|37 28170 28218
