index 492
frag gi|37 39618 39789
img_no 20
msp 4171 s 332 77.4 -1 408 gi|32 29655 29787 492 gi|37 39618 39771
msp 4440 s 265 82.6 1 492 gi|37 39645 39765 583 gi|43 21737 21844
msp 4444 s 265 84.8 -1 492 gi|37 39705 39783 672 gi|49 15133 15220
msp 4442 s 363 89.2 1 492 gi|37 39705 39769 672 gi|49 15255 15325
msp 4446 s 285 85.7 -1 492 gi|37 39710 39765 681 gi|49 32854 32911
msp 4448 s 250 83.9 -1 492 gi|37 39710 39765 497 gi|38 6368 6421
msp 1215 s 275 79.1 1 32 gi|11 4598 4664 492 gi|37 39711 39777
msp 4452 s 255 84.2 1 492 gi|37 39712 39768 609 gi|44 27255 27313
msp 4450 s 271 87.0 1 492 gi|37 39712 39765 701 gi|50 1950 2004
msp 2533 s 267 83.0 1 184 gi|20 30535 30587 492 gi|37 39715 39765
msp 4454 s 293 86.3 -1 492 gi|37 39717 39789 567 gi|42 15866 15939
msp 947 s 296 88.3 -1 909 gi|8 681 740 492 gi|37 39717 39776
msp 1623 s 382 89.4 1 91 gi|15 21062 21127 492 gi|37 39718 39783
msp 3705 s 273 87.8 -1 354 gi|30 7945 7993 492 gi|37 39718 39768
msp 507 s 261 93.9 -1 697 gi|5 34880 34928 492 gi|37 39719 39765
msp 2995 s 268 87.2 1 224 gi|22 36473 36519 492 gi|37 39719 39764
msp 3271 s 260 89.4 1 249 gi|24 19862 19908 492 gi|37 39719 39763
msp 2953 s 292 96.4 1 222 gi|22 31676 31730 492 gi|37 39720 39777
msp 4456 s 277 92.3 -1 492 gi|37 39720 39771 842 gi|58 10170 10223
msp 4458 s 273 90.4 1 492 gi|37 39720 39771 564 gi|42 11796 11850
