index 494
frag gi|38 2285 2596
img_no 18
msp 4334 s 456 78.6 1 494 gi|38 2285 2494 733 gi|51 37259 37481
msp 163 s 542 81.0 1 345 gi|3 16424 16597 494 gi|38 2317 2499
msp 4313 s 420 84.8 -1 465 gi|36 20372 20503 494 gi|38 2326 2454
msp 19 s 317 82.1 -1 3 gi|1 14254 14337 494 gi|38 2347 2436
msp 1259 s 323 83.6 -1 37 gi|11 13740 13855 494 gi|38 2349 2474
msp 3721 s 534 80.5 -1 360 gi|30 23328 23578 494 gi|38 2351 2596
msp 4336 s 350 84.7 1 494 gi|38 2351 2474 795 gi|55 22259 22373
msp 4338 s 456 89.3 -1 494 gi|38 2353 2436 724 gi|51 18914 18995
msp 101 s 583 82.2 -1 14 gi|1 34042 34159 494 gi|38 2355 2476
msp 1151 s 472 81.9 1 25 gi|10 23589 23704 494 gi|38 2355 2476
msp 845 s 535 80.5 1 896 gi|7 22199 22316 494 gi|38 2355 2476
msp 3185 s 420 82.7 -1 267 gi|25 11602 11705 494 gi|38 2355 2461
msp 1109 s 375 86.3 1 18 gi|10 5615 5709 494 gi|38 2356 2448
msp 2795 s 381 89.9 1 211 gi|22 3892 3970 494 gi|38 2356 2429
msp 3039 s 292 79.8 -1 229 gi|23 3412 3490 494 gi|38 2361 2438
msp 449 s 260 83.3 -1 691 gi|5 18374 18439 494 gi|38 2364 2429
msp 4340 s 360 87.7 1 494 gi|38 2371 2427 700 gi|50 1694 1749
msp 1773 s 279 73.9 1 107 gi|16 30195 30282 494 gi|38 2390 2476
