index 497
frag gi|38 6313 6469
img_no 12
msp 1631 s 314 80.7 -1 91 gi|15 21063 21171 497 gi|38 6313 6414
msp 2973 s 252 79.8 -1 224 gi|22 36412 36525 497 gi|38 6364 6463
msp 3385 s 292 89.7 -1 292 gi|27 10498 10565 497 gi|38 6365 6432
msp 4342 s 310 83.9 1 497 gi|38 6366 6421 681 gi|49 32852 32908
msp 3547 s 281 84.9 1 340 gi|29 27367 27419 497 gi|38 6366 6418
msp 3259 s 323 83.6 -1 249 gi|24 19802 19911 497 gi|38 6367 6466
msp 4325 s 280 80.9 1 467 gi|36 23611 23678 497 gi|38 6367 6432
msp 4344 s 293 80.3 -1 497 gi|38 6367 6432 672 gi|49 15254 15322
msp 4346 s 297 81.8 -1 497 gi|38 6367 6432 701 gi|50 1940 2005
msp 3707 s 270 82.2 1 354 gi|30 7948 8048 497 gi|38 6368 6469
msp 4179 s 293 79.0 1 408 gi|32 29661 29722 497 gi|38 6368 6429
msp 4449 s 250 83.9 -1 492 gi|37 39710 39765 497 gi|38 6368 6421
