index 508
frag gi|38 35356 36077
img_no 15
msp 4372 s 273 75.1 -1 508 gi|38 35356 36077 569 gi|42 22036 22766
msp 4374 s 298 79.0 1 508 gi|38 35397 36054 783 gi|54 27010 27655
msp 701 s 400 79.1 -1 875 gi|6 32983 33665 508 gi|38 35409 36048
msp 2961 s 265 77.5 1 223 gi|22 35669 35757 508 gi|38 35429 35517
msp 2415 s 306 74.8 -1 178 gi|20 15387 15966 508 gi|38 35441 36027
msp 4376 s 259 74.4 -1 508 gi|38 35475 35560 519 gi|39 29700 29785
msp 1863 s 379 69.4 -1 110 gi|16 37042 37312 508 gi|38 35491 35761
msp 461 s 271 71.6 -1 693 gi|5 19451 19879 508 gi|38 35624 36058
msp 583 s 571 77.3 -1 865 gi|6 7226 7542 508 gi|38 35624 35940
msp 4378 s 335 76.2 1 508 gi|38 35707 36008 546 gi|40 28424 28721
msp 4049 s 266 80.1 1 424 gi|33 24650 24875 508 gi|38 35785 36013
msp 3429 s 294 74.0 1 319 gi|29 139 392 508 gi|38 35795 36052
msp 4380 s 271 76.7 -1 508 gi|38 35795 36043 519 gi|39 29220 29459
msp 3201 s 338 73.1 -1 268 gi|25 11824 12042 508 gi|38 35796 36047
msp 4033 s 339 73.0 1 423 gi|33 23788 24009 508 gi|38 35800 36027
