index 509
frag gi|38 38428 38647
img_no 17
msp 89 s 634 74.2 -1 14 gi|1 34010 34218 509 gi|38 38428 38640
msp 3033 s 274 81.4 -1 229 gi|23 3389 3549 509 gi|38 38445 38592
msp 4382 s 458 76.7 1 509 gi|38 38478 38640 733 gi|51 37333 37497
msp 833 s 562 77.8 1 896 gi|7 22186 22347 509 gi|38 38479 38639
msp 4311 s 408 76.2 -1 465 gi|36 20327 20477 509 gi|38 38482 38640
msp 3725 s 814 85.2 -1 360 gi|30 23428 23582 509 gi|38 38486 38641
msp 4384 s 300 78.5 -1 509 gi|38 38490 38568 724 gi|51 18914 18995
msp 177 s 614 76.7 1 345 gi|3 16463 16612 509 gi|38 38492 38641
msp 1149 s 524 82.3 1 25 gi|10 23589 23712 509 gi|38 38492 38616
msp 17 s 362 80.3 -1 3 gi|1 14254 14329 509 gi|38 38493 38568
msp 1119 s 263 75.9 1 18 gi|10 5616 5698 509 gi|38 38494 38577
msp 2799 s 365 82.0 1 211 gi|22 3893 3970 509 gi|38 38494 38568
msp 4386 s 311 83.8 1 509 gi|38 38498 38571 700 gi|50 1688 1771
msp 4388 s 302 78.2 -1 509 gi|38 38506 38647 657 gi|47 37202 37351
msp 1565 s 352 88.7 -1 87 gi|15 16576 16690 509 gi|38 38507 38608
msp 4299 s 306 85.5 1 461 gi|36 5920 5988 509 gi|38 38508 38571
msp 1771 s 344 79.7 1 107 gi|16 30195 30307 509 gi|38 38522 38641
