index 51
frag gi|12 19988 20176
img_no 33
msp 1316 s 334 85.9 1 51 gi|12 19988 20115 327 gi|29 8188 8306
msp 1320 s 286 76.1 1 51 gi|12 20015 20148 853 gi|58 39492 39622
msp 1318 s 417 85.0 1 51 gi|12 20015 20114 385 gi|31 32024 32112
msp 1322 s 293 77.8 1 51 gi|12 20025 20114 609 gi|44 27157 27247
msp 1324 s 308 85.4 1 51 gi|12 20027 20115 212 gi|22 5746 5821
msp 1326 s 366 89.7 -1 51 gi|12 20037 20114 400 gi|32 14445 14525
msp 1328 s 289 86.7 1 51 gi|12 20040 20114 562 gi|41 32199 32272
msp 1330 s 401 85.7 -1 51 gi|12 20043 20112 564 gi|42 11799 11867
msp 939 s 294 89.2 1 909 gi|8 673 737 51 gi|12 20051 20114
msp 1332 s 301 83.6 1 51 gi|12 20055 20176 746 gi|52 21292 21421
msp 1334 s 351 89.0 1 51 gi|12 20056 20128 628 gi|45 39341 39415
msp 1336 s 358 89.8 -1 51 gi|12 20057 20115 266 gi|25 9585 9646
msp 1338 s 280 83.6 -1 51 gi|12 20060 20114 398 gi|32 11277 11332
msp 1340 s 337 89.1 -1 51 gi|12 20061 20115 563 gi|41 34625 34678
msp 1342 s 376 94.4 1 51 gi|12 20062 20115 749 gi|52 28120 28173
msp 1346 s 287 83.3 1 51 gi|12 20063 20140 159 gi|19 33108 33194
msp 1348 s 298 90.3 1 51 gi|12 20063 20124 109 gi|16 34677 34733
msp 1344 s 267 83.0 1 51 gi|12 20063 20115 567 gi|42 15886 15937
msp 1350 s 367 87.5 1 51 gi|12 20064 20135 774 gi|54 7962 8034
msp 1352 s 281 88.2 -1 51 gi|12 20064 20114 222 gi|22 31676 31725
msp 1356 s 331 82.9 -1 51 gi|12 20065 20140 853 gi|58 39587 39658
msp 1354 s 295 86.0 -1 51 gi|12 20065 20114 775 gi|54 9570 9618
msp 319 s 309 87.8 1 532 gi|4 24932 24980 51 gi|12 20065 20114
msp 1366 s 306 83.1 -1 51 gi|12 20066 20142 762 gi|53 13070 13152
msp 1358 s 269 84.0 -1 51 gi|12 20066 20115 567 gi|42 15828 15876
msp 1360 s 346 94.0 -1 51 gi|12 20066 20115 116 gi|17 13340 13388
msp 1364 s 295 98.0 -1 51 gi|12 20066 20115 159 gi|19 33188 33234
msp 1362 s 306 89.8 1 51 gi|12 20066 20114 142 gi|19 1632 1679
msp 1370 s 318 86.9 1 51 gi|12 20067 20127 300 gi|28 3043 3102
msp 737 s 254 83.9 1 876 gi|6 36035 36090 51 gi|12 20067 20122
msp 1372 s 293 88.2 1 51 gi|12 20067 20117 711 gi|50 31989 32039
msp 1368 s 352 94.0 -1 51 gi|12 20067 20116 668 gi|49 2503 2551
msp 1374 s 297 86.8 -1 51 gi|12 20068 20120 182 gi|20 22971 23022
