index 516
frag gi|39 20959 21432
img_no 14
msp 3377 s 310 82.1 1 292 gi|27 10160 10566 516 gi|39 20959 21353
msp 4011 s 372 83.2 1 416 gi|33 7498 7646 516 gi|39 21224 21370
msp 4476 s 288 86.8 1 516 gi|39 21268 21350 701 gi|50 1925 2005
msp 3263 s 259 79.1 1 249 gi|24 19850 19916 516 gi|39 21284 21356
msp 1979 s 270 81.9 1 116 gi|17 13337 13480 516 gi|39 21294 21432
msp 495 s 252 88.2 -1 697 gi|5 34869 34936 516 gi|39 21294 21358
msp 2697 s 392 90.4 1 207 gi|21 38627 38730 516 gi|39 21296 21400
msp 2543 s 252 80.0 1 184 gi|20 30539 30598 516 gi|39 21298 21361
msp 2989 s 317 91.5 1 224 gi|22 36471 36529 516 gi|39 21298 21357
msp 4478 s 354 96.3 1 516 gi|39 21298 21351 796 gi|55 22479 22533
msp 1223 s 395 94.3 1 32 gi|11 4605 4657 516 gi|39 21299 21352
msp 4480 s 254 83.6 1 516 gi|39 21300 21354 672 gi|49 15275 15326
msp 1633 s 256 83.3 1 91 gi|15 21063 21110 516 gi|39 21300 21350
msp 4482 s 281 79.0 1 516 gi|39 21301 21381 665 gi|48 33428 33501
