index 519
frag gi|39 29141 29901
img_no 10
msp 3197 s 336 73.1 1 268 gi|25 11735 12072 519 gi|39 29141 29485
msp 3171 s 816 70.1 1 266 gi|25 9686 10408 519 gi|39 29154 29888
msp 3421 s 321 70.5 -1 319 gi|29 66 414 519 gi|39 29187 29541
msp 4081 s 254 70.9 1 393 gi|32 6250 6359 519 gi|39 29188 29307
msp 379 s 763 75.5 1 167 gi|2 19288 19977 519 gi|39 29194 29901
msp 399 s 540 76.7 1 169 gi|2 21462 22152 519 gi|39 29206 29897
msp 4381 s 271 76.7 -1 508 gi|38 35795 36043 519 gi|39 29220 29459
msp 581 s 269 76.0 1 865 gi|6 7201 7371 519 gi|39 29289 29459
msp 3203 s 274 74.2 1 268 gi|25 12094 12562 519 gi|39 29411 29873
msp 4377 s 259 74.4 -1 508 gi|38 35475 35560 519 gi|39 29700 29785
