index 52
frag gi|12 20828 21011
img_no 8
msp 1376 s 293 77.7 -1 52 gi|12 20828 20930 294 gi|27 14183 14288
msp 1378 s 411 77.0 -1 52 gi|12 20834 20955 817 gi|56 3437 3565
msp 1380 s 257 77.2 -1 52 gi|12 20863 20963 820 gi|56 5401 5494
msp 1382 s 397 77.9 -1 52 gi|12 20869 20945 812 gi|56 2100 2174
msp 1384 s 268 81.6 -1 52 gi|12 20870 20956 399 gi|32 14235 14322
msp 1388 s 252 77.3 1 52 gi|12 20871 21011 777 gi|54 13214 13355
msp 1386 s 273 75.0 1 52 gi|12 20871 20938 777 gi|54 13111 13179
msp 1390 s 252 74.8 -1 52 gi|12 20872 20974 250 gi|24 21129 21228
