index 530
frag gi|4 21352 21548
img_no 9
msp 234 s 867 82.7 -1 530 gi|4 21352 21530 37 gi|11 13674 13853
msp 236 s 355 80.5 1 530 gi|4 21357 21433 18 gi|10 5614 5695
msp 238 s 807 83.4 1 530 gi|4 21359 21509 795 gi|55 22266 22415
msp 240 s 257 82.1 1 530 gi|4 21359 21414 211 gi|22 3896 3955
msp 242 s 779 83.6 -1 530 gi|4 21360 21548 133 gi|18 22548 22728
msp 93 s 314 77.9 -1 14 gi|1 34011 34155 530 gi|4 21360 21503
msp 191 s 370 80.0 1 345 gi|3 16466 16610 530 gi|4 21360 21501
msp 244 s 292 76.4 -1 530 gi|4 21360 21465 48 gi|12 7304 7411
msp 246 s 252 97.1 1 530 gi|4 21470 21503 249 gi|24 19937 19970
