index 56
frag gi|12 28692 29578
img_no 12
msp 1396 s 251 77.4 1 56 gi|12 28692 28934 783 gi|54 26973 27213
msp 401 s 278 79.3 -1 169 gi|2 21746 22142 56 gi|12 28705 29101
msp 1398 s 310 79.7 1 56 gi|12 28735 29351 140 gi|18 36434 37062
msp 1400 s 262 78.3 -1 56 gi|12 28735 28872 548 gi|40 32000 32131
msp 1402 s 1058 75.7 -1 56 gi|12 28739 29578 560 gi|41 28593 29450
msp 689 s 520 80.4 -1 874 gi|6 32112 32789 56 gi|12 28745 29377
msp 1404 s 266 74.7 1 56 gi|12 28756 29233 726 gi|51 22061 22542
msp 587 s 590 74.3 -1 865 gi|6 7277 7747 56 gi|12 28756 29205
msp 1406 s 282 69.7 -1 56 gi|12 28758 29011 275 gi|25 32295 32565
msp 1408 s 276 75.6 1 56 gi|12 28763 29041 102 gi|16 17465 17761
msp 471 s 450 78.9 -1 693 gi|5 19468 20078 56 gi|12 28774 29360
msp 1410 s 416 78.4 1 56 gi|12 28778 29324 483 gi|37 23325 23910
