index 562
frag gi|41 32133 32441
img_no 41
msp 4508 s 275 81.0 -1 562 gi|41 32133 32248 567 gi|42 15889 15997
msp 2381 s 304 83.7 -1 159 gi|19 33187 33284 562 gi|41 32163 32274
msp 4510 s 279 82.8 -1 562 gi|41 32181 32273 711 gi|50 31962 32057
msp 2901 s 329 84.6 1 222 gi|22 31657 31721 562 gi|41 32185 32246
msp 1691 s 336 84.9 1 98 gi|16 3158 3243 562 gi|41 32188 32273
msp 4512 s 261 89.1 1 562 gi|41 32192 32246 628 gi|45 39401 39464
msp 265 s 274 80.2 -1 532 gi|4 24904 24984 562 gi|41 32197 32274
msp 3957 s 276 80.8 1 385 gi|31 32041 32113 562 gi|41 32199 32273
msp 1329 s 289 86.7 1 51 gi|12 20040 20114 562 gi|41 32199 32272
msp 2443 s 277 86.4 -1 182 gi|20 22901 22959 562 gi|41 32199 32251
msp 1455 s 328 88.2 -1 60 gi|12 39631 39681 562 gi|41 32199 32249
msp 4514 s 334 79.3 -1 562 gi|41 32200 32402 749 gi|52 27986 28173
msp 271 s 251 79.2 1 532 gi|4 24905 24981 562 gi|41 32200 32273
msp 2003 s 286 85.5 1 116 gi|17 13340 13394 562 gi|41 32200 32253
msp 2845 s 260 83.3 -1 212 gi|22 5774 5821 562 gi|41 32200 32247
msp 4516 s 424 88.9 1 562 gi|41 32201 32272 711 gi|50 31963 32036
msp 983 s 291 89.4 -1 909 gi|8 691 737 562 gi|41 32201 32247
msp 2559 s 262 87.1 1 184 gi|20 30545 30606 562 gi|41 32203 32259
msp 4518 s 297 91.3 1 562 gi|41 32203 32248 609 gi|44 27267 27312
msp 1963 s 300 85.9 -1 116 gi|17 13314 13398 562 gi|41 32215 32314
msp 4147 s 318 91.8 -1 400 gi|32 14444 14504 562 gi|41 32216 32273
msp 3659 s 260 89.9 -1 309 gi|28 20909 20977 562 gi|41 32217 32284
msp 4520 s 270 87.3 -1 562 gi|41 32218 32272 668 gi|49 2505 2560
msp 4522 s 280 85.9 -1 562 gi|41 32219 32282 609 gi|44 27256 27319
msp 3135 s 339 88.5 -1 266 gi|25 9582 9633 562 gi|41 32224 32276
msp 4524 s 255 82.3 -1 562 gi|41 32224 32274 853 gi|58 39608 39657
msp 4526 s 288 88.0 -1 562 gi|41 32224 32273 775 gi|54 9569 9617
msp 2843 s 277 85.1 1 212 gi|22 5774 5820 562 gi|41 32225 32272
msp 985 s 284 91.5 1 909 gi|8 691 737 562 gi|41 32225 32272
msp 4534 s 286 84.3 1 562 gi|41 32226 32308 774 gi|54 7966 8047
msp 1855 s 283 88.5 1 109 gi|16 34682 34742 562 gi|41 32226 32291
msp 3629 s 327 92.0 1 300 gi|28 3044 3093 562 gi|41 32226 32276
msp 4530 s 305 92.0 -1 562 gi|41 32226 32275 564 gi|42 11793 11842
msp 4532 s 277 88.0 1 562 gi|41 32226 32275 628 gi|45 39350 39401
msp 2193 s 267 87.2 1 142 gi|19 1634 1680 562 gi|41 32226 32273
msp 2925 s 290 91.5 -1 222 gi|22 31675 31721 562 gi|41 32226 32273
msp 779 s 286 91.5 1 876 gi|6 36036 36082 562 gi|41 32226 32273
msp 2497 s 269 91.3 -1 182 gi|20 22977 23022 562 gi|41 32226 32272
msp 4528 s 328 91.5 1 562 gi|41 32226 32272 749 gi|52 28126 28172
msp 2425 s 553 86.4 1 180 gi|20 18013 18093 562 gi|41 32294 32374
msp 4536 s 541 83.9 -1 562 gi|41 32299 32441 750 gi|52 29686 29833
