index 567
frag gi|42 15777 15997
img_no 72
msp 3117 s 303 86.3 1 266 gi|25 9538 9632 567 gi|42 15777 15875
msp 269 s 420 84.1 -1 532 gi|4 24905 25011 567 gi|42 15800 15911
msp 3477 s 343 83.3 -1 327 gi|29 8257 8322 567 gi|42 15809 15877
msp 2351 s 346 79.4 -1 159 gi|19 33111 33173 567 gi|42 15814 15876
msp 4658 s 311 87.1 1 567 gi|42 15815 15876 667 gi|49 1494 1560
msp 4660 s 299 91.5 -1 567 gi|42 15818 15876 842 gi|58 10174 10234
msp 4105 s 276 83.3 1 398 gi|32 11267 11326 567 gi|42 15819 15876
msp 2483 s 300 88.7 1 182 gi|20 22970 23022 567 gi|42 15820 15874
msp 4662 s 330 89.7 -1 567 gi|42 15821 15878 628 gi|45 39346 39409
msp 3953 s 417 86.4 1 385 gi|31 32006 32130 567 gi|42 15823 15954
msp 4543 s 358 85.2 1 563 gi|41 34620 34673 567 gi|42 15823 15876
msp 1047 s 280 86.7 -1 918 gi|8 31818 31877 567 gi|42 15824 15880
msp 4664 s 264 84.3 -1 567 gi|42 15826 15876 853 gi|58 39543 39595
msp 4666 s 274 94.4 1 567 gi|42 15827 15880 853 gi|58 39608 39662
msp 2379 s 318 89.8 1 159 gi|19 33187 33235 567 gi|42 15827 15877
msp 1449 s 252 86.8 -1 60 gi|12 39613 39680 567 gi|42 15828 15898
msp 3667 s 252 83.9 1 309 gi|28 20920 20975 567 gi|42 15828 15882
msp 4670 s 318 85.5 -1 567 gi|42 15828 15882 711 gi|50 31982 32037
msp 2837 s 255 80.4 -1 212 gi|22 5771 5821 567 gi|42 15828 15877
msp 1359 s 269 84.0 -1 51 gi|12 20066 20115 567 gi|42 15828 15876
msp 1999 s 286 83.7 1 116 gi|17 13340 13388 567 gi|42 15828 15876
msp 4668 s 316 89.8 -1 567 gi|42 15828 15876 749 gi|52 28124 28173
msp 3955 s 358 80.8 -1 385 gi|31 32014 32112 567 gi|42 15829 15937
msp 1305 s 269 83.5 1 48 gi|12 7328 7412 567 gi|42 15829 15911
msp 3577 s 366 89.7 -1 300 gi|28 3022 3089 567 gi|42 15829 15895
msp 1705 s 278 87.3 -1 98 gi|16 3188 3242 567 gi|42 15829 15882
msp 2139 s 275 90.4 -1 138 gi|18 29293 29344 567 gi|42 15829 15877
msp 4153 s 337 87.8 1 400 gi|32 14445 14493 567 gi|42 15829 15877
msp 4672 s 254 79.6 1 567 gi|42 15829 15877 762 gi|53 13105 13153
msp 1839 s 297 91.5 -1 109 gi|16 34680 34726 567 gi|42 15829 15876
msp 2181 s 250 81.2 -1 142 gi|19 1632 1679 567 gi|42 15829 15876
msp 2935 s 284 95.7 1 222 gi|22 31676 31722 567 gi|42 15829 15875
msp 4674 s 345 91.5 1 567 gi|42 15829 15875 775 gi|54 9570 9616
msp 735 s 285 89.4 -1 876 gi|6 36035 36081 567 gi|42 15829 15875
msp 4676 s 307 89.4 -1 567 gi|42 15831 15877 786 gi|54 37471 37518
msp 2517 s 257 84.4 -1 184 gi|20 30462 30506 567 gi|42 15831 15876
msp 4678 s 301 84.4 1 567 gi|42 15853 15942 842 gi|58 10129 10231
msp 4455 s 293 86.3 -1 492 gi|37 39717 39789 567 gi|42 15866 15939
msp 2811 s 341 79.2 1 212 gi|22 5752 5852 567 gi|42 15873 15976
msp 4680 s 318 86.2 1 567 gi|42 15873 15937 749 gi|52 28106 28173
msp 4682 s 289 85.9 -1 567 gi|42 15876 15946 775 gi|54 9561 9631
msp 4684 s 312 85.5 1 567 gi|42 15879 15947 746 gi|52 21297 21368
msp 949 s 377 81.5 1 909 gi|8 681 745 567 gi|42 15880 15944
msp 3473 s 278 82.5 1 327 gi|29 8250 8306 567 gi|42 15880 15937
msp 3145 s 380 89.5 -1 266 gi|25 9585 9641 567 gi|42 15881 15937
msp 1505 s 268 90.1 -1 74 gi|14 19320 19390 567 gi|42 15882 15951
msp 521 s 321 87.5 -1 862 gi|6 3732 3811 567 gi|42 15885 15965
msp 4131 s 278 85.9 -1 400 gi|32 14418 14495 567 gi|42 15885 15959
msp 4688 s 253 85.2 1 567 gi|42 15885 15938 774 gi|54 7959 8015
msp 4185 s 254 90.2 1 409 gi|32 38608 38658 567 gi|42 15885 15936
msp 4686 s 262 88.5 1 567 gi|42 15885 15936 853 gi|58 39539 39592
msp 1345 s 267 83.0 1 51 gi|12 20063 20115 567 gi|42 15886 15937
msp 1821 s 290 86.0 1 109 gi|16 34677 34726 567 gi|42 15886 15936
msp 2345 s 253 86.3 1 159 gi|19 33108 33158 567 gi|42 15886 15936
msp 4111 s 272 86.8 -1 398 gi|32 11277 11329 567 gi|42 15886 15936
msp 293 s 322 84.6 1 532 gi|4 24931 24982 567 gi|42 15887 15938
msp 4692 s 326 90.2 -1 567 gi|42 15887 15937 853 gi|58 39609 39659
msp 4694 s 299 92.0 -1 567 gi|42 15887 15936 628 gi|45 39414 39468
msp 4690 s 348 91.8 -1 567 gi|42 15887 15935 609 gi|44 27266 27314
msp 4559 s 352 88.0 -1 563 gi|41 34625 34674 567 gi|42 15888 15937
msp 4509 s 275 81.0 -1 562 gi|41 32133 32248 567 gi|42 15889 15997
msp 3657 s 260 85.5 -1 309 gi|28 20908 20969 567 gi|42 15889 15950
msp 4696 s 257 85.7 1 567 gi|42 15889 15937 711 gi|50 31988 32037
msp 2907 s 445 93.0 -1 222 gi|22 31666 31722 567 gi|42 15890 15946
msp 4247 s 253 84.2 -1 448 gi|35 15114 15170 567 gi|42 15890 15946
msp 4698 s 263 83.7 -1 567 gi|42 15890 15938 762 gi|53 13103 13151
msp 1997 s 323 89.6 -1 116 gi|17 13340 13387 567 gi|42 15890 15937
msp 2389 s 265 91.3 -1 159 gi|19 33188 33233 567 gi|42 15890 15937
msp 3615 s 273 91.5 1 300 gi|28 3043 3089 567 gi|42 15890 15936
msp 733 s 302 91.5 1 876 gi|6 36035 36081 567 gi|42 15890 15936
msp 2531 s 267 89.1 -1 184 gi|20 30533 30587 567 gi|42 15891 15950
msp 1471 s 302 89.6 1 60 gi|12 39634 39681 567 gi|42 15891 15938
