index 569
frag gi|42 21926 23369
img_no 9
msp 685 s 1572 77.8 1 874 gi|6 31970 33286 569 gi|42 21926 23229
msp 699 s 475 75.1 1 875 gi|6 32923 34242 569 gi|42 22005 23345
msp 4373 s 273 75.1 -1 508 gi|38 35356 36077 569 gi|42 22036 22766
msp 457 s 284 76.9 1 693 gi|5 19426 19888 569 gi|42 22039 22507
msp 3427 s 264 82.0 -1 319 gi|29 139 393 569 gi|42 22070 22318
msp 4700 s 293 80.6 -1 569 gi|42 22571 22668 783 gi|54 27070 27167
msp 3177 s 252 81.5 1 266 gi|25 10250 10352 569 gi|42 22594 22691
msp 687 s 706 77.9 1 874 gi|6 32085 32568 569 gi|42 22867 23369
msp 469 s 291 73.4 1 693 gi|5 19467 19714 569 gi|42 22938 23188
