index 580
frag gi|43 8773 9024
img_no 13
msp 4576 s 369 78.5 -1 580 gi|43 8773 9009 674 gi|49 19712 19943
msp 2863 s 266 76.2 1 213 gi|22 15240 15323 580 gi|43 8773 8851
msp 2243 s 264 78.1 -1 152 gi|19 20353 20567 580 gi|43 8795 9015
msp 4578 s 409 86.0 1 580 gi|43 8795 8951 777 gi|54 13037 13179
msp 3291 s 288 75.9 -1 250 gi|24 21178 21322 580 gi|43 8795 8935
msp 4580 s 255 72.5 1 580 gi|43 8832 8940 834 gi|57 3972 4080
msp 4582 s 253 78.0 -1 580 gi|43 8866 9024 816 gi|56 2705 2859
msp 4584 s 311 85.3 -1 580 gi|43 8871 8938 745 gi|52 19154 19220
msp 4586 s 301 84.4 -1 580 gi|43 8875 8951 818 gi|56 4098 4176
msp 4588 s 382 79.4 1 580 gi|43 8877 9012 777 gi|54 13208 13346
msp 4239 s 409 84.8 1 444 gi|35 9992 10116 580 gi|43 8877 8994
msp 1739 s 288 82.4 1 101 gi|16 17072 17145 580 gi|43 8877 8951
msp 2041 s 345 84.6 -1 118 gi|17 14996 15060 580 gi|43 8881 8945
