index 583
frag gi|43 21638 21867
img_no 43
msp 3301 s 266 78.4 1 254 gi|24 28615 28790 583 gi|43 21638 21803
msp 2357 s 274 88.2 -1 159 gi|19 33123 33325 583 gi|43 21660 21837
msp 4039 s 387 78.9 -1 423 gi|33 24046 24192 583 gi|43 21693 21841
msp 721 s 296 79.0 -1 876 gi|6 36029 36171 583 gi|43 21716 21851
msp 4590 s 439 84.1 1 583 gi|43 21732 21844 853 gi|58 39538 39655
msp 2769 s 396 82.7 -1 209 gi|22 2148 2251 583 gi|43 21734 21844
msp 3347 s 518 88.9 1 290 gi|27 5083 5199 583 gi|43 21735 21845
msp 3929 s 300 73.4 1 384 gi|31 28013 28121 583 gi|43 21735 21845
msp 2509 s 258 83.0 1 184 gi|20 30459 30587 583 gi|43 21735 21844
msp 4277 s 524 82.8 -1 458 gi|35 33891 34024 583 gi|43 21736 21867
msp 3339 s 599 85.0 -1 290 gi|27 5070 5202 583 gi|43 21736 21859
msp 3841 s 345 82.9 -1 375 gi|31 11673 11795 583 gi|43 21736 21858
msp 3579 s 489 87.6 -1 300 gi|28 3032 3160 583 gi|43 21736 21856
msp 3585 s 304 85.3 1 300 gi|28 3040 3155 583 gi|43 21736 21844
msp 4441 s 265 82.6 1 492 gi|37 39645 39765 583 gi|43 21737 21844
msp 659 s 426 85.6 -1 869 gi|6 21940 22043 583 gi|43 21738 21844
msp 4592 s 423 88.7 1 583 gi|43 21738 21843 609 gi|44 27199 27304
msp 2655 s 447 86.5 -1 201 gi|21 22358 22468 583 gi|43 21739 21845
msp 3845 s 287 80.4 1 375 gi|31 11690 11791 583 gi|43 21739 21844
msp 657 s 458 78.8 1 869 gi|6 21940 22052 583 gi|43 21740 21854
msp 1897 s 557 83.0 -1 114 gi|17 7018 7129 583 gi|43 21740 21850
msp 2665 s 623 92.0 1 201 gi|21 22359 22470 583 gi|43 21740 21848
msp 1913 s 490 87.8 1 114 gi|17 7024 7130 583 gi|43 21740 21845
msp 2617 s 350 85.7 1 199 gi|21 19653 19757 583 gi|43 21740 21844
msp 2771 s 367 85.0 1 209 gi|22 2148 2247 583 gi|43 21740 21844
msp 4285 s 464 91.7 1 458 gi|35 33913 34020 583 gi|43 21740 21844
msp 4594 s 341 78.1 -1 583 gi|43 21740 21844 592 gi|44 1671 1772
msp 3939 s 364 75.2 -1 384 gi|31 28020 28120 583 gi|43 21740 21843
msp 4596 s 379 84.5 -1 583 gi|43 21740 21836 625 gi|45 32517 32618
msp 3563 s 381 87.3 1 341 gi|29 28249 28303 583 gi|43 21740 21794
msp 4598 s 257 90.2 1 583 gi|43 21740 21780 672 gi|49 15154 15196
msp 4041 s 314 78.6 1 423 gi|33 24046 24148 583 gi|43 21743 21846
msp 4600 s 507 87.6 1 583 gi|43 21752 21856 625 gi|45 32521 32633
msp 4602 s 325 88.3 -1 583 gi|43 21769 21845 728 gi|51 24380 24451
msp 3009 s 264 86.2 -1 225 gi|22 37734 37791 583 gi|43 21786 21844
msp 3839 s 262 83.1 -1 373 gi|31 8755 8831 583 gi|43 21788 21859
msp 3313 s 286 94.6 -1 254 gi|24 28731 28786 583 gi|43 21794 21844
msp 3835 s 287 86.0 1 372 gi|31 8625 8674 583 gi|43 21796 21845
msp 3435 s 326 89.8 1 320 gi|29 462 510 583 gi|43 21796 21844
msp 3559 s 333 94.1 -1 341 gi|29 28248 28298 583 gi|43 21797 21845
msp 3703 s 272 83.6 -1 353 gi|30 7123 7177 583 gi|43 21799 21850
msp 3923 s 312 93.8 -1 380 gi|31 19722 19769 583 gi|43 21800 21845
msp 4497 s 251 94.1 1 549 gi|40 35496 35529 583 gi|43 21800 21833
