index 592
frag gi|44 1645 1782
img_no 19
msp 3919 s 317 90.6 1 380 gi|31 19685 19780 592 gi|44 1645 1734
msp 2641 s 330 85.0 1 201 gi|21 22351 22470 592 gi|44 1661 1775
msp 3557 s 309 90.8 1 341 gi|29 28245 28309 592 gi|44 1667 1726
msp 3353 s 286 81.7 1 290 gi|27 5085 5199 592 gi|44 1668 1773
msp 3831 s 268 82.3 -1 372 gi|31 8608 8675 592 gi|44 1669 1743
msp 3247 s 259 84.6 1 247 gi|24 11402 11466 592 gi|44 1669 1733
msp 635 s 297 81.6 1 869 gi|6 21939 22052 592 gi|44 1670 1782
msp 2479 s 273 81.7 -1 182 gi|20 22964 23023 592 gi|44 1670 1726
msp 1017 s 273 91.1 1 913 gi|8 14813 14857 592 gi|44 1670 1714
msp 1893 s 301 77.6 -1 114 gi|17 7014 7129 592 gi|44 1671 1782
msp 1927 s 274 75.9 1 114 gi|17 7024 7131 592 gi|44 1671 1774
msp 2653 s 324 82.0 -1 201 gi|21 22357 22467 592 gi|44 1671 1774
msp 4281 s 294 84.5 -1 458 gi|35 33911 34020 592 gi|44 1671 1774
msp 4287 s 269 81.5 1 458 gi|35 33913 34020 592 gi|44 1671 1772
msp 4595 s 341 78.1 -1 583 gi|43 21740 21844 592 gi|44 1671 1772
msp 663 s 266 69.6 -1 869 gi|6 21940 22041 592 gi|44 1671 1772
msp 4710 s 288 81.2 -1 592 gi|44 1671 1739 625 gi|45 32543 32618
msp 3945 s 361 83.0 1 384 gi|31 28022 28121 592 gi|44 1674 1773
msp 4712 s 253 84.3 1 592 gi|44 1679 1780 625 gi|45 32517 32628
