index 596
frag gi|44 4742 4911
img_no 19
msp 3879 s 381 78.8 1 379 gi|31 15619 15769 596 gi|44 4742 4897
msp 3809 s 468 82.9 -1 369 gi|31 748 870 596 gi|44 4789 4911
msp 3895 s 442 81.8 -1 379 gi|31 15654 15763 596 gi|44 4789 4903
msp 3907 s 476 82.0 -1 379 gi|31 15714 15824 596 gi|44 4789 4902
msp 3817 s 281 80.0 1 369 gi|31 773 877 596 gi|44 4789 4898
msp 3909 s 316 76.2 1 379 gi|31 15727 15831 596 gi|44 4789 4898
msp 4718 s 366 78.2 1 596 gi|44 4789 4898 778 gi|54 14930 15034
msp 4714 s 499 87.2 -1 596 gi|44 4789 4897 778 gi|54 14924 15027
msp 4716 s 431 80.7 -1 596 gi|44 4789 4897 778 gi|54 14985 15088
msp 3865 s 266 80.5 -1 376 gi|31 14372 14448 596 gi|44 4789 4870
msp 3891 s 291 81.6 -1 379 gi|31 15627 15702 596 gi|44 4789 4869
msp 4720 s 342 78.9 1 596 gi|44 4790 4898 778 gi|54 14992 15095
msp 4722 s 352 79.8 -1 596 gi|44 4804 4897 778 gi|54 15046 15133
msp 3863 s 352 81.6 1 376 gi|31 14372 14469 596 gi|44 4808 4908
msp 3823 s 307 76.8 -1 369 gi|31 828 909 596 gi|44 4809 4897
msp 3889 s 337 82.7 1 379 gi|31 15627 15707 596 gi|44 4809 4896
msp 3799 s 347 82.8 1 369 gi|31 734 820 596 gi|44 4810 4902
msp 4724 s 262 75.9 1 596 gi|44 4843 4896 778 gi|54 14918 14971
msp 3915 s 295 83.3 -1 379 gi|31 15782 15829 596 gi|44 4850 4897
