index 60
frag gi|12 39613 39708
img_no 19
msp 1448 s 252 86.8 -1 60 gi|12 39613 39680 567 gi|42 15828 15898
msp 1450 s 283 86.8 1 60 gi|12 39616 39683 300 gi|28 3022 3093
msp 719 s 323 84.5 1 876 gi|6 36024 36081 60 gi|12 39622 39679
msp 1452 s 283 93.0 -1 60 gi|12 39625 39681 182 gi|20 22975 23038
msp 1454 s 328 88.2 -1 60 gi|12 39631 39681 562 gi|41 32199 32249
msp 1456 s 270 86.0 -1 60 gi|12 39631 39680 116 gi|17 13340 13389
msp 1460 s 258 88.2 1 60 gi|12 39632 39682 746 gi|52 21306 21360
msp 1462 s 257 87.8 1 60 gi|12 39632 39680 749 gi|52 28124 28173
msp 1466 s 257 89.8 1 60 gi|12 39632 39680 842 gi|58 10174 10224
msp 1458 s 264 89.6 -1 60 gi|12 39632 39679 564 gi|42 11796 11844
msp 1464 s 307 93.8 -1 60 gi|12 39632 39679 398 gi|32 11277 11326
msp 973 s 357 93.8 1 909 gi|8 690 737 60 gi|12 39632 39679
msp 1468 s 263 84.0 1 60 gi|12 39633 39682 212 gi|22 5774 5823
msp 1474 s 266 85.3 -1 60 gi|12 39634 39708 853 gi|58 39583 39655
msp 1472 s 277 82.0 -1 60 gi|12 39634 39694 266 gi|25 9570 9631
msp 1470 s 302 89.6 1 60 gi|12 39634 39681 567 gi|42 15891 15938
msp 1478 s 316 91.7 -1 60 gi|12 39634 39681 222 gi|22 31674 31721
msp 547 s 270 90.0 -1 862 gi|6 3756 3805 60 gi|12 39634 39681
msp 1476 s 329 95.6 -1 60 gi|12 39634 39678 609 gi|44 27266 27310
