index 613
frag gi|44 36751 38196
img_no 12
msp 4195 s 12553 99.9 1 432 gi|34 10104 11515 613 gi|44 36751 38168
msp 3531 s 12568 100.0 1 337 gi|29 19574 20974 613 gi|44 36751 38151
msp 2291 s 2527 100.0 -1 156 gi|19 24877 25159 613 gi|44 36751 37033
msp 3499 s 12560 100.0 1 328 gi|29 8445 9844 613 gi|44 36752 38151
msp 1665 s 12552 100.0 1 93 gi|15 31472 32870 613 gi|44 36752 38150
msp 4756 s 8910 99.9 -1 613 gi|44 36752 37753 641 gi|47 2880 3881
msp 2259 s 10055 100.0 -1 154 gi|19 21311 22433 613 gi|44 37028 38150
msp 4758 s 304 76.9 1 613 gi|44 37243 38196 721 gi|51 6824 7755
msp 4089 s 264 75.5 1 395 gi|32 7319 7776 613 gi|44 37547 38010
msp 4760 s 2561 96.4 -1 613 gi|44 37700 38035 639 gi|47 1 325
msp 4465 s 339 80.1 1 511 gi|39 749 929 613 gi|44 37811 38010
msp 4762 s 1057 94.8 -1 613 gi|44 38036 38171 807 gi|55 39867 40000
