index 623
frag gi|45 30904 31112
img_no 8
msp 3279 s 254 78.5 1 250 gi|24 21130 21264 623 gi|45 30904 31036
msp 4121 s 301 78.7 1 399 gi|32 14253 14327 623 gi|45 30931 31007
msp 813 s 394 82.7 -1 888 gi|7 2386 2460 623 gi|45 30932 31008
msp 4780 s 253 71.0 1 623 gi|45 30932 31007 819 gi|56 5224 5298
msp 4782 s 282 78.7 1 623 gi|45 30934 31060 810 gi|56 1402 1537
msp 1429 s 703 100.0 -1 59 gi|12 36897 36971 623 gi|45 30934 31008
msp 417 s 329 81.0 1 685 gi|5 1900 1983 623 gi|45 30935 31013
msp 411 s 261 73.2 1 685 gi|5 1854 1976 623 gi|45 30998 31112
