index 624
frag gi|45 31027 31531
img_no 14
msp 1433 s 1347 85.9 -1 59 gi|12 36905 37224 624 gi|45 31027 31336
msp 1435 s 473 79.0 -1 59 gi|12 36914 37094 624 gi|45 31033 31216
msp 4361 s 275 79.7 1 500 gi|38 13448 13664 624 gi|45 31050 31224
msp 4784 s 253 79.3 -1 624 gi|45 31149 31336 777 gi|54 13112 13295
msp 2885 s 259 74.1 1 219 gi|22 24499 24583 624 gi|45 31157 31246
msp 1423 s 1045 84.6 -1 59 gi|12 36886 37210 624 gi|45 31159 31455
msp 3067 s 254 74.1 1 235 gi|23 17957 18010 624 gi|45 31171 31224
msp 4363 s 250 78.5 1 500 gi|38 13449 13513 624 gi|45 31172 31235
msp 4786 s 266 83.1 1 624 gi|45 31270 31405 810 gi|56 1402 1549
msp 4119 s 313 80.0 1 399 gi|32 14239 14348 624 gi|45 31360 31460
msp 4788 s 297 75.0 1 624 gi|45 31362 31445 819 gi|56 5220 5300
msp 3283 s 256 80.4 1 250 gi|24 21159 21321 624 gi|45 31367 31531
msp 807 s 382 80.5 -1 888 gi|7 2384 2460 624 gi|45 31368 31446
msp 415 s 298 80.0 1 685 gi|5 1898 1977 624 gi|45 31369 31443
