index 625
frag gi|45 32450 32697
img_no 34
msp 4493 s 521 81.7 -1 550 gi|40 35495 35598 625 gi|45 32450 32556
msp 2767 s 325 80.7 -1 209 gi|22 2148 2256 625 gi|45 32499 32618
msp 3573 s 325 80.7 -1 300 gi|28 2956 3147 625 gi|45 32517 32697
msp 1891 s 537 83.3 -1 114 gi|17 7014 7121 625 gi|45 32517 32628
msp 4713 s 253 84.3 1 592 gi|44 1679 1780 625 gi|45 32517 32628
msp 673 s 291 79.6 1 869 gi|6 21948 22045 625 gi|45 32517 32624
msp 2659 s 383 91.2 -1 201 gi|21 22358 22459 625 gi|45 32517 32619
msp 3369 s 292 86.5 1 290 gi|27 5096 5199 625 gi|45 32517 32619
msp 4283 s 437 82.2 -1 458 gi|35 33912 34012 625 gi|45 32517 32619
msp 2681 s 350 86.1 1 201 gi|21 22367 22467 625 gi|45 32517 32618
msp 3363 s 340 84.5 -1 290 gi|27 5088 5190 625 gi|45 32517 32618
msp 4289 s 269 89.0 1 458 gi|35 33921 34020 625 gi|45 32517 32618
msp 4597 s 379 84.5 -1 583 gi|43 21740 21836 625 gi|45 32517 32618
msp 649 s 301 79.8 -1 869 gi|6 21940 22033 625 gi|45 32517 32618
msp 3315 s 272 92.5 1 254 gi|24 28739 28778 625 gi|45 32517 32556
msp 4043 s 306 83.2 1 423 gi|33 24054 24148 625 gi|45 32520 32620
msp 3847 s 346 91.2 -1 375 gi|31 11691 11781 625 gi|45 32520 32618
msp 3933 s 448 81.1 -1 384 gi|31 28020 28109 625 gi|45 32520 32617
msp 4601 s 507 87.6 1 583 gi|43 21752 21856 625 gi|45 32521 32633
msp 3635 s 272 87.6 1 300 gi|28 3059 3155 625 gi|45 32521 32618
msp 4790 s 295 83.7 1 625 gi|45 32521 32618 853 gi|58 39560 39655
msp 2461 s 257 81.5 -1 182 gi|20 22927 23007 625 gi|45 32521 32606
msp 2623 s 358 85.9 1 199 gi|21 19666 19757 625 gi|45 32522 32618
msp 1933 s 390 86.6 1 114 gi|17 7036 7147 625 gi|45 32523 32638
msp 4792 s 323 88.8 -1 625 gi|45 32535 32623 728 gi|51 24376 24454
msp 4711 s 288 81.2 -1 592 gi|44 1671 1739 625 gi|45 32543 32618
msp 3249 s 307 84.4 -1 247 gi|24 11404 11467 625 gi|45 32548 32618
msp 3701 s 292 92.9 -1 353 gi|30 7123 7178 625 gi|45 32572 32628
msp 3561 s 309 92.0 -1 341 gi|29 28248 28297 625 gi|45 32572 32619
msp 3837 s 325 89.4 1 372 gi|31 8628 8674 625 gi|45 32573 32619
msp 1195 s 263 80.4 1 30 gi|11 3705 3750 625 gi|45 32573 32618
msp 3439 s 346 91.3 1 320 gi|29 465 510 625 gi|45 32573 32618
msp 3921 s 312 93.8 -1 380 gi|31 19722 19769 625 gi|45 32574 32619
msp 4495 s 269 94.1 1 549 gi|40 35496 35529 625 gi|45 32574 32607
