index 626
frag gi|45 34461 34515
img_no 8
msp 431 s 261 90.2 1 688 gi|5 12956 13006 626 gi|45 34461 34506
msp 609 s 276 90.6 -1 868 gi|6 14393 14445 626 gi|45 34465 34515
msp 4794 s 312 88.6 -1 626 gi|45 34465 34508 657 gi|47 37170 37213
msp 1725 s 256 93.5 1 99 gi|16 6499 6529 626 gi|45 34476 34506
msp 4796 s 258 100.0 -1 626 gi|45 34476 34506 833 gi|57 421 453
msp 143 s 254 100.0 1 342 gi|3 1922 1949 626 gi|45 34476 34503
msp 4798 s 255 100.0 1 626 gi|45 34477 34506 661 gi|48 8858 8888
msp 1487 s 257 96.5 -1 68 gi|14 34 62 626 gi|45 34478 34506
