index 639
frag gi|47 1 354
img_no 11
msp 1675 s 2561 96.4 -1 93 gi|15 32420 32755 639 gi|47 1 325
msp 2271 s 2561 96.4 1 154 gi|19 21426 21761 639 gi|47 1 325
msp 3507 s 2561 96.4 -1 328 gi|29 9393 9728 639 gi|47 1 325
msp 3539 s 2561 96.4 -1 337 gi|29 20523 20858 639 gi|47 1 325
msp 4199 s 2561 96.4 -1 432 gi|34 11053 11388 639 gi|47 1 325
msp 4761 s 2561 96.4 -1 613 gi|44 37700 38035 639 gi|47 1 325
msp 4077 s 476 76.5 -1 392 gi|32 5795 6037 639 gi|47 11 253
msp 4463 s 339 80.1 -1 511 gi|39 749 929 639 gi|47 26 225
msp 4826 s 430 72.9 -1 639 gi|47 31 281 721 gi|51 7325 7578
msp 4475 s 284 73.7 -1 513 gi|39 6214 6426 639 gi|47 31 244
msp 4830 s 307 87.7 -1 639 gi|47 290 354 658 gi|48 250 310
