index 657
frag gi|47 37094 37354
img_no 15
msp 4851 s 254 86.7 -1 638 gi|46 35097 35194 657 gi|47 37094 37201
msp 3691 s 268 86.9 -1 317 gi|28 36824 36922 657 gi|47 37113 37205
msp 605 s 286 82.7 1 868 gi|6 14354 14463 657 gi|47 37116 37230
msp 611 s 267 84.4 -1 868 gi|6 14393 14469 657 gi|47 37129 37218
msp 429 s 261 83.9 1 688 gi|5 12945 13006 657 gi|47 37139 37204
msp 4777 s 280 85.5 1 622 gi|45 28706 28767 657 gi|47 37169 37239
msp 4795 s 312 88.6 -1 626 gi|45 34465 34508 657 gi|47 37170 37213
msp 425 s 263 78.3 -1 688 gi|5 12864 13006 657 gi|47 37172 37303
msp 4844 s 488 82.5 1 657 gi|47 37171 37336 799 gi|55 26707 26872
msp 4846 s 265 97.0 1 657 gi|47 37172 37204 833 gi|57 421 455
msp 4389 s 302 78.2 -1 509 gi|38 38506 38647 657 gi|47 37202 37351
msp 2693 s 294 83.1 1 206 gi|21 37838 37920 657 gi|47 37233 37312
msp 1563 s 599 81.7 1 87 gi|15 16576 16695 657 gi|47 37235 37354
msp 3029 s 424 78.1 1 229 gi|23 3375 3479 657 gi|47 37244 37349
msp 4297 s 447 79.6 -1 461 gi|36 5920 6022 657 gi|47 37246 37349
