index 667
frag gi|49 1452 1701
img_no 16
msp 1959 s 275 79.0 1 116 gi|17 13289 13388 667 gi|49 1452 1560
msp 4659 s 311 87.1 1 567 gi|42 15815 15876 667 gi|49 1494 1560
msp 1509 s 273 94.9 1 74 gi|14 19325 19383 667 gi|49 1500 1559
msp 3481 s 263 90.0 -1 327 gi|29 8258 8317 667 gi|49 1501 1560
msp 771 s 265 86.3 -1 876 gi|6 36035 36085 667 gi|49 1508 1559
msp 4555 s 299 83.6 1 563 gi|41 34624 34684 667 gi|49 1509 1571
msp 1793 s 254 80.2 -1 109 gi|16 34538 34729 667 gi|49 1509 1701
msp 4629 s 253 86.3 1 564 gi|42 11794 11844 667 gi|49 1509 1560
msp 2493 s 259 95.7 1 182 gi|20 22976 23022 667 gi|49 1510 1558
msp 2343 s 259 90.2 -1 159 gi|19 33108 33158 667 gi|49 1511 1563
msp 4161 s 280 81.2 1 400 gi|32 14447 14531 667 gi|49 1514 1601
msp 4115 s 290 96.2 1 398 gi|32 11279 11331 667 gi|49 1514 1565
msp 295 s 295 87.5 -1 532 gi|4 24931 24978 667 gi|49 1514 1562
msp 1051 s 312 89.8 -1 918 gi|8 31821 31869 667 gi|49 1514 1561
msp 2141 s 289 93.9 -1 138 gi|18 29294 29342 667 gi|49 1514 1560
msp 1713 s 294 88.9 -1 98 gi|16 3196 3240 667 gi|49 1514 1558
