index 668
frag gi|49 2420 2673
img_no 36
msp 995 s 365 80.8 -1 909 gi|8 692 816 668 gi|49 2420 2550
msp 2187 s 334 86.7 -1 142 gi|19 1633 1745 668 gi|49 2458 2551
msp 1703 s 292 80.3 -1 98 gi|16 3187 3262 668 gi|49 2488 2560
msp 3589 s 394 90.9 -1 300 gi|28 3042 3096 668 gi|49 2498 2552
msp 4745 s 252 90.9 -1 609 gi|44 27200 27254 668 gi|49 2498 2551
msp 4625 s 373 85.3 1 564 gi|42 11790 11857 668 gi|49 2499 2566
msp 1303 s 276 94.2 1 48 gi|12 7320 7371 668 gi|49 2499 2550
msp 3137 s 359 88.7 1 266 gi|25 9583 9635 668 gi|49 2502 2554
msp 4551 s 338 88.0 1 563 gi|41 34623 34672 668 gi|49 2502 2551
msp 4823 s 294 90.6 -1 628 gi|45 39349 39401 668 gi|49 2502 2551
msp 3665 s 266 92.7 1 309 gi|28 20919 20986 668 gi|49 2503 2565
msp 4888 s 302 88.1 -1 668 gi|49 2503 2561 711 gi|50 31980 32038
msp 1369 s 352 94.0 -1 51 gi|12 20067 20116 668 gi|49 2503 2551
msp 4886 s 265 87.8 -1 668 gi|49 2503 2551 786 gi|54 37473 37520
msp 2387 s 331 91.3 1 159 gi|19 33188 33302 668 gi|49 2504 2605
msp 4107 s 251 81.3 1 398 gi|32 11273 11422 668 gi|49 2502 2640
msp 2309 s 270 78.4 -1 159 gi|19 32999 33160 668 gi|49 2503 2673
msp 1995 s 320 77.5 1 116 gi|17 13340 13477 668 gi|49 2504 2647
msp 3465 s 388 79.4 -1 327 gi|29 8205 8306 668 gi|49 2504 2605
msp 801 s 256 86.7 1 876 gi|6 36095 36169 668 gi|49 2504 2567
msp 2827 s 306 81.1 -1 212 gi|22 5769 5821 668 gi|49 2504 2556
msp 4890 s 338 92.2 -1 668 gi|49 2504 2554 749 gi|52 28122 28173
msp 4892 s 284 84.3 1 668 gi|49 2504 2554 853 gi|58 39609 39659
msp 555 s 281 92.5 1 862 gi|6 3757 3809 668 gi|49 2504 2554
msp 2491 s 362 95.7 1 182 gi|20 22976 23022 668 gi|49 2504 2550
msp 1043 s 250 85.6 -1 918 gi|8 31775 31871 668 gi|49 2505 2603
msp 273 s 374 83.1 -1 532 gi|4 24916 24980 668 gi|49 2505 2571
msp 4898 s 311 87.7 1 668 gi|49 2505 2569 762 gi|53 13105 13168
msp 4900 s 277 86.7 -1 668 gi|49 2505 2564 853 gi|58 39532 39592
msp 4521 s 270 87.3 -1 562 gi|41 32218 32272 668 gi|49 2505 2560
msp 2949 s 320 87.0 1 222 gi|22 31676 31729 668 gi|49 2505 2558
msp 4894 s 399 92.3 1 668 gi|49 2505 2556 775 gi|54 9570 9621
msp 3977 s 364 90.0 -1 385 gi|31 32063 32112 668 gi|49 2505 2554
msp 4151 s 384 95.9 1 400 gi|32 14445 14493 668 gi|49 2505 2554
msp 729 s 272 87.5 -1 876 gi|6 36034 36081 668 gi|49 2505 2552
msp 4896 s 279 91.5 -1 668 gi|49 2505 2551 774 gi|54 7965 8013
