index 672
frag gi|49 15108 15605
img_no 36
msp 493 s 379 83.1 1 697 gi|5 34847 34929 672 gi|49 15108 15203
msp 1611 s 287 85.1 -1 91 gi|15 21041 21127 672 gi|49 15133 15220
msp 4445 s 265 84.8 -1 492 gi|37 39705 39783 672 gi|49 15133 15220
msp 2645 s 280 91.3 1 201 gi|21 22354 22399 672 gi|49 15145 15196
msp 1291 s 255 85.5 1 46 gi|12 354 408 672 gi|49 15148 15201
msp 4906 s 368 80.4 -1 672 gi|49 15149 15245 701 gi|50 1918 2009
msp 2503 s 265 77.9 -1 184 gi|20 30436 30589 672 gi|49 15152 15353
msp 1207 s 335 80.3 1 32 gi|11 4538 4913 672 gi|49 15153 15605
msp 4599 s 257 90.2 1 583 gi|43 21740 21780 672 gi|49 15154 15196
msp 4908 s 278 88.4 1 672 gi|49 15154 15196 853 gi|58 39545 39588
msp 4910 s 486 81.0 1 672 gi|49 15193 15334 796 gi|55 22401 22542
msp 4912 s 358 84.2 1 672 gi|49 15222 15322 701 gi|50 1910 2005
msp 3381 s 327 83.3 1 292 gi|27 10469 10570 672 gi|49 15231 15329
msp 4619 s 277 84.2 1 564 gi|42 11763 11844 672 gi|49 15238 15323
msp 1289 s 271 82.3 -1 46 gi|12 346 430 672 gi|49 15252 15337
msp 4345 s 293 80.3 -1 497 gi|38 6367 6432 672 gi|49 15254 15322
msp 4443 s 363 89.2 1 492 gi|37 39705 39769 672 gi|49 15255 15325
msp 4173 s 345 81.8 -1 408 gi|32 29657 29722 672 gi|49 15258 15325
msp 2477 s 269 79.0 1 182 gi|20 22962 23042 672 gi|49 15259 15338
msp 3985 s 257 82.5 -1 388 gi|31 33025 33081 672 gi|49 15268 15324
msp 4013 s 350 89.3 1 416 gi|33 7563 7618 672 gi|49 15274 15326
msp 2707 s 296 86.7 1 207 gi|21 38631 38690 672 gi|49 15275 15333
msp 4481 s 254 83.6 1 516 gi|39 21300 21354 672 gi|49 15275 15326
msp 501 s 279 86.8 -1 697 gi|5 34876 34928 672 gi|49 15275 15325
msp 1627 s 463 100.0 1 91 gi|15 21063 21112 672 gi|49 15275 15324
msp 3269 s 261 88.2 1 249 gi|24 19862 19912 672 gi|49 15275 15323
msp 2545 s 295 83.3 1 184 gi|20 30541 30588 672 gi|49 15275 15322
msp 4914 s 277 91.5 -1 672 gi|49 15275 15321 758 gi|53 7544 7596
msp 2991 s 290 89.4 1 224 gi|22 36473 36519 672 gi|49 15275 15320
msp 4920 s 268 88.4 1 672 gi|49 15276 15361 762 gi|53 13105 13182
msp 2825 s 252 92.6 -1 212 gi|22 5767 5820 672 gi|49 15276 15327
msp 4323 s 265 79.6 -1 467 gi|36 23609 23657 672 gi|49 15276 15324
msp 4916 s 279 95.9 -1 672 gi|49 15276 15324 749 gi|52 28123 28172
msp 2009 s 270 95.8 1 116 gi|17 13341 13388 672 gi|49 15276 15323
msp 4918 s 264 89.6 -1 672 gi|49 15276 15323 746 gi|52 21306 21357
msp 3153 s 258 95.7 1 266 gi|25 9586 9631 672 gi|49 15276 15321
