index 681
frag gi|49 32822 32974
img_no 17
msp 2701 s 269 86.4 -1 207 gi|21 38629 38709 681 gi|49 32822 32903
msp 4017 s 263 81.7 -1 416 gi|33 7564 7634 681 gi|49 32827 32901
msp 4934 s 284 83.3 1 681 gi|49 32829 32930 758 gi|53 7512 7623
msp 2751 s 281 84.8 1 208 gi|22 1470 1535 681 gi|49 32843 32906
msp 4936 s 352 89.1 -1 681 gi|49 32845 32908 796 gi|55 22474 22539
msp 2535 s 290 85.0 -1 184 gi|20 30535 30594 681 gi|49 32846 32906
msp 3389 s 323 88.5 -1 292 gi|27 10509 10569 681 gi|49 32847 32908
msp 4938 s 352 83.5 -1 681 gi|49 32851 32935 701 gi|50 1930 2007
msp 4343 s 310 83.9 1 497 gi|38 6366 6421 681 gi|49 32852 32908
msp 2987 s 301 86.8 -1 224 gi|22 36471 36523 681 gi|49 32852 32903
msp 1221 s 269 88.5 -1 32 gi|11 4605 4656 681 gi|49 32852 32902
msp 1605 s 402 86.0 -1 91 gi|15 21018 21110 681 gi|49 32853 32948
msp 4175 s 287 82.2 1 408 gi|32 29661 29733 681 gi|49 32854 32935
msp 4447 s 285 85.7 -1 492 gi|37 39710 39765 681 gi|49 32854 32911
msp 2011 s 259 93.5 -1 116 gi|17 13341 13386 681 gi|49 32854 32900
msp 4643 s 253 89.4 -1 564 gi|42 11796 11842 681 gi|49 32854 32900
msp 4403 s 283 85.0 1 479 gi|37 13625 13724 681 gi|49 32874 32974
