index 721
frag gi|51 6458 7755
img_no 14
msp 4471 s 632 78.8 1 512 gi|39 5597 5949 721 gi|51 6458 6805
msp 4067 s 5410 81.7 1 392 gi|32 4943 6138 721 gi|51 6511 7699
msp 4950 s 282 81.3 1 721 gi|51 6519 6609 769 gi|53 25689 25779
msp 4759 s 304 76.9 1 613 gi|44 37243 38196 721 gi|51 6824 7755
msp 1671 s 325 76.9 1 93 gi|15 31963 32764 721 gi|51 6824 7617
msp 2269 s 325 76.9 -1 154 gi|19 21417 22218 721 gi|51 6824 7617
msp 3503 s 325 76.9 1 328 gi|29 8936 9737 721 gi|51 6824 7617
msp 3535 s 325 76.9 1 337 gi|29 20066 20867 721 gi|51 6824 7617
msp 4197 s 325 76.9 1 432 gi|34 10596 11397 721 gi|51 6824 7617
msp 4473 s 2575 80.4 1 513 gi|39 5848 6546 721 gi|51 6998 7699
msp 4085 s 537 77.0 1 395 gi|32 7229 7879 721 gi|51 7028 7698
msp 4461 s 425 78.3 1 511 gi|39 508 1024 721 gi|51 7143 7692
msp 4827 s 430 72.9 -1 639 gi|47 31 281 721 gi|51 7325 7578
msp 4331 s 725 82.2 1 472 gi|36 32240 32447 721 gi|51 7493 7699
