index 728
frag gi|51 24357 24477
img_no 12
msp 2761 s 309 83.5 1 209 gi|22 2129 2219 728 gi|51 24357 24455
msp 4279 s 261 85.9 1 458 gi|35 33907 33991 728 gi|51 24374 24451
msp 1895 s 305 84.5 1 114 gi|17 7017 7126 728 gi|51 24375 24477
msp 4793 s 323 88.8 -1 625 gi|45 32535 32623 728 gi|51 24376 24454
msp 4603 s 325 88.3 -1 583 gi|43 21769 21845 728 gi|51 24380 24451
msp 3833 s 303 88.1 -1 372 gi|31 8616 8674 728 gi|51 24380 24440
msp 67 s 260 88.9 -1 12 gi|1 33277 33330 728 gi|51 24380 24437
msp 2625 s 283 87.3 -1 199 gi|21 19679 19757 728 gi|51 24381 24454
msp 4045 s 252 85.3 -1 423 gi|33 24072 24146 728 gi|51 24381 24451
msp 439 s 336 88.5 -1 689 gi|5 16798 16858 728 gi|51 24381 24444
msp 3251 s 265 90.6 1 247 gi|24 11404 11467 728 gi|51 24381 24441
msp 3941 s 324 90.1 1 384 gi|31 28020 28090 728 gi|51 24382 24450
