index 733
frag gi|51 37259 37504
img_no 22
msp 4335 s 456 78.6 1 494 gi|38 2285 2494 733 gi|51 37259 37481
msp 2115 s 322 81.2 -1 133 gi|18 22589 22801 733 gi|51 37276 37496
msp 831 s 506 73.9 1 896 gi|7 22169 22352 733 gi|51 37316 37502
msp 1099 s 530 83.8 1 18 gi|10 5596 5700 733 gi|51 37328 37436
msp 4383 s 458 76.7 1 509 gi|38 38478 38640 733 gi|51 37333 37497
msp 171 s 706 87.5 1 345 gi|3 16457 16616 733 gi|51 37342 37502
msp 25 s 347 83.3 -1 3 gi|1 14257 14334 733 gi|51 37344 37424
msp 4960 s 274 84.1 -1 733 gi|51 37344 37412 738 gi|52 11455 11515
msp 4309 s 317 84.7 -1 465 gi|36 20327 20470 733 gi|51 37345 37497
msp 1145 s 522 79.8 1 25 gi|10 23586 23704 733 gi|51 37345 37466
msp 3043 s 265 72.2 -1 229 gi|23 3420 3498 733 gi|51 37345 37427
msp 81 s 547 81.8 -1 14 gi|1 34002 34160 733 gi|51 37346 37504
msp 2791 s 377 83.6 1 211 gi|22 3889 3955 733 gi|51 37347 37412
msp 4962 s 298 76.9 1 733 gi|51 37348 37464 795 gi|55 22263 22373
msp 3187 s 351 78.7 -1 267 gi|25 11612 11705 733 gi|51 37348 37443
msp 4295 s 251 79.3 1 461 gi|36 5910 5991 733 gi|51 37349 37432
msp 3723 s 564 82.3 -1 360 gi|30 23427 23573 733 gi|51 37350 37499
msp 1253 s 412 82.5 -1 37 gi|11 13703 13845 733 gi|51 37353 37496
msp 4964 s 295 86.5 1 733 gi|51 37353 37404 794 gi|55 18809 18859
msp 4611 s 405 76.3 1 587 gi|43 35436 35549 733 gi|51 37361 37467
msp 4855 s 302 85.4 1 700 gi|50 1697 1744 733 gi|51 37365 37412
msp 883 s 394 83.0 1 901 gi|7 26930 27017 733 gi|51 37404 37493
