index 74
frag gi|14 19274 19449
img_no 17
msp 1498 s 281 88.4 -1 74 gi|14 19274 19394 138 gi|18 29282 29406
msp 339 s 313 89.9 -1 532 gi|4 24934 25012 74 gi|14 19300 19383
msp 1500 s 308 87.2 -1 74 gi|14 19308 19385 98 gi|16 3193 3263
msp 1502 s 313 90.1 1 74 gi|14 19317 19397 222 gi|22 31657 31738
msp 1504 s 268 90.1 -1 74 gi|14 19320 19390 567 gi|42 15882 15951
msp 1506 s 363 87.8 -1 74 gi|14 19321 19418 628 gi|45 39322 39413
msp 1508 s 273 94.9 1 74 gi|14 19325 19383 667 gi|49 1500 1559
msp 1510 s 262 93.5 1 74 gi|14 19327 19388 775 gi|54 9563 9620
msp 1512 s 250 92.6 1 74 gi|14 19329 19382 182 gi|20 22973 23022
msp 1516 s 253 87.3 -1 74 gi|14 19330 19392 182 gi|20 22897 22960
msp 1514 s 257 88.3 -1 74 gi|14 19330 19389 142 gi|19 1626 1682
msp 1518 s 250 87.0 -1 74 gi|14 19331 19407 746 gi|52 21288 21359
msp 1522 s 259 84.8 1 74 gi|14 19332 19449 400 gi|32 14444 14543
msp 1524 s 250 86.4 1 74 gi|14 19332 19390 665 gi|48 33427 33482
msp 1520 s 256 94.5 1 74 gi|14 19332 19386 564 gi|42 11795 11846
msp 1069 s 301 90.0 -1 918 gi|8 31823 31872 74 gi|14 19332 19383
msp 1526 s 258 96.2 1 74 gi|14 19333 19384 853 gi|58 39610 39657
