index 746
frag gi|52 21244 21421
img_no 31
msp 931 s 323 90.3 1 909 gi|8 641 743 746 gi|52 21244 21365
msp 4978 s 265 86.4 1 746 gi|52 21262 21408 853 gi|58 39496 39636
msp 2997 s 275 83.8 -1 224 gi|22 36474 36590 746 gi|52 21263 21357
msp 3155 s 331 86.3 -1 266 gi|25 9586 9680 746 gi|52 21267 21357
msp 3469 s 343 79.8 1 327 gi|29 8229 8347 746 gi|52 21276 21398
msp 2903 s 317 90.6 -1 222 gi|22 31663 31747 746 gi|52 21283 21371
msp 4319 s 261 79.7 -1 466 gi|36 21011 21084 746 gi|52 21284 21359
msp 1519 s 250 87.0 -1 74 gi|14 19331 19407 746 gi|52 21288 21359
msp 1799 s 278 88.7 1 109 gi|16 34656 34726 746 gi|52 21291 21357
msp 1333 s 301 83.6 1 51 gi|12 20055 20176 746 gi|52 21292 21421
msp 4685 s 312 85.5 1 567 gi|42 15879 15947 746 gi|52 21297 21368
msp 3963 s 253 84.2 1 385 gi|31 32057 32113 746 gi|52 21298 21358
msp 2819 s 311 95.1 1 212 gi|22 5760 5820 746 gi|52 21299 21357
msp 4733 s 267 87.5 1 609 gi|44 27193 27272 746 gi|52 21300 21384
msp 4635 s 398 96.5 -1 564 gi|42 11795 11851 746 gi|52 21300 21358
msp 4879 s 269 83.9 -1 665 gi|48 33427 33482 746 gi|52 21300 21358
msp 4980 s 252 88.1 1 746 gi|52 21301 21359 774 gi|54 7959 8015
msp 4145 s 277 88.7 -1 400 gi|32 14444 14496 746 gi|52 21302 21358
msp 1621 s 275 88.9 -1 91 gi|15 21060 21113 746 gi|52 21304 21360
msp 2445 s 274 84.5 1 182 gi|20 22903 22999 746 gi|52 21305 21410
msp 4982 s 319 92.7 -1 746 gi|52 21305 21359 762 gi|53 13103 13153
msp 4821 s 264 92.9 1 628 gi|45 39348 39403 746 gi|52 21306 21362
msp 1461 s 258 88.2 1 60 gi|12 39632 39682 746 gi|52 21306 21360
msp 329 s 283 90.0 1 532 gi|4 24933 24982 746 gi|52 21306 21359
msp 2017 s 316 95.8 -1 116 gi|17 13341 13388 746 gi|52 21306 21357
msp 4561 s 297 91.7 -1 563 gi|41 34626 34673 746 gi|52 21306 21357
msp 4919 s 264 89.6 -1 672 gi|49 15276 15323 746 gi|52 21306 21357
msp 2547 s 301 89.4 -1 184 gi|20 30542 30588 746 gi|52 21307 21357
msp 787 s 259 83.3 1 876 gi|6 36036 36119 746 gi|52 21308 21407
msp 2465 s 258 83.9 -1 182 gi|20 22936 23022 746 gi|52 21308 21397
msp 4984 s 309 92.5 -1 746 gi|52 21308 21387 853 gi|58 39584 39655
