index 778
frag gi|54 14910 15143
img_no 34
msp 3805 s 362 79.1 -1 369 gi|31 737 827 778 gi|54 14910 15001
msp 4765 s 351 79.5 -1 614 gi|44 38520 38631 778 gi|54 14915 15041
msp 3871 s 336 82.3 1 376 gi|31 14397 14475 778 gi|54 14915 14992
msp 4771 s 290 76.3 1 614 gi|44 38566 38624 778 gi|54 14915 14973
msp 3905 s 691 82.8 1 379 gi|31 15713 15834 778 gi|54 14916 15037
msp 3877 s 409 81.7 -1 379 gi|31 15608 15716 778 gi|54 14916 15013
msp 3857 s 482 81.3 -1 376 gi|31 14372 14462 778 gi|54 14916 15006
msp 3875 s 656 82.1 -1 379 gi|31 15608 15775 778 gi|54 14918 15074
msp 4725 s 262 75.9 1 596 gi|44 4843 4896 778 gi|54 14918 14971
msp 3899 s 1024 83.0 1 379 gi|31 15659 15834 778 gi|54 14923 15098
msp 3821 s 463 85.2 1 369 gi|31 827 907 778 gi|54 14923 15003
msp 3883 s 814 77.5 -1 379 gi|31 15627 15830 778 gi|54 14924 15127
msp 3811 s 615 79.6 1 369 gi|31 766 907 778 gi|54 14924 15064
msp 3803 s 606 77.1 -1 369 gi|31 737 876 778 gi|54 14924 15062
msp 4715 s 499 87.2 -1 596 gi|44 4789 4897 778 gi|54 14924 15027
msp 4719 s 366 78.2 1 596 gi|44 4789 4898 778 gi|54 14930 15034
msp 5024 s 278 85.5 -1 778 gi|54 14930 14984 836 gi|57 8489 8545
msp 3801 s 675 75.6 -1 369 gi|31 737 916 778 gi|54 14944 15123
msp 3859 s 390 80.0 1 376 gi|31 14372 14456 778 gi|54 14951 15035
msp 3881 s 843 80.3 1 379 gi|31 15627 15799 778 gi|54 14952 15124
msp 3807 s 689 74.4 1 369 gi|31 738 905 778 gi|54 14957 15123
msp 4769 s 282 79.4 1 614 gi|44 38561 38623 778 gi|54 14969 15033
msp 3861 s 335 78.1 -1 376 gi|31 14372 14467 778 gi|54 14971 15067
msp 3901 s 439 69.2 -1 379 gi|31 15687 15832 778 gi|54 14983 15128
msp 4717 s 431 80.7 -1 596 gi|44 4789 4897 778 gi|54 14985 15088
msp 4721 s 342 78.9 1 596 gi|44 4790 4898 778 gi|54 14992 15095
msp 3819 s 323 72.9 -1 369 gi|31 798 915 778 gi|54 15008 15124
msp 3797 s 447 73.3 1 369 gi|31 730 849 778 gi|54 15009 15128
msp 3885 s 528 80.2 1 379 gi|31 15627 15737 778 gi|54 15013 15123
msp 3867 s 305 81.2 1 376 gi|31 14377 14456 778 gi|54 15017 15096
msp 3913 s 277 68.2 -1 379 gi|31 15749 15836 778 gi|54 15040 15127
msp 3853 s 251 77.2 -1 376 gi|31 14356 14456 778 gi|54 15044 15143
msp 4723 s 352 79.8 -1 596 gi|44 4804 4897 778 gi|54 15046 15133
msp 3887 s 283 88.2 1 379 gi|31 15627 15677 778 gi|54 15074 15124
