index 799
frag gi|55 26696 27426
img_no 8
msp 4803 s 267 86.0 -1 628 gi|45 39297 39396 799 gi|55 26696 26774
msp 4845 s 488 82.5 1 657 gi|47 37171 37336 799 gi|55 26707 26872
msp 4229 s 325 81.2 -1 442 gi|35 6000 6175 799 gi|55 26717 26873
msp 1557 s 504 77.3 1 87 gi|15 16532 17015 799 gi|55 26737 27228
msp 2691 s 340 80.8 1 206 gi|21 37832 37904 799 gi|55 26766 26838
msp 907 s 357 77.6 -1 908 gi|7 35408 35791 799 gi|55 26823 27219
msp 4273 s 480 77.3 -1 456 gi|35 31214 31747 799 gi|55 26895 27426
msp 4839 s 418 79.1 1 654 gi|47 32663 33145 799 gi|55 26901 27386
