index 868
frag gi|6 14312 14490
img_no 11
msp 602 s 256 79.2 1 868 gi|6 14312 14436 591 gi|44 451 571
msp 604 s 286 82.7 1 868 gi|6 14354 14463 657 gi|47 37116 37230
msp 427 s 305 82.3 1 688 gi|5 12942 13009 868 gi|6 14373 14438
msp 606 s 295 85.5 -1 868 gi|6 14386 14468 735 gi|52 7442 7528
msp 610 s 267 84.4 -1 868 gi|6 14393 14469 657 gi|47 37129 37218
msp 608 s 276 90.6 -1 868 gi|6 14393 14445 626 gi|45 34465 34515
msp 612 s 284 84.6 -1 868 gi|6 14400 14490 853 gi|58 39483 39575
msp 614 s 250 90.9 -1 868 gi|6 14400 14443 99 gi|16 6485 6532
msp 616 s 254 88.9 1 868 gi|6 14402 14455 317 gi|28 36824 36886
msp 435 s 251 84.2 -1 688 gi|5 12969 13006 868 gi|6 14403 14440
msp 618 s 250 91.7 -1 868 gi|6 14403 14438 833 gi|57 418 455
