index 869
frag gi|6 21866 22245
img_no 27
msp 620 s 403 77.1 -1 869 gi|6 21866 22053 114 gi|17 7013 7213
msp 622 s 309 81.1 1 869 gi|6 21881 21986 254 gi|24 28669 28777
msp 624 s 368 84.7 1 869 gi|6 21915 21986 341 gi|29 28222 28295
msp 626 s 258 82.8 1 869 gi|6 21917 22044 384 gi|31 28007 28123
msp 628 s 349 88.9 -1 869 gi|6 21923 22003 320 gi|29 441 528
msp 630 s 303 74.5 -1 869 gi|6 21937 22042 375 gi|31 11690 11794
msp 636 s 313 75.9 -1 869 gi|6 21939 22245 423 gi|33 23853 24147
msp 634 s 297 81.6 1 869 gi|6 21939 22052 592 gi|44 1670 1782
msp 638 s 291 78.3 -1 869 gi|6 21939 22044 209 gi|22 2144 2248
msp 642 s 263 80.2 -1 869 gi|6 21939 22039 660 gi|48 6139 6230
msp 632 s 376 75.0 1 869 gi|6 21939 22038 199 gi|21 19652 19754
msp 640 s 255 83.0 1 869 gi|6 21939 21985 225 gi|22 37733 37779
msp 644 s 586 79.7 1 869 gi|6 21940 22180 201 gi|21 22359 22597
msp 668 s 282 80.1 1 869 gi|6 21940 22080 458 gi|35 33913 34047
msp 656 s 458 78.8 1 869 gi|6 21940 22052 583 gi|43 21740 21854
msp 660 s 434 77.7 -1 869 gi|6 21940 22051 300 gi|28 3033 3155
msp 652 s 459 81.7 -1 869 gi|6 21940 22043 290 gi|27 5086 5198
msp 658 s 426 85.6 -1 869 gi|6 21940 22043 583 gi|43 21738 21844
msp 646 s 302 77.5 -1 869 gi|6 21940 22041 201 gi|21 22359 22467
msp 654 s 292 84.3 1 869 gi|6 21940 22041 290 gi|27 5088 5198
msp 662 s 266 69.6 -1 869 gi|6 21940 22041 592 gi|44 1671 1772
msp 664 s 299 82.3 1 869 gi|6 21940 22041 114 gi|17 7024 7129
msp 666 s 308 80.4 -1 869 gi|6 21940 22041 458 gi|35 33913 34020
msp 648 s 301 79.8 -1 869 gi|6 21940 22033 625 gi|45 32517 32618
msp 650 s 276 85.1 1 869 gi|6 21940 21986 380 gi|31 19723 19769
msp 670 s 312 72.7 1 869 gi|6 21943 22041 423 gi|33 24046 24146
msp 672 s 291 79.6 1 869 gi|6 21948 22045 625 gi|45 32517 32624
