index 87
frag gi|15 16532 17661
img_no 16
msp 1556 s 504 77.3 1 87 gi|15 16532 17015 799 gi|55 26737 27228
msp 95 s 284 80.8 1 14 gi|1 34020 34144 87 gi|15 16550 16691
msp 197 s 330 82.3 -1 345 gi|3 16478 16601 87 gi|15 16550 16690
msp 1558 s 460 91.6 -1 87 gi|15 16564 16670 442 gi|35 6010 6114
msp 1560 s 340 87.1 1 87 gi|15 16566 16650 206 gi|21 37832 37915
msp 1562 s 599 81.7 1 87 gi|15 16576 16695 657 gi|47 37235 37354
msp 1564 s 352 88.7 -1 87 gi|15 16576 16690 509 gi|38 38507 38608
msp 1566 s 311 83.3 1 87 gi|15 16577 16690 360 gi|30 23459 23559
msp 1568 s 483 81.9 -1 87 gi|15 16585 16689 461 gi|36 5920 6024
msp 1570 s 404 80.8 1 87 gi|15 16588 16691 229 gi|23 3378 3481
msp 1572 s 270 85.1 -1 87 gi|15 16605 16691 700 gi|50 1697 1776
msp 1171 s 283 87.8 -1 25 gi|10 23605 23645 87 gi|15 16650 16690
msp 1574 s 266 93.9 1 87 gi|15 16650 16682 738 gi|52 11461 11493
msp 1576 s 615 77.6 -1 87 gi|15 16680 17661 599 gi|44 10222 11161
msp 1578 s 309 76.7 1 87 gi|15 16685 17031 649 gi|47 24277 24621
msp 1580 s 284 81.4 1 87 gi|15 16872 17011 654 gi|47 32841 32980
