index 874
frag gi|6 31970 33286
img_no 12
msp 684 s 1572 77.8 1 874 gi|6 31970 33286 569 gi|42 21926 23229
msp 231 s 261 84.4 1 528 gi|4 15310 15418 874 gi|6 31976 32093
msp 686 s 706 77.9 1 874 gi|6 32085 32568 569 gi|42 22867 23369
msp 688 s 520 80.4 -1 874 gi|6 32112 32789 56 gi|12 28745 29377
msp 690 s 331 78.0 -1 874 gi|6 32188 32759 424 gi|33 24275 24867
msp 692 s 265 78.1 -1 874 gi|6 32304 32801 483 gi|37 23288 23798
msp 694 s 266 74.8 -1 874 gi|6 32497 32595 607 gi|44 25860 25961
msp 696 s 465 77.2 1 874 gi|6 32531 32841 570 gi|42 23608 23931
msp 459 s 454 70.4 1 693 gi|5 19430 19736 874 gi|6 32961 33270
msp 702 s 300 77.6 1 874 gi|6 32984 33233 268 gi|25 11801 12040
msp 704 s 284 75.5 1 874 gi|6 33016 33231 125 gi|17 30420 30635
msp 706 s 288 78.1 -1 874 gi|6 33019 33233 319 gi|29 142 353
