index 876
frag gi|6 35998 36210
img_no 47
msp 710 s 266 80.1 1 876 gi|6 35998 36163 222 gi|22 31582 31734
msp 712 s 383 80.2 1 876 gi|6 36016 36131 300 gi|28 3027 3146
msp 714 s 506 82.8 -1 876 gi|6 36020 36188 853 gi|58 39500 39667
msp 716 s 491 85.2 1 876 gi|6 36022 36149 628 gi|45 39332 39464
msp 718 s 323 84.5 1 876 gi|6 36024 36081 60 gi|12 39622 39679
msp 275 s 337 88.5 1 532 gi|4 24921 24981 876 gi|6 36025 36082
msp 720 s 296 79.0 -1 876 gi|6 36029 36171 583 gi|43 21716 21851
msp 722 s 309 87.3 -1 876 gi|6 36033 36150 184 gi|20 30463 30590
msp 724 s 420 85.3 -1 876 gi|6 36034 36149 628 gi|45 39350 39466
msp 726 s 330 91.8 -1 876 gi|6 36034 36082 222 gi|22 31675 31723
msp 728 s 272 87.5 -1 876 gi|6 36034 36081 668 gi|49 2505 2552
msp 738 s 405 87.8 1 876 gi|6 36035 36149 853 gi|58 39544 39655
msp 742 s 416 88.7 -1 876 gi|6 36035 36149 609 gi|44 27201 27311
msp 744 s 361 84.3 1 876 gi|6 36035 36149 609 gi|44 27200 27310
msp 754 s 344 87.8 -1 876 gi|6 36035 36149 159 gi|19 33113 33233
msp 756 s 343 83.5 1 876 gi|6 36035 36149 159 gi|19 33112 33232
msp 752 s 305 84.5 -1 876 gi|6 36035 36105 775 gi|54 9545 9616
msp 762 s 283 87.0 -1 876 gi|6 36035 36103 398 gi|32 11259 11325
msp 772 s 273 82.3 -1 876 gi|6 36035 36102 762 gi|53 13084 13151
msp 736 s 254 83.9 1 876 gi|6 36035 36090 51 gi|12 20067 20122
msp 750 s 262 79.6 1 876 gi|6 36035 36088 327 gi|29 8259 8312
msp 740 s 250 80.4 1 876 gi|6 36035 36085 385 gi|31 32066 32116
msp 770 s 265 86.3 -1 876 gi|6 36035 36085 667 gi|49 1508 1559
msp 764 s 306 92.0 1 876 gi|6 36035 36084 109 gi|16 34681 34729
msp 748 s 303 87.8 -1 876 gi|6 36035 36083 116 gi|17 13339 13387
msp 766 s 303 89.8 1 876 gi|6 36035 36083 749 gi|52 28125 28174
msp 730 s 310 91.7 -1 876 gi|6 36035 36082 564 gi|42 11795 11843
msp 758 s 252 85.4 1 876 gi|6 36035 36082 142 gi|19 1633 1680
msp 732 s 302 91.5 1 876 gi|6 36035 36081 567 gi|42 15890 15936
msp 734 s 285 89.4 -1 876 gi|6 36035 36081 567 gi|42 15829 15875
msp 746 s 309 91.5 -1 876 gi|6 36035 36081 266 gi|25 9586 9632
msp 760 s 303 89.4 -1 876 gi|6 36035 36081 563 gi|41 34626 34672
msp 768 s 281 89.4 1 876 gi|6 36035 36081 711 gi|50 31989 32036
msp 776 s 379 82.6 -1 876 gi|6 36036 36150 182 gi|20 22905 23022
msp 774 s 424 89.5 1 876 gi|6 36036 36149 182 gi|20 22906 23022
msp 786 s 259 83.3 1 876 gi|6 36036 36119 746 gi|52 21308 21407
msp 782 s 310 86.8 1 876 gi|6 36036 36088 212 gi|22 5775 5830
msp 780 s 278 87.5 -1 876 gi|6 36036 36083 400 gi|32 14443 14490
msp 778 s 286 91.5 1 876 gi|6 36036 36082 562 gi|41 32226 32273
msp 784 s 295 91.3 1 876 gi|6 36036 36081 909 gi|8 692 737
msp 788 s 262 89.5 1 876 gi|6 36074 36149 398 gi|32 11259 11324
msp 790 s 261 92.1 1 876 gi|6 36091 36153 116 gi|17 13336 13389
msp 792 s 256 93.2 -1 876 gi|6 36091 36149 774 gi|54 7966 8020
msp 794 s 273 94.8 1 876 gi|6 36093 36150 400 gi|32 14442 14491
msp 798 s 252 88.0 -1 876 gi|6 36094 36210 749 gi|52 28044 28174
msp 796 s 266 85.5 -1 876 gi|6 36094 36176 212 gi|22 5747 5822
msp 800 s 256 86.7 1 876 gi|6 36095 36169 668 gi|49 2504 2567
