index 896
frag gi|7 22169 22388
img_no 22
msp 830 s 506 73.9 1 896 gi|7 22169 22352 733 gi|51 37316 37502
msp 169 s 707 81.0 1 345 gi|3 16448 16610 896 gi|7 22186 22347
msp 832 s 562 77.8 1 896 gi|7 22186 22347 509 gi|38 38479 38639
msp 834 s 706 82.2 -1 896 gi|7 22189 22368 360 gi|30 23397 23583
msp 836 s 627 84.1 1 896 gi|7 22197 22322 25 gi|10 23587 23710
msp 9 s 364 89.4 -1 3 gi|1 14249 14333 896 gi|7 22197 22271
msp 838 s 437 80.5 -1 896 gi|7 22198 22351 465 gi|36 20324 20468
msp 840 s 406 90.3 1 896 gi|7 22198 22269 211 gi|22 3889 3970
msp 842 s 280 76.5 1 896 gi|7 22199 22347 795 gi|55 22263 22407
msp 844 s 535 80.5 1 896 gi|7 22199 22316 494 gi|38 2355 2476
msp 848 s 391 77.8 -1 896 gi|7 22199 22279 267 gi|25 11624 11705
msp 846 s 435 91.5 -1 896 gi|7 22199 22269 724 gi|51 18914 18993
msp 852 s 256 75.7 -1 896 gi|7 22201 22377 133 gi|18 22561 22729
msp 850 s 349 86.6 1 896 gi|7 22201 22267 18 gi|10 5616 5682
msp 854 s 274 78.0 -1 896 gi|7 22204 22285 229 gi|23 3403 3493
msp 856 s 265 79.6 1 896 gi|7 22204 22252 794 gi|55 18809 18858
msp 75 s 849 82.9 -1 14 gi|1 33975 34155 896 gi|7 22205 22388
msp 858 s 356 76.2 -1 896 gi|7 22205 22355 37 gi|11 13695 13846
msp 860 s 281 76.7 -1 896 gi|7 22208 22267 738 gi|52 11450 11508
msp 862 s 304 78.0 1 896 gi|7 22214 22313 587 gi|43 35440 35545
msp 864 s 347 88.7 1 896 gi|7 22215 22267 700 gi|50 1698 1749
msp 866 s 322 71.4 1 896 gi|7 22230 22327 107 gi|16 30195 30293
