index 918
frag gi|8 31748 31991
img_no 17
msp 259 s 278 79.6 1 532 gi|4 24879 24981 918 gi|8 31748 31872
msp 1042 s 250 85.6 -1 918 gi|8 31775 31871 668 gi|49 2505 2603
msp 1044 s 289 78.3 -1 918 gi|8 31805 31873 400 gi|32 14443 14509
msp 1046 s 280 86.7 -1 918 gi|8 31818 31877 567 gi|42 15824 15880
msp 1048 s 272 83.6 1 918 gi|8 31819 31873 327 gi|29 8254 8307
msp 1056 s 283 87.5 -1 918 gi|8 31821 31876 398 gi|32 11272 11327
msp 1054 s 250 82.7 -1 918 gi|8 31821 31872 775 gi|54 9569 9618
msp 1052 s 252 86.3 1 918 gi|8 31821 31871 109 gi|16 34679 34726
msp 1050 s 312 89.8 -1 918 gi|8 31821 31869 667 gi|49 1514 1561
msp 1064 s 289 75.3 -1 918 gi|8 31822 31906 116 gi|17 13303 13388
msp 1058 s 291 87.7 1 918 gi|8 31821 31991 385 gi|31 32064 32201
msp 1062 s 295 82.8 -1 918 gi|8 31822 31879 466 gi|36 21005 21064
msp 1060 s 324 85.7 1 918 gi|8 31822 31877 138 gi|18 29294 29350
msp 1066 s 260 86.3 1 918 gi|8 31823 31873 300 gi|28 3043 3091
msp 1068 s 301 90.0 -1 918 gi|8 31823 31872 74 gi|14 19332 19383
msp 1070 s 322 91.8 1 918 gi|8 31824 31872 98 gi|16 3196 3243
msp 1072 s 272 89.6 -1 918 gi|8 31824 31871 182 gi|20 22977 23022
