index 93
frag gi|15 31419 32871
img_no 13
msp 1654 s 2574 99.1 -1 93 gi|15 31419 31753 156 gi|19 24877 25203
msp 1656 s 12554 99.6 1 93 gi|15 31435 32870 328 gi|29 8408 9843
msp 1658 s 12523 99.0 1 93 gi|15 31437 32870 337 gi|29 19543 20973
msp 1660 s 8898 99.3 -1 93 gi|15 31438 32473 641 gi|47 2880 3913
msp 1662 s 12575 99.4 1 93 gi|15 31440 32870 432 gi|34 10073 11503
msp 1664 s 12552 100.0 1 93 gi|15 31472 32870 613 gi|44 36752 38150
msp 1666 s 10055 100.0 -1 93 gi|15 31748 32870 154 gi|19 21311 22433
msp 1668 s 261 77.8 1 93 gi|15 31939 32784 392 gi|32 5239 6090
msp 1670 s 325 76.9 1 93 gi|15 31963 32764 721 gi|51 6824 7617
msp 1672 s 297 75.9 1 93 gi|15 32267 32730 395 gi|32 7319 7776
msp 1674 s 2561 96.4 -1 93 gi|15 32420 32755 639 gi|47 1 325
msp 1676 s 344 82.0 1 93 gi|15 32531 32730 511 gi|39 749 929
msp 1678 s 1058 100.0 -1 93 gi|15 32756 32871 807 gi|55 39885 40000
