1 1
2 1
3 13
4 2
5 2
6 4
7 1
8 3
9 1
10 1
11 1
12 6
13 1
14 23
15 1
16 7
17 1
18 21
19 1
20 1
21 3
22 1
23 1
24 3
25 21
26 5
27 1
28 1
29 2
30 4
31 1
32 22
33 1
34 2
35 2
36 3
37 15
38 1
39 1
40 3
41 1
42 1
43 2
44 2
45 1
46 2
47 1
48 11
49 1
50 2
51 33
52 8
53 2
54 1
55 1
56 12
57 1
58 4
59 16
60 19
61 6
62 3
63 3
64 1
65 2
66 1
67 4
68 4
69 1
70 1
71 1
72 2
73 1
74 17
75 1
76 1
77 1
78 1
79 5
80 1
81 1
82 1
83 1
84 1
85 1
86 1
87 16
88 4
89 4
90 3
91 27
92 1
93 13
94 2
95 1
96 1
97 1
98 25
99 4
100 1
101 11
102 7
103 1
104 1
105 1
106 2
107 7
108 9
109 38
110 7
111 1
112 1
113 1
114 38
115 9
116 51
117 1
118 6
119 1
120 3
121 5
122 2
123 2
124 1
125 3
126 1
127 1
128 8
129 8
130 1
131 1
132 2
133 9
134 1
135 1
136 1
137 1
138 17
139 1
140 4
141 2
142 28
143 1
144 1
145 2
146 4
147 2
148 3
149 6
150 1
151 1
152 22
153 1
154 12
155 6
156 6
157 3
158 1
159 60
160 1
161 1
162 2
163 3
164 1
165 1
166 4
167 7
168 2
169 8
170 1
171 1
172 1
173 4
174 1
175 2
176 1
177 1
178 10
179 1
180 2
181 1
182 54
183 1
184 36
185 2
186 1
187 1
188 1
189 1
190 2
191 3
192 1
193 1
194 1
195 2
196 3
197 8
198 1
199 15
200 5
201 32
202 2
203 1
204 1
205 1
206 4
207 11
208 6
209 17
210 1
211 19
212 40
213 2
214 1
215 1
216 2
217 5
218 2
219 5
220 1
221 1
222 46
223 12
224 21
225 9
226 3
227 2
228 1
229 18
230 1
231 1
232 2
233 1
234 2
235 10
236 1
237 2
238 1
239 6
240 1
241 4
242 7
243 2
244 1
245 1
246 1
247 9
248 1
249 15
250 11
251 4
252 1
253 1
254 12
255 2
256 1
257 1
258 1
259 2
260 2
261 2
262 1
263 6
264 2
265 6
266 52
267 21
268 10
269 1
270 1
271 1
272 2
273 1
274 1
275 7
276 2
277 2
278 3
279 5
280 2
281 1
282 1
283 1
284 1
285 2
286 3
287 3
288 7
289 1
290 30
291 1
292 14
293 5
294 5
295 2
296 1
297 1
298 1
299 5
300 64
301 3
302 1
303 1
304 4
305 7
306 6
307 1
308 4
309 14
310 1
311 1
312 1
313 6
314 1
315 2
316 2
317 4
318 1
319 9
320 12
321 2
322 2
323 1
324 1
325 1
326 1
327 37
328 12
329 1
330 1
331 12
332 1
333 1
334 1
335 1
336 2
337 12
338 1
339 1
340 3
341 21
342 13
343 1
344 4
345 25
346 2
347 4
348 1
349 1
350 1
351 1
352 4
353 8
354 5
355 6
356 1
357 9
358 1
359 1
360 22
361 1
362 1
363 1
364 1
365 2
366 1
367 1
368 6
369 14
370 6
371 2
372 11
373 2
374 1
375 17
376 10
377 1
378 1
379 21
380 12
381 1
382 1
383 2
384 22
385 37
386 2
387 1
388 5
389 1
390 4
391 1
392 11
393 3
394 1
395 9
396 1
397 1
398 26
399 7
400 46
401 2
402 1
403 3
404 2
405 2
406 2
407 1
408 9
409 8
410 3
411 1
412 3
413 5
414 2
415 1
416 9
417 1
418 1
419 2
420 2
421 2
422 1
423 25
424 6
425 3
426 1
427 7
428 1
429 1
430 1
431 1
432 13
433 3
434 9
435 1
436 3
437 1
438 1
439 1
440 1
441 5
442 3
443 1
444 6
445 1
446 1
447 1
448 13
449 1
450 1
451 2
452 1
453 1
454 5
455 2
456 2
457 1
458 28
459 1
460 1
461 13
462 1
463 1
464 4
465 11
466 5
467 3
468 1
469 3
470 1
471 2
472 4
473 1
474 1
475 1
476 1
477 1
478 2
479 1
480 2
481 3
482 5
483 6
484 1
485 1
486 8
487 1
488 5
489 1
490 3
491 5
492 20
493 1
494 18
495 1
496 2
497 12
498 4
499 4
500 13
501 1
502 1
503 1
504 1
505 1
506 1
507 1
508 15
509 17
510 4
511 13
512 2
513 5
514 1
515 1
516 14
517 1
518 8
519 10
520 1
521 3
522 1
523 1
524 1
525 1
526 1
527 1
528 3
529 1
530 9
531 4
532 49
533 1
534 1
535 1
536 1
537 2
538 1
539 2
540 6
541 2
542 1
543 1
544 1
545 1
546 1
547 2
548 10
549 5
550 1
551 1
552 1
553 1
554 2
555 4
556 1
557 2
558 1
559 1
560 6
561 1
562 41
563 36
564 46
565 1
566 2
567 72
568 1
569 9
570 5
571 1
572 1
573 1
574 3
575 2
576 1
577 5
578 2
579 1
580 13
581 1
582 1
583 43
584 3
585 1
586 5
587 11
588 1
589 2
590 1
591 1
592 19
593 1
594 1
595 7
596 19
597 5
598 1
599 3
600 1
601 1
602 2
603 1
604 1
605 1
606 1
607 1
608 1
609 61
610 2
611 1
612 1
613 12
614 13
615 1
616 1
617 1
618 6
619 1
620 1
621 1
622 7
623 8
624 14
625 34
626 8
627 1
628 53
629 4
630 1
631 1
632 1
633 1
634 3
635 1
636 1
637 1
638 3
639 11
640 6
641 9
642 3
643 3
644 2
645 1
646 6
647 1
648 1
649 1
650 1
651 1
652 1
653 1
654 4
655 5
656 1
657 15
658 3
659 1
660 2
661 3
662 1
663 3
664 1
665 16
666 1
667 16
668 36
669 1
670 1
671 2
672 36
673 1
674 13
675 1
676 6
677 1
678 7
679 1
680 2
681 17
682 1
683 5
684 7
685 7
686 1
687 1
688 8
689 3
690 2
691 3
692 1
693 16
694 1
695 1
696 1
697 9
698 1
699 1
700 21
701 21
702 1
703 1
704 5
705 1
706 4
707 1
708 1
709 1
710 1
711 33
712 1
713 1
714 2
715 1
716 1
717 7
718 1
719 1
720 1
721 14
722 1
723 1
724 16
725 1
726 5
727 4
728 12
729 1
730 1
731 1
732 1
733 22
734 1
735 2
736 1
737 1
738 10
739 3
740 1
741 1
742 1
743 1
744 1
745 4
746 31
747 1
748 1
749 45
750 2
751 4
752 3
753 1
754 2
755 1
756 1
757 1
758 3
759 1
760 2
761 1
762 29
763 1
764 2
765 1
766 1
767 1
768 1
769 2
770 1
771 1
772 6
773 1
774 32
775 44
776 1
777 10
778 34
779 3
780 2
781 2
782 1
783 14
784 1
785 1
786 10
787 4
788 4
789 2
790 1
791 2
792 1
793 2
794 5
795 15
796 15
797 1
798 2
799 8
800 2
801 4
802 4
803 1
804 2
805 2
806 2
807 6
808 1
809 1
810 3
811 4
812 3
813 1
814 1
815 1
816 3
817 3
818 2
819 6
820 6
821 1
822 10
823 1
824 5
825 3
826 1
827 1
828 1
829 1
830 1
831 1
832 2
833 6
834 4
835 1
836 3
837 1
838 1
839 1
840 1
841 2
842 15
843 1
844 6
845 4
846 3
847 2
848 1
849 2
850 5
851 1
852 1
853 72
854 1
855 1
856 3
857 1
858 1
859 1
860 1
861 1
862 29
863 1
864 1
865 13
866 1
867 1
868 11
869 27
870 1
871 1
872 1
873 2
874 12
875 3
876 47
877 1
878 1
879 1
880 1
881 1
882 1
883 6
884 1
885 2
886 1
887 1
888 5
889 1
890 1
891 2
892 1
893 1
894 1
895 1
896 22
897 1
898 1
899 1
900 5
901 1
902 3
903 1
904 1
905 1
906 4
907 1
908 2
909 41
910 3
911 1
912 1
913 2
914 6
915 3
916 3
917 1
918 17
919 1
920 1
921 1
922 1
923 1
924 2
925 3
926 1
927 1
928 1
929 2
930 2
931 1
