index 114
frag gi|17 31842 32677
img_no 25
msp 1230 s 570 77.3 1 114 gi|17 31842 32383 538 gi|45 14638 15199
msp 1232 s 271 76.4 1 114 gi|17 31850 32362 528 gi|44 28565 29060
msp 653 s 865 71.9 -1 21 gi|10 24712 25330 114 gi|17 31856 32494
msp 1234 s 574 69.7 1 114 gi|17 31868 32497 436 gi|39 28298 28963
msp 913 s 1246 74.3 1 655 gi|9 34080 34877 114 gi|17 31877 32677
msp 463 s 1079 75.8 -1 608 gi|5 24776 25378 114 gi|17 31897 32500
msp 1236 s 485 75.7 1 114 gi|17 31918 32460 270 gi|28 32179 32727
msp 1238 s 771 74.8 1 114 gi|17 31945 32480 195 gi|24 220 772
msp 1240 s 1624 77.3 1 114 gi|17 31954 32544 471 gi|40 27989 28597
msp 1242 s 567 72.0 -1 114 gi|17 32100 32499 417 gi|38 22835 23234
msp 1244 s 350 75.2 -1 114 gi|17 32193 32587 511 gi|43 19170 19565
msp 1246 s 264 81.6 1 114 gi|17 32200 32406 345 gi|33 6616 6810
msp 1248 s 269 78.6 1 114 gi|17 32204 32362 396 gi|36 37764 37913
msp 875 s 282 76.9 -1 649 gi|9 24398 24540 114 gi|17 32242 32389
msp 1250 s 340 74.0 -1 114 gi|17 32243 32588 280 gi|29 25996 26347
msp 421 s 255 87.0 -1 603 gi|5 14430 14506 114 gi|17 32252 32337
msp 1252 s 263 80.4 -1 114 gi|17 32256 32367 330 gi|31 35156 35261
msp 1254 s 320 75.5 1 114 gi|17 32280 32442 268 gi|28 27553 27718
msp 37 s 529 78.2 -1 291 gi|3 20592 20825 114 gi|17 32282 32518
msp 633 s 262 78.5 -1 17 gi|10 15421 15643 114 gi|17 32285 32510
msp 1256 s 307 83.4 1 114 gi|17 32285 32465 551 gi|46 2425 2605
msp 1258 s 324 75.5 -1 114 gi|17 32285 32439 240 gi|26 34661 34815
msp 1260 s 268 76.3 -1 114 gi|17 32286 32382 227 gi|26 4903 4999
msp 1262 s 310 70.8 -1 114 gi|17 32288 32527 323 gi|31 18756 18986
msp 1264 s 281 73.2 -1 114 gi|17 32293 32512 509 gi|43 18380 18598
