index 124
frag gi|19 941 1686
img_no 10
msp 1292 s 878 74.1 1 124 gi|19 941 1686 322 gi|31 16760 17515
msp 599 s 279 71.2 1 635 gi|8 31973 32316 124 gi|19 967 1302
msp 583 s 630 72.0 1 634 gi|8 30248 30861 124 gi|19 1006 1619
msp 853 s 566 71.6 1 648 gi|9 22422 23058 124 gi|19 1015 1651
msp 1294 s 516 76.2 1 124 gi|19 1015 1161 263 gi|28 19766 19912
msp 1296 s 573 70.8 -1 124 gi|19 1016 1303 546 gi|45 25690 25976
msp 869 s 357 76.3 1 649 gi|9 24245 24514 124 gi|19 1042 1317
msp 1298 s 463 73.9 1 124 gi|19 1048 1419 323 gi|31 18717 19106
msp 1300 s 260 72.0 1 124 gi|19 1207 1299 316 gi|31 7050 7142
msp 1187 s 267 71.8 -1 88 gi|15 40173 40243 124 gi|19 1594 1664
