index 140
frag gi|20 5967 8649
img_no 10
msp 1358 s 22789 95.9 1 140 gi|20 5967 8645 361 gi|34 28078 30745
msp 337 s 22770 95.8 1 624 gi|7 12400 15067 140 gi|20 5967 8645
msp 1360 s 22520 96.3 -1 140 gi|20 5973 8642 338 gi|32 22118 24750
msp 829 s 23023 95.8 1 646 gi|9 17976 20643 140 gi|20 5973 8640
msp 283 s 22784 95.5 1 9 gi|1 27168 29847 140 gi|20 5977 8649
msp 1362 s 933 100.0 1 140 gi|20 5977 6084 207 gi|25 8874 8981
msp 1364 s 22146 96.4 1 140 gi|20 6072 8640 208 gi|25 10221 12801
msp 1 s 800 74.8 1 286 gi|3 2003 2851 140 gi|20 6374 7207
msp 19 s 319 68.6 1 287 gi|3 3436 3658 140 gi|20 7669 7900
msp 195 s 2093 93.1 -1 451 gi|4 27666 27926 140 gi|20 8381 8641
