index 158
frag gi|21 25155 25537
img_no 9
msp 1406 s 432 71.3 1 158 gi|21 25155 25450 364 gi|35 2945 3246
msp 1408 s 611 76.5 1 158 gi|21 25160 25537 552 gi|46 7308 7709
msp 1131 s 850 78.2 1 84 gi|15 32966 33296 158 gi|21 25160 25474
msp 1153 s 891 75.5 1 85 gi|15 34859 35189 158 gi|21 25160 25474
msp 1410 s 487 80.1 -1 158 gi|21 25165 25461 437 gi|39 31568 31883
msp 1414 s 267 72.6 1 158 gi|21 25172 25437 307 gi|30 32376 32665
msp 1416 s 823 71.6 1 158 gi|21 25174 25536 504 gi|43 11919 12287
msp 1177 s 366 74.6 1 86 gi|15 36756 37070 158 gi|21 25178 25483
msp 1097 s 484 81.0 1 83 gi|15 31300 31436 158 gi|21 25350 25486
