index 159
frag gi|21 25408 26038
img_no 9
msp 1155 s 784 77.1 1 85 gi|15 35241 35830 159 gi|21 25408 26003
msp 1418 s 1066 75.7 1 159 gi|21 25427 26038 552 gi|46 7714 8313
msp 1420 s 337 75.2 1 159 gi|21 25446 25800 364 gi|35 3344 3686
msp 1107 s 739 79.1 1 83 gi|15 31515 32044 159 gi|21 25453 25989
msp 1422 s 388 74.0 -1 159 gi|21 25460 25989 437 gi|39 30939 31465
msp 1424 s 526 75.8 1 159 gi|21 25469 25984 504 gi|43 12301 12841
msp 1133 s 711 75.8 1 84 gi|15 33444 33935 159 gi|21 25517 26007
msp 1426 s 490 73.1 1 159 gi|21 25665 25976 535 gi|45 9241 9558
msp 1181 s 303 70.6 1 86 gi|15 37385 37680 159 gi|21 25696 25985
