index 168
frag gi|22 19060 19154
img_no 9
msp 1007 s 289 90.2 -1 99 gi|16 33087 33147 168 gi|22 19060 19120
msp 575 s 299 95.2 1 633 gi|8 26560 26601 168 gi|22 19060 19099
msp 1021 s 309 85.6 1 99 gi|16 34712 34808 168 gi|22 19064 19154
msp 803 s 316 92.5 1 38 gi|11 30766 30805 168 gi|22 19064 19103
msp 1440 s 291 94.4 -1 168 gi|22 19064 19099 393 gi|36 32236 32271
msp 1442 s 291 94.4 1 168 gi|22 19064 19099 212 gi|25 18512 18547
msp 789 s 286 91.7 -1 37 gi|11 28490 28525 168 gi|22 19064 19099
msp 1444 s 266 91.4 1 168 gi|22 19065 19099 393 gi|36 33844 33878
msp 1446 s 266 91.4 -1 168 gi|22 19065 19099 212 gi|25 16905 16939
