index 17
frag gi|10 15389 15965
img_no 10
msp 630 s 1328 72.4 1 17 gi|10 15389 15965 227 gi|26 4734 5321
msp 632 s 262 78.5 -1 17 gi|10 15421 15643 114 gi|17 32285 32510
msp 469 s 272 76.7 1 608 gi|5 24783 24988 17 gi|10 15438 15640
msp 634 s 255 78.2 -1 17 gi|10 15495 15650 270 gi|28 32541 32681
msp 636 s 364 85.5 -1 17 gi|10 15501 15713 195 gi|24 528 714
msp 933 s 267 78.5 -1 655 gi|9 34412 34588 17 gi|10 15546 15716
msp 638 s 279 81.4 -1 17 gi|10 15546 15647 471 gi|40 28316 28417
msp 883 s 286 76.7 1 649 gi|9 24406 24624 17 gi|10 15547 15756
msp 640 s 271 73.5 1 17 gi|10 15554 15700 323 gi|31 18900 19052
msp 642 s 264 80.6 1 17 gi|10 15562 15669 330 gi|31 35158 35264
