index 184
frag gi|23 23696 24015
img_no 9
msp 215 s 286 85.2 -1 455 gi|4 36529 36616 184 gi|23 23696 23781
msp 1464 s 2618 98.4 1 184 gi|23 23699 24015 422 gi|38 33801 34114
msp 1466 s 2661 97.8 -1 184 gi|23 23702 24015 196 gi|24 3320 3636
msp 1468 s 2682 99.3 -1 184 gi|23 23714 24015 567 gi|47 7199 7498
msp 1470 s 2587 98.3 1 184 gi|23 23727 24015 578 gi|47 28921 29209
msp 1472 s 2641 99.7 -1 184 gi|23 23729 24015 415 gi|38 21549 21835
msp 1474 s 2648 100.0 1 184 gi|23 23730 24015 501 gi|43 4521 4806
msp 1476 s 2227 94.3 1 184 gi|23 23734 24015 284 gi|29 30591 30872
msp 733 s 254 85.1 1 29 gi|11 12772 12818 184 gi|23 23749 23799
