index 196
frag gi|24 3320 3636
img_no 9
msp 1467 s 2661 97.8 -1 184 gi|23 23702 24015 196 gi|24 3320 3636
msp 1576 s 2672 99.7 1 196 gi|24 3320 3613 567 gi|47 7199 7494
msp 1578 s 2587 98.3 -1 196 gi|24 3320 3608 578 gi|47 28921 29209
msp 1582 s 2641 99.7 1 196 gi|24 3320 3606 415 gi|38 21549 21835
msp 1580 s 2648 100.0 -1 196 gi|24 3320 3605 501 gi|43 4521 4806
msp 1584 s 2617 99.3 -1 196 gi|24 3320 3605 422 gi|38 33829 34114
msp 1586 s 2227 94.3 -1 196 gi|24 3320 3601 284 gi|29 30591 30872
msp 731 s 254 85.1 -1 29 gi|11 12772 12818 196 gi|24 3536 3586
msp 227 s 289 87.2 1 455 gi|4 36529 36575 196 gi|24 3554 3601
