index 208
frag gi|25 10221 12809
img_no 10
msp 837 s 22911 97.9 1 646 gi|9 18075 20651 208 gi|25 10221 12809
msp 1502 s 22344 98.1 -1 208 gi|25 10221 12806 338 gi|32 22117 24652
msp 285 s 22136 96.7 1 9 gi|1 27263 29839 208 gi|25 10221 12804
msp 1504 s 22127 96.9 1 208 gi|25 10221 12803 361 gi|34 28183 30742
msp 345 s 22111 96.8 1 624 gi|7 12505 15064 208 gi|25 10221 12803
msp 1365 s 22146 96.4 1 140 gi|20 6072 8640 208 gi|25 10221 12801
msp 3 s 790 75.4 1 286 gi|3 2004 2401 208 gi|25 10525 10926
msp 13 s 287 71.3 1 286 gi|3 2629 2851 208 gi|25 11138 11357
msp 21 s 284 68.2 1 287 gi|3 3436 3658 208 gi|25 11838 12069
msp 189 s 2074 91.3 -1 451 gi|4 27663 27962 208 gi|25 12515 12806
