index 21
frag gi|10 24684 25815
img_no 24
msp 650 s 315 77.7 -1 21 gi|10 24684 24921 550 gi|46 1595 1833
msp 652 s 865 71.9 -1 21 gi|10 24712 25330 114 gi|17 31856 32494
msp 925 s 1036 77.1 -1 655 gi|9 34155 34700 21 gi|10 24712 25246
msp 656 s 950 72.7 1 21 gi|10 24713 25815 417 gi|38 22841 23997
msp 658 s 594 75.3 -1 21 gi|10 24713 25276 195 gi|24 193 786
msp 654 s 1225 82.4 -1 21 gi|10 24713 25092 471 gi|40 28149 28528
msp 39 s 500 78.6 1 291 gi|3 20629 20983 21 gi|10 24716 25085
msp 660 s 330 73.0 1 21 gi|10 24735 24923 131 gi|19 38196 38387
msp 664 s 417 70.2 1 21 gi|10 24742 25272 280 gi|29 26117 26659
msp 662 s 438 72.9 -1 21 gi|10 24742 25099 406 gi|38 1177 1554
msp 417 s 252 80.9 1 603 gi|5 14309 14491 21 gi|10 24745 24932
msp 666 s 387 74.6 -1 21 gi|10 24746 25214 270 gi|28 32241 32727
msp 668 s 294 76.4 -1 21 gi|10 24746 24923 528 gi|44 28981 29161
msp 873 s 332 81.1 1 649 gi|9 24360 24502 21 gi|10 24779 24921
msp 670 s 299 80.9 1 21 gi|10 24793 24923 511 gi|43 19351 19482
msp 672 s 392 75.0 -1 21 gi|10 24806 25317 436 gi|39 28313 28863
msp 674 s 343 73.7 -1 21 gi|10 24823 24921 538 gi|45 15101 15199
msp 676 s 393 80.6 -1 21 gi|10 24824 24921 551 gi|46 2425 2522
msp 678 s 270 79.1 1 21 gi|10 24826 24954 323 gi|31 18894 19013
msp 680 s 337 75.5 1 21 gi|10 24828 24921 240 gi|26 34722 34815
msp 682 s 351 77.4 1 21 gi|10 24839 25210 330 gi|31 35156 35539
msp 684 s 304 75.5 1 21 gi|10 25190 25287 317 gi|31 7384 7481
msp 686 s 281 74.2 -1 21 gi|10 25350 25675 115 gi|17 33770 34098
msp 495 s 273 70.4 1 608 gi|5 25658 25873 21 gi|10 25500 25715
