index 227
frag gi|26 4734 5347
img_no 10
msp 631 s 1328 72.4 1 17 gi|10 15389 15965 227 gi|26 4734 5321
msp 1692 s 284 76.8 -1 227 gi|26 4903 5040 436 gi|39 28722 28845
msp 1694 s 282 74.8 -1 227 gi|26 4903 5001 538 gi|45 15100 15198
msp 1696 s 255 78.8 -1 227 gi|26 4903 5001 471 gi|40 28319 28417
msp 1261 s 268 76.3 -1 114 gi|17 32286 32382 227 gi|26 4903 4999
msp 1575 s 250 82.1 -1 195 gi|24 578 672 227 gi|26 4903 4997
msp 887 s 321 73.1 1 649 gi|9 24406 24535 227 gi|26 4904 5033
msp 1698 s 295 70.0 1 227 gi|26 4906 5005 330 gi|31 35144 35243
msp 71 s 284 79.0 1 291 gi|3 20728 20822 227 gi|26 4906 5000
msp 1700 s 270 79.3 1 227 gi|26 5184 5347 511 gi|43 19690 19844
