index 232
frag gi|26 20594 20749
img_no 10
msp 1175 s 394 78.3 -1 86 gi|15 36626 36754 232 gi|26 20594 20722
msp 1129 s 836 80.7 -1 84 gi|15 32834 32988 232 gi|26 20595 20749
msp 1151 s 872 81.9 -1 85 gi|15 34727 34881 232 gi|26 20595 20749
msp 1706 s 932 83.9 -1 232 gi|26 20595 20749 552 gi|46 7176 7330
msp 1710 s 513 72.3 -1 232 gi|26 20595 20742 535 gi|45 8499 8646
msp 1708 s 656 81.0 -1 232 gi|26 20595 20741 504 gi|43 11774 11920
msp 1712 s 447 86.8 -1 232 gi|26 20596 20746 555 gi|46 14896 15045
msp 1714 s 271 86.8 -1 232 gi|26 20596 20724 307 gi|30 32262 32381
msp 1095 s 890 82.3 -1 82 gi|15 31173 31325 232 gi|26 20597 20749
msp 1716 s 645 77.5 1 232 gi|26 20603 20749 437 gi|39 31875 32021
