index 241
frag gi|26 35343 35638
img_no 7
msp 1559 s 395 78.2 -1 195 gi|24 487 771 241 gi|26 35343 35638
msp 1744 s 282 67.7 -1 241 gi|26 35354 35520 268 gi|28 27577 27743
msp 1746 s 261 76.3 -1 241 gi|26 35384 35522 551 gi|46 2442 2586
msp 1748 s 281 70.5 -1 241 gi|26 35418 35600 561 gi|46 29541 29715
msp 935 s 256 71.2 -1 655 gi|9 34430 34592 241 gi|26 35438 35600
msp 1750 s 267 72.4 -1 241 gi|26 35438 35524 471 gi|40 28335 28421
msp 1752 s 261 71.7 1 241 gi|26 35460 35611 280 gi|29 26220 26378
