index 26
frag gi|11 4338 5591
img_no 8
msp 899 s 11019 97.9 -1 651 gi|9 26166 27431 26 gi|11 4338 5582
msp 698 s 11096 97.8 -1 26 gi|11 4345 5589 399 gi|37 484 1741
msp 845 s 11100 98.2 1 647 gi|9 21029 22277 26 gi|11 4353 5589
msp 549 s 11133 98.2 -1 630 gi|8 6975 8220 26 gi|11 4354 5588
msp 700 s 11080 98.2 -1 26 gi|11 4354 5582 353 gi|34 3970 5209
msp 702 s 11086 98.2 1 26 gi|11 4355 5584 391 gi|36 27515 28755
msp 377 s 11074 98.2 1 626 gi|7 29378 30616 26 gi|11 4355 5582
msp 704 s 327 91.3 1 26 gi|11 5546 5591 473 gi|40 38037 38082
