index 284
frag gi|29 30589 30872
img_no 9
msp 229 s 276 83.7 -1 455 gi|4 36529 36577 284 gi|29 30589 30638
msp 1477 s 2227 94.3 1 184 gi|23 23734 24015 284 gi|29 30591 30872
msp 1587 s 2227 94.3 -1 196 gi|24 3320 3601 284 gi|29 30591 30872
msp 1678 s 2213 94.3 -1 284 gi|29 30591 30872 415 gi|38 21549 21830
msp 1680 s 2188 92.5 1 284 gi|29 30591 30872 422 gi|38 33833 34114
msp 1682 s 2213 94.3 1 284 gi|29 30591 30872 501 gi|43 4525 4806
msp 1684 s 2213 94.3 -1 284 gi|29 30591 30872 567 gi|47 7199 7480
msp 1686 s 2172 92.2 1 284 gi|29 30591 30872 578 gi|47 28928 29209
msp 735 s 269 87.2 1 29 gi|11 12772 12818 284 gi|29 30606 30656
