index 286
frag gi|3 2003 2851
img_no 10
msp 0 s 800 74.8 1 286 gi|3 2003 2851 140 gi|20 6374 7207
msp 10 s 763 75.7 1 286 gi|3 2004 2851 624 gi|7 12810 13629
msp 287 s 833 75.5 1 9 gi|1 27573 28405 286 gi|3 2004 2851
msp 8 s 763 75.7 1 286 gi|3 2004 2851 361 gi|34 28488 29307
msp 2 s 790 75.4 1 286 gi|3 2004 2401 208 gi|25 10525 10926
msp 4 s 781 75.4 -1 286 gi|3 2004 2401 338 gi|32 23947 24348
msp 6 s 774 75.1 1 286 gi|3 2004 2401 646 gi|9 18378 18779
msp 12 s 287 71.3 1 286 gi|3 2629 2851 208 gi|25 11138 11357
msp 14 s 287 71.3 -1 286 gi|3 2629 2851 338 gi|32 23516 23735
msp 16 s 287 71.3 1 286 gi|3 2629 2851 646 gi|9 18991 19210
