index 338
frag gi|32 22116 24750
img_no 11
msp 187 s 2074 92.5 1 451 gi|4 27662 27926 338 gi|32 22116 22380
msp 1503 s 22344 98.1 -1 208 gi|25 10221 12806 338 gi|32 22117 24652
msp 1361 s 22520 96.3 -1 140 gi|20 5973 8642 338 gi|32 22118 24750
msp 1770 s 22707 97.0 -1 338 gi|32 22118 24747 361 gi|34 28088 30743
msp 341 s 22677 97.0 -1 624 gi|7 12410 15065 338 gi|32 22118 24747
msp 275 s 22598 96.6 -1 9 gi|1 27167 29835 338 gi|32 22123 24748
msp 833 s 23444 98.1 -1 646 gi|9 17980 20641 338 gi|32 22123 24747
msp 23 s 295 68.2 -1 287 gi|3 3436 3658 338 gi|32 22823 23054
msp 15 s 287 71.3 -1 286 gi|3 2629 2851 338 gi|32 23516 23735
msp 5 s 781 75.4 -1 286 gi|3 2004 2401 338 gi|32 23947 24348
msp 1499 s 883 97.2 -1 207 gi|25 8873 8981 338 gi|32 24640 24748
