index 345
frag gi|33 5817 6968
img_no 13
msp 1215 s 820 74.8 1 111 gi|17 21086 22170 345 gi|33 5817 6886
msp 1776 s 256 81.8 1 345 gi|33 5833 5953 396 gi|36 37817 37931
msp 1217 s 466 79.6 1 111 gi|17 21958 22182 345 gi|33 5834 6058
msp 1778 s 269 73.3 -1 345 gi|33 5836 5951 511 gi|43 19380 19498
msp 1485 s 690 71.5 -1 190 gi|23 36880 37527 345 gi|33 5847 6495
msp 1780 s 292 76.5 1 345 gi|33 5861 6022 542 gi|45 19253 19414
msp 1483 s 269 80.7 -1 189 gi|23 36504 36627 345 gi|33 5914 6033
msp 1782 s 284 70.5 -1 345 gi|33 6329 6467 510 gi|43 18876 19020
msp 1487 s 317 76.2 -1 191 gi|23 37867 37967 345 gi|33 6365 6465
msp 1247 s 264 81.6 1 114 gi|17 32200 32406 345 gi|33 6616 6810
msp 1213 s 611 76.1 1 111 gi|17 21056 21390 345 gi|33 6638 6968
msp 475 s 268 82.4 -1 608 gi|5 24816 25014 345 gi|33 6669 6858
msp 1481 s 261 73.0 -1 189 gi|23 36479 36630 345 gi|33 6748 6896
