index 364
frag gi|35 2206 3902
img_no 16
msp 1924 s 1545 77.2 1 364 gi|35 2206 3458 504 gi|43 11167 12416
msp 1926 s 864 75.4 1 364 gi|35 2280 3814 555 gi|46 14365 15879
msp 1928 s 1926 74.8 1 364 gi|35 2308 3894 552 gi|46 6674 8268
msp 1930 s 1810 75.2 -1 364 gi|35 2314 3902 437 gi|39 30930 32515
msp 1127 s 1740 75.1 1 84 gi|15 32340 33920 364 gi|35 2314 3894
msp 1143 s 2067 75.7 1 85 gi|15 34236 35809 364 gi|35 2321 3890
msp 1932 s 1567 74.7 1 364 gi|35 2323 3893 535 gi|45 8010 9572
msp 1169 s 1135 75.4 1 86 gi|15 36248 37367 364 gi|35 2457 3564
msp 1859 s 1788 75.8 1 307 gi|30 31880 32859 364 gi|35 2466 3430
msp 1405 s 604 75.5 1 157 gi|21 24870 25179 364 gi|35 2546 2867
msp 1081 s 688 73.1 1 82 gi|15 30983 31294 364 gi|35 2623 2929
msp 1321 s 319 78.0 -1 129 gi|19 34028 34136 364 gi|35 2884 2997
msp 1407 s 432 71.3 1 158 gi|21 25155 25450 364 gi|35 2945 3246
msp 1103 s 316 73.2 1 83 gi|15 31331 31796 364 gi|35 3179 3626
msp 1421 s 337 75.2 1 159 gi|21 25446 25800 364 gi|35 3344 3686
msp 1373 s 268 81.4 1 146 gi|20 20704 20843 364 gi|35 3610 3741
