index 391
frag gi|36 27507 28778
img_no 8
msp 547 s 11738 99.7 -1 630 gi|8 6969 8227 391 gi|36 27507 28765
msp 841 s 11662 99.9 1 647 gi|9 21024 22270 391 gi|36 27509 28754
msp 369 s 11672 99.8 1 626 gi|7 29371 30627 391 gi|36 27510 28766
msp 1875 s 11743 99.8 -1 353 gi|34 3958 5213 391 gi|36 27510 28765
msp 893 s 11262 97.9 -1 651 gi|9 26151 27404 391 gi|36 27515 28778
msp 703 s 11086 98.2 1 26 gi|11 4355 5584 391 gi|36 27515 28755
msp 1912 s 11653 100.0 -1 391 gi|36 27515 28753 399 gi|37 491 1729
msp 1914 s 258 91.8 1 391 gi|36 28717 28777 473 gi|40 38037 38098
