index 394
frag gi|36 34997 37135
img_no 10
msp 763 s 1450 73.3 -1 34 gi|11 20107 22234 394 gi|36 34997 37135
msp 761 s 578 75.5 -1 34 gi|11 20104 20663 394 gi|36 35012 35555
msp 1631 s 251 85.9 1 270 gi|28 32494 32628 394 gi|36 35296 35421
msp 1916 s 259 75.8 -1 394 gi|36 35335 35458 502 gi|43 9984 10106
msp 1918 s 924 72.6 1 394 gi|36 36550 37130 411 gi|38 16431 17014
msp 1737 s 268 82.0 -1 240 gi|26 35030 35179 394 gi|36 36569 36709
msp 1920 s 257 78.6 -1 394 gi|36 36595 36650 511 gi|43 19768 19823
msp 1211 s 274 80.4 1 110 gi|17 20755 20805 394 gi|36 36621 36671
msp 765 s 312 79.8 -1 34 gi|11 21700 21961 394 gi|36 36874 37131
msp 479 s 284 74.4 -1 608 gi|5 24870 24994 394 gi|36 36920 37045
