index 415
frag gi|38 21549 21847
img_no 7
msp 2006 s 2614 98.3 -1 415 gi|38 21549 21847 578 gi|47 28907 29209
msp 2008 s 2666 99.3 -1 415 gi|38 21549 21844 501 gi|43 4507 4806
msp 2004 s 2651 99.7 1 415 gi|38 21549 21842 567 gi|47 7199 7490
msp 1473 s 2641 99.7 -1 184 gi|23 23729 24015 415 gi|38 21549 21835
msp 1583 s 2641 99.7 1 196 gi|24 3320 3606 415 gi|38 21549 21835
msp 1679 s 2213 94.3 -1 284 gi|29 30591 30872 415 gi|38 21549 21830
msp 221 s 289 87.2 1 455 gi|4 36529 36575 415 gi|38 21783 21830
