index 422
frag gi|38 33793 34114
img_no 8
msp 223 s 252 89.1 -1 455 gi|4 36529 36629 422 gi|38 33793 33880
msp 1465 s 2618 98.4 1 184 gi|23 23699 24015 422 gi|38 33801 34114
msp 2028 s 2678 97.8 1 422 gi|38 33804 34114 578 gi|47 28892 29209
msp 2030 s 2632 99.0 1 422 gi|38 33817 34114 501 gi|43 4507 4806
msp 2032 s 2620 99.3 -1 422 gi|38 33821 34114 567 gi|47 7199 7489
msp 729 s 253 85.5 1 29 gi|11 12750 12818 422 gi|38 33821 33898
msp 1585 s 2617 99.3 -1 196 gi|24 3320 3605 422 gi|38 33829 34114
msp 1681 s 2188 92.5 1 284 gi|29 30591 30872 422 gi|38 33833 34114
