index 432
frag gi|39 14478 15433
img_no 8
msp 2036 s 323 76.1 1 432 gi|39 14478 15004 538 gi|45 14568 15114
msp 483 s 314 77.9 -1 608 gi|5 24893 25467 432 gi|39 14550 15090
msp 2038 s 994 74.2 1 432 gi|39 14584 15433 528 gi|44 28579 29455
msp 1653 s 371 74.2 -1 280 gi|29 25997 26616 432 gi|39 14686 15293
msp 2040 s 368 74.5 -1 432 gi|39 14697 15250 511 gi|43 19217 19796
msp 715 s 376 75.8 1 27 gi|11 5769 5950 432 gi|39 14697 14878
msp 1993 s 353 78.0 1 406 gi|38 1146 1641 432 gi|39 14779 15260
msp 2042 s 287 72.6 1 432 gi|39 14820 15260 471 gi|40 28146 28586
