index 436
frag gi|39 28279 29006
img_no 23
msp 1623 s 305 73.4 1 270 gi|28 32099 32406 436 gi|39 28279 28581
msp 1235 s 574 69.7 1 114 gi|17 31868 32497 436 gi|39 28298 28963
msp 909 s 259 78.4 1 655 gi|9 34073 34345 436 gi|39 28304 28581
msp 673 s 392 75.0 -1 21 gi|10 24806 25317 436 gi|39 28313 28863
msp 1667 s 354 75.6 -1 280 gi|29 26186 26668 436 gi|39 28346 28861
msp 467 s 568 71.4 -1 608 gi|5 24783 25352 436 gi|39 28363 28959
msp 2044 s 270 69.9 1 436 gi|39 28365 28447 521 gi|44 5558 5640
msp 1547 s 784 75.9 1 195 gi|24 221 738 436 gi|39 28385 28911
msp 2046 s 626 71.9 1 436 gi|39 28409 28942 471 gi|40 28005 28511
msp 937 s 419 76.5 1 655 gi|9 34432 34614 436 gi|39 28689 28880
msp 2048 s 282 81.2 1 436 gi|39 28694 28789 528 gi|44 28929 29024
msp 2050 s 340 77.9 1 436 gi|39 28717 28847 538 gi|45 15078 15200
msp 1693 s 284 76.8 -1 227 gi|26 4903 5040 436 gi|39 28722 28845
msp 49 s 333 72.3 -1 291 gi|3 20719 20830 436 gi|39 28740 28851
msp 1995 s 357 76.3 1 406 gi|38 1367 1615 436 gi|39 28743 29006
msp 1329 s 343 74.0 -1 131 gi|19 37262 37388 436 gi|39 28743 28869
msp 1349 s 340 68.3 -1 131 gi|19 38290 38390 436 gi|39 28743 28843
msp 1989 s 384 74.3 1 406 gi|38 315 415 436 gi|39 28743 28843
msp 2052 s 266 67.3 1 436 gi|39 28744 28847 551 gi|46 2421 2524
msp 1835 s 347 79.0 -1 330 gi|31 35143 35242 436 gi|39 28745 28843
msp 1617 s 290 76.4 1 268 gi|28 27556 27661 436 gi|39 28746 28851
msp 1637 s 290 73.7 1 270 gi|28 32549 32719 436 gi|39 28747 28909
msp 725 s 262 73.1 1 27 gi|11 6072 6149 436 gi|39 28751 28828
