index 437
frag gi|39 30898 32598
img_no 16
msp 2054 s 3579 79.0 -1 437 gi|39 30898 32579 504 gi|43 11211 12878
msp 2056 s 3214 74.2 -1 437 gi|39 30912 32583 552 gi|46 6617 8291
msp 1101 s 1157 73.9 -1 83 gi|15 31312 32063 437 gi|39 30912 31654
msp 1137 s 4002 78.2 -1 85 gi|15 34165 35837 437 gi|39 30919 32581
msp 1851 s 1896 77.2 -1 307 gi|30 31668 33348 437 gi|39 30923 32592
msp 2058 s 3000 72.8 -1 437 gi|39 30926 32514 535 gi|45 8004 9580
msp 1931 s 1810 75.2 -1 364 gi|35 2314 3902 437 gi|39 30930 32515
msp 1113 s 3915 76.5 -1 84 gi|15 32267 33925 437 gi|39 30934 32598
msp 1423 s 388 74.0 -1 159 gi|21 25460 25989 437 gi|39 30939 31465
msp 1157 s 3206 76.4 -1 86 gi|15 36013 37646 437 gi|39 30980 32593
msp 2060 s 1274 77.6 -1 437 gi|39 31151 32515 555 gi|46 14399 15745
msp 1411 s 487 80.1 -1 158 gi|21 25165 25461 437 gi|39 31568 31883
msp 1079 s 1426 78.2 -1 82 gi|15 30953 31319 437 gi|39 31875 32232
msp 1717 s 645 77.5 1 232 gi|26 20603 20749 437 gi|39 31875 32021
msp 1399 s 917 73.3 -1 157 gi|21 24849 25197 437 gi|39 31950 32307
msp 2062 s 360 74.5 -1 437 gi|39 32222 32366 498 gi|43 3028 3171
