index 455
frag gi|4 36529 36629
img_no 8
msp 222 s 252 89.1 -1 455 gi|4 36529 36629 422 gi|38 33793 33880
msp 214 s 286 85.2 -1 455 gi|4 36529 36616 184 gi|23 23696 23781
msp 216 s 295 85.7 -1 455 gi|4 36529 36612 578 gi|47 28892 28975
msp 228 s 276 83.7 -1 455 gi|4 36529 36577 284 gi|29 30589 30638
msp 218 s 289 87.2 1 455 gi|4 36529 36575 567 gi|47 7433 7480
msp 220 s 289 87.2 1 455 gi|4 36529 36575 415 gi|38 21783 21830
msp 224 s 289 87.2 -1 455 gi|4 36529 36575 501 gi|43 4525 4572
msp 226 s 289 87.2 1 455 gi|4 36529 36575 196 gi|24 3554 3601
