index 471
frag gi|40 26584 28686
img_no 34
msp 949 s 435 74.3 1 656 gi|9 35030 35332 471 gi|40 26584 26871
msp 1271 s 539 72.5 1 115 gi|17 32954 34101 471 gi|40 26711 27862
msp 447 s 1906 75.5 -1 608 gi|5 24687 26299 471 gi|40 27086 28624
msp 1273 s 286 75.2 1 116 gi|17 34161 34766 471 gi|40 27259 27850
msp 955 s 434 70.7 1 657 gi|9 35854 36317 471 gi|40 27402 27869
msp 2011 s 947 72.6 -1 417 gi|38 22675 23939 471 gi|40 27427 28686
msp 1962 s 734 76.4 1 471 gi|40 27894 28612 538 gi|45 14660 15390
msp 707 s 519 72.2 1 27 gi|11 5670 6148 471 gi|40 27912 28399
msp 917 s 2109 76.6 1 655 gi|9 34096 34813 471 gi|40 27925 28643
msp 1627 s 433 76.8 1 270 gi|28 32179 32643 471 gi|40 27970 28414
msp 1241 s 1624 77.3 1 114 gi|17 31954 32544 471 gi|40 27989 28597
msp 2047 s 626 71.9 1 436 gi|39 28409 28942 471 gi|40 28005 28511
msp 1551 s 1091 75.8 1 195 gi|24 311 789 471 gi|40 28075 28531
msp 1964 s 380 75.0 1 471 gi|40 28118 28592 528 gi|44 28773 29258
msp 1985 s 392 72.8 1 406 gi|38 110 597 471 gi|40 28127 28594
msp 2043 s 287 72.6 1 432 gi|39 14820 15260 471 gi|40 28146 28586
msp 655 s 1225 82.4 -1 21 gi|10 24713 25092 471 gi|40 28149 28528
msp 201 s 327 75.9 1 452 gi|4 27936 28184 471 gi|40 28253 28501
msp 1966 s 381 77.7 1 471 gi|40 28287 28582 550 gi|46 1562 1857
msp 1819 s 318 70.9 -1 323 gi|31 18792 19021 471 gi|40 28291 28523
msp 1968 s 332 84.2 -1 471 gi|40 28306 28419 511 gi|43 19380 19499
msp 41 s 551 78.0 -1 291 gi|3 20649 20834 471 gi|40 28308 28493
msp 1731 s 279 78.0 -1 240 gi|26 34661 34824 471 gi|40 28310 28474
msp 639 s 279 81.4 -1 17 gi|10 15546 15647 471 gi|40 28316 28417
msp 1313 s 253 78.5 -1 125 gi|19 3030 3108 471 gi|40 28318 28396
msp 1970 s 419 79.0 1 471 gi|40 28319 28556 551 gi|46 2424 2664
msp 871 s 393 78.2 -1 649 gi|9 24302 24503 471 gi|40 28319 28529
msp 1831 s 390 78.3 -1 330 gi|31 35060 35239 471 gi|40 28319 28495
msp 1697 s 255 78.8 -1 227 gi|26 4903 5001 471 gi|40 28319 28417
msp 1339 s 326 73.0 -1 131 gi|19 38171 38385 471 gi|40 28320 28531
msp 1669 s 428 84.0 -1 280 gi|29 26200 26299 471 gi|40 28320 28419
msp 1327 s 291 71.3 -1 131 gi|19 37252 37380 471 gi|40 28323 28451
msp 1799 s 252 85.3 -1 316 gi|31 7048 7142 471 gi|40 28323 28417
msp 1751 s 267 72.4 -1 241 gi|26 35438 35524 471 gi|40 28335 28421
