index 501
frag gi|43 4507 4806
img_no 9
msp 2009 s 2666 99.3 -1 415 gi|38 21549 21844 501 gi|43 4507 4806
msp 2031 s 2632 99.0 1 422 gi|38 33817 34114 501 gi|43 4507 4806
msp 2086 s 2648 100.0 -1 501 gi|43 4509 4806 567 gi|47 7199 7490
msp 1475 s 2648 100.0 1 184 gi|23 23730 24015 501 gi|43 4521 4806
msp 1581 s 2648 100.0 -1 196 gi|24 3320 3605 501 gi|43 4521 4806
msp 2088 s 2585 98.6 1 501 gi|43 4521 4806 578 gi|47 28924 29209
msp 1683 s 2213 94.3 1 284 gi|29 30591 30872 501 gi|43 4525 4806
msp 225 s 289 87.2 -1 455 gi|4 36529 36575 501 gi|43 4525 4572
msp 737 s 254 85.1 1 29 gi|11 12772 12818 501 gi|43 4540 4590
