index 504
frag gi|43 11167 12909
img_no 16
msp 1925 s 1545 77.2 1 364 gi|35 2206 3458 504 gi|43 11167 12416
msp 2090 s 1201 75.2 1 504 gi|43 11174 12572 555 gi|46 14313 15687
msp 1973 s 252 80.4 -1 472 gi|40 37816 37912 504 gi|43 11179 11282
msp 1139 s 5792 77.5 1 85 gi|15 34170 35812 504 gi|43 11210 12842
msp 2055 s 3579 79.0 -1 437 gi|39 30898 32579 504 gi|43 11211 12878
msp 2092 s 4699 78.6 1 504 gi|43 11267 12909 552 gi|46 6680 8316
msp 1123 s 5968 79.4 1 84 gi|15 32329 33918 504 gi|43 11268 12841
msp 1397 s 1088 75.4 1 157 gi|21 24732 25178 504 gi|43 11321 11812
msp 2094 s 2525 73.7 1 504 gi|43 11326 12837 535 gi|45 8052 9562
msp 1163 s 2399 74.7 1 86 gi|15 36201 37680 504 gi|43 11365 12838
msp 1863 s 1517 77.5 1 307 gi|30 31880 33192 504 gi|43 11421 12706
msp 1085 s 1309 76.0 1 82 gi|15 31010 31321 504 gi|43 11603 11911
msp 1709 s 656 81.0 -1 232 gi|26 20595 20741 504 gi|43 11774 11920
msp 1417 s 823 71.6 1 158 gi|21 25174 25536 504 gi|43 11919 12287
msp 1099 s 1827 75.6 1 83 gi|15 31310 32039 504 gi|43 12116 12843
msp 1425 s 526 75.8 1 159 gi|21 25469 25984 504 gi|43 12301 12841
