index 535
frag gi|45 7979 9598
img_no 16
msp 1119 s 2671 74.9 1 84 gi|15 32315 33800 535 gi|45 7979 9452
msp 2059 s 3000 72.8 -1 437 gi|39 30926 32514 535 gi|45 8004 9580
msp 2076 s 1328 78.1 1 535 gi|45 8006 8830 555 gi|46 14404 15231
msp 1933 s 1567 74.7 1 364 gi|35 2323 3893 535 gi|45 8010 9572
msp 1395 s 1088 76.5 1 157 gi|21 24702 25185 535 gi|45 8012 8545
msp 1853 s 1279 73.4 1 307 gi|30 31743 33333 535 gi|45 8013 9567
msp 1145 s 2937 75.4 1 85 gi|15 34286 35803 535 gi|45 8048 9559
msp 2083 s 423 79.1 1 498 gi|43 2929 3158 535 gi|45 8048 8277
msp 2095 s 2525 73.7 1 504 gi|43 11326 12837 535 gi|45 8052 9562
msp 2078 s 2521 74.7 1 535 gi|45 8058 9598 552 gi|46 6742 8293
msp 1167 s 2083 75.9 1 86 gi|15 36239 37672 535 gi|45 8129 9563
msp 1087 s 999 75.5 1 82 gi|15 31010 31335 535 gi|45 8329 8654
msp 1711 s 513 72.3 -1 232 gi|26 20595 20742 535 gi|45 8499 8646
msp 1413 s 307 74.7 1 157 gi|21 25167 25257 535 gi|45 8638 8728
msp 1109 s 746 77.8 1 83 gi|15 31648 32048 535 gi|45 9170 9580
msp 1427 s 490 73.1 1 159 gi|21 25665 25976 535 gi|45 9241 9558
