index 546
frag gi|45 25660 26014
img_no 9
msp 1303 s 264 72.1 -1 125 gi|19 2829 3136 546 gi|45 25660 25967
msp 1817 s 508 75.9 -1 323 gi|31 18681 19008 546 gi|45 25674 26014
msp 867 s 381 72.3 -1 649 gi|9 24243 24516 546 gi|45 25676 25952
msp 1599 s 282 77.1 1 259 gi|28 15925 16103 546 gi|45 25688 25866
msp 579 s 753 72.8 -1 634 gi|8 30216 30546 546 gi|45 25690 26013
msp 1297 s 573 70.8 -1 124 gi|19 1016 1303 546 gi|45 25690 25976
msp 1815 s 739 75.2 -1 322 gi|31 16845 17130 546 gi|45 25691 25976
msp 849 s 751 73.1 -1 648 gi|9 22411 22700 546 gi|45 25699 25988
msp 1601 s 583 75.7 -1 263 gi|28 19727 19928 546 gi|45 25815 26014
