index 550
frag gi|46 1187 1943
img_no 13
msp 609 s 350 75.7 -1 635 gi|8 32187 32724 550 gi|46 1187 1721
msp 1555 s 319 74.3 1 195 gi|24 400 808 550 gi|46 1417 1825
msp 1341 s 299 75.6 -1 131 gi|19 38173 38573 550 gi|46 1422 1804
msp 2101 s 486 76.9 -1 511 gi|43 19137 19643 550 gi|46 1431 1943
msp 2073 s 499 77.0 1 528 gi|44 28857 29247 550 gi|46 1469 1856
msp 455 s 359 71.6 -1 608 gi|5 24729 25031 550 gi|46 1555 1857
msp 1967 s 381 77.7 1 471 gi|40 28287 28582 550 gi|46 1562 1857
msp 1657 s 391 78.0 -1 280 gi|29 26037 26309 550 gi|46 1585 1854
msp 2015 s 321 75.1 -1 417 gi|38 22779 23059 550 gi|46 1586 1864
msp 865 s 353 73.4 -1 649 gi|9 24243 24509 550 gi|46 1588 1863
msp 1825 s 309 76.8 -1 330 gi|31 35005 35241 550 gi|46 1592 1828
msp 651 s 315 77.7 -1 21 gi|10 24684 24921 550 gi|46 1595 1833
msp 1795 s 251 75.1 -1 316 gi|31 6966 7142 550 gi|46 1598 1774
