index 552
frag gi|46 6615 8329
img_no 15
msp 1135 s 5455 77.5 1 85 gi|15 34163 35832 552 gi|46 6615 8294
msp 2057 s 3214 74.2 -1 437 gi|39 30912 32583 552 gi|46 6617 8291
msp 1929 s 1926 74.8 1 364 gi|35 2308 3894 552 gi|46 6674 8268
msp 2093 s 4699 78.6 1 504 gi|43 11267 12909 552 gi|46 6680 8316
msp 1125 s 5312 77.2 1 84 gi|15 32339 33971 552 gi|46 6681 8329
msp 1393 s 1245 74.3 1 157 gi|21 24700 25178 552 gi|46 6691 7222
msp 2081 s 436 74.7 1 498 gi|43 2927 3171 552 gi|46 6730 6975
msp 2079 s 2521 74.7 1 535 gi|45 8058 9598 552 gi|46 6742 8293
msp 1165 s 2140 77.1 1 86 gi|15 36239 37694 552 gi|46 6813 8278
msp 1857 s 1758 76.4 1 307 gi|30 31871 33394 552 gi|46 6822 8315
msp 1091 s 1761 81.2 1 82 gi|15 31021 31329 552 gi|46 7024 7334
msp 1707 s 932 83.9 -1 232 gi|26 20595 20749 552 gi|46 7176 7330
msp 1409 s 611 76.5 1 158 gi|21 25160 25537 552 gi|46 7308 7709
msp 1105 s 1845 75.4 1 83 gi|15 31332 32034 552 gi|46 7554 8262
msp 1419 s 1066 75.7 1 159 gi|21 25427 26038 552 gi|46 7714 8313
