index 624
frag gi|7 1 24567
img_no 33
msp 306 s 232346 100.0 1 624 gi|7 1 24567 361 gi|34 15662 40245
msp 308 s 1552 98.3 1 624 gi|7 1 173 360 gi|34 15555 15728
msp 310 s 1511 97.1 1 624 gi|7 1 173 359 gi|34 15449 15622
msp 312 s 600 97.0 1 624 gi|7 1 67 361 gi|34 15768 15834
msp 314 s 771 97.7 1 624 gi|7 87 173 359 gi|34 15429 15515
msp 316 s 343 74.1 -1 624 gi|7 2890 3032 373 gi|35 11539 11683
msp 318 s 279 78.8 1 624 gi|7 2907 2958 361 gi|34 32330 32381
msp 320 s 285 81.7 1 624 gi|7 3116 3219 484 gi|41 32164 32275
msp 322 s 288 76.1 1 624 gi|7 3132 3332 98 gi|16 32863 33077
msp 324 s 318 84.6 1 624 gi|7 3252 3316 562 gi|46 30440 30504
msp 326 s 274 69.5 1 624 gi|7 4994 5383 248 gi|27 18662 19055
msp 179 s 1009 75.0 -1 449 gi|4 22634 24566 624 gi|7 7093 9060
msp 125 s 439 70.8 -1 135 gi|2 17101 17432 624 gi|7 8729 9060
msp 328 s 464 70.8 -1 624 gi|7 8729 9060 118 gi|18 2675 3006
msp 509 s 488 69.5 1 613 gi|6 4441 4847 624 gi|7 9620 10026
msp 330 s 277 69.3 1 624 gi|7 10571 10671 177 gi|23 13545 13645
msp 332 s 586 71.3 1 624 gi|7 10861 11512 178 gi|23 13791 14456
msp 334 s 345 73.7 1 624 gi|7 11725 11876 179 gi|23 14657 14808
msp 336 s 22770 95.8 1 624 gi|7 12400 15067 140 gi|20 5967 8645
msp 338 s 22939 96.4 1 624 gi|7 12409 15062 646 gi|9 17979 20643
msp 340 s 22677 97.0 -1 624 gi|7 12410 15065 338 gi|32 22118 24747
msp 279 s 23195 97.1 1 9 gi|1 27168 29839 624 gi|7 12410 15064
msp 342 s 933 100.0 1 624 gi|7 12410 12517 207 gi|25 8874 8981
msp 344 s 22111 96.8 1 624 gi|7 12505 15064 208 gi|25 10221 12803
msp 11 s 763 75.7 1 286 gi|3 2004 2851 624 gi|7 12810 13629
msp 27 s 284 68.2 1 287 gi|3 3436 3658 624 gi|7 14091 14322
msp 193 s 2018 90.9 -1 451 gi|4 27664 27926 624 gi|7 14803 15065
msp 346 s 312 72.3 -1 624 gi|7 16631 16713 392 gi|36 29986 30071
msp 348 s 290 70.1 -1 624 gi|7 16637 16713 395 gi|36 37225 37301
msp 350 s 282 78.8 1 624 gi|7 16652 16703 361 gi|34 18585 18636
msp 352 s 310 77.1 -1 624 gi|7 17754 17893 428 gi|39 8345 8484
msp 354 s 265 69.0 -1 624 gi|7 17781 17893 431 gi|39 10481 10593
msp 356 s 1127 77.6 -1 624 gi|7 21681 22874 333 gi|32 3801 4940
