index 626
frag gi|7 29341 30659
img_no 8
msp 364 s 11705 99.5 -1 626 gi|7 29341 30616 630 gi|8 6981 8258
msp 366 s 11675 99.7 -1 626 gi|7 29356 30625 399 gi|37 485 1752
msp 368 s 11672 99.8 1 626 gi|7 29371 30627 391 gi|36 27510 28766
msp 370 s 11664 100.0 1 626 gi|7 29373 30616 647 gi|9 21027 22269
msp 372 s 11250 97.9 -1 626 gi|7 29375 30616 651 gi|9 26166 27407
msp 374 s 11723 99.0 -1 626 gi|7 29376 30659 353 gi|34 3925 5210
msp 376 s 11074 98.2 1 626 gi|7 29378 30616 26 gi|11 4355 5582
msp 378 s 258 86.1 1 626 gi|7 30580 30651 473 gi|40 38037 38100
