index 630
frag gi|8 6942 8278
img_no 8
msp 540 s 11296 97.4 1 630 gi|8 6942 8221 651 gi|9 26115 27406
msp 542 s 11704 99.6 1 630 gi|8 6968 8224 353 gi|34 3957 5213
msp 544 s 283 88.0 -1 630 gi|8 6968 7017 473 gi|40 38037 38086
msp 546 s 11738 99.7 -1 630 gi|8 6969 8227 391 gi|36 27507 28765
msp 550 s 11687 99.0 1 630 gi|8 6975 8278 399 gi|37 485 1773
msp 548 s 11133 98.2 -1 630 gi|8 6975 8220 26 gi|11 4354 5588
msp 552 s 11680 99.8 -1 630 gi|8 6977 8224 647 gi|9 21026 22273
msp 365 s 11705 99.5 -1 626 gi|7 29341 30616 630 gi|8 6981 8258
