index 633
frag gi|8 25882 26618
img_no 9
msp 560 s 3334 84.9 1 633 gi|8 25882 26601 38 gi|11 30089 30801
msp 562 s 390 90.1 1 633 gi|8 26533 26603 393 gi|36 33817 33880
msp 564 s 390 90.1 -1 633 gi|8 26533 26603 99 gi|16 33104 33167
msp 566 s 375 90.0 -1 633 gi|8 26533 26602 212 gi|25 16904 16966
msp 568 s 333 90.3 -1 633 gi|8 26557 26618 393 gi|36 32223 32281
msp 570 s 288 88.9 1 633 gi|8 26557 26601 99 gi|16 34702 34747
msp 572 s 313 91.1 1 633 gi|8 26557 26601 212 gi|25 18502 18547
msp 574 s 299 95.2 1 633 gi|8 26560 26601 168 gi|22 19060 19099
msp 576 s 317 91.7 -1 633 gi|8 26563 26610 37 gi|11 28484 28528
