index 634
frag gi|8 30216 30942
img_no 10
msp 578 s 753 72.8 -1 634 gi|8 30216 30546 546 gi|45 25690 26013
msp 580 s 1133 74.6 1 634 gi|8 30248 30901 648 gi|9 22413 23062
msp 582 s 630 72.0 1 634 gi|8 30248 30861 124 gi|19 1006 1619
msp 584 s 1018 72.1 1 634 gi|8 30251 30942 322 gi|31 16838 17529
msp 586 s 371 76.5 1 634 gi|8 30257 30418 263 gi|28 19766 19927
msp 588 s 392 71.7 1 634 gi|8 30268 30850 323 gi|31 18713 19295
msp 590 s 284 74.3 1 634 gi|8 30439 30547 649 gi|9 24397 24505
msp 592 s 256 82.9 1 634 gi|8 30458 30568 509 gi|43 18521 18634
msp 594 s 418 72.7 1 634 gi|8 30465 30922 125 gi|19 3027 3484
msp 596 s 275 74.0 1 634 gi|8 30766 30861 264 gi|28 19973 20067
