index 635
frag gi|8 31973 32729
img_no 9
msp 598 s 279 71.2 1 635 gi|8 31973 32316 124 gi|19 967 1302
msp 600 s 701 73.0 1 635 gi|8 31997 32729 649 gi|9 24180 24915
msp 602 s 845 71.8 1 635 gi|8 32056 32698 323 gi|31 18729 19368
msp 604 s 270 71.8 1 635 gi|8 32056 32346 125 gi|19 2843 3134
msp 606 s 477 69.4 1 635 gi|8 32069 32724 322 gi|31 16884 17536
msp 608 s 350 75.7 -1 635 gi|8 32187 32724 550 gi|46 1187 1721
msp 610 s 278 82.5 1 635 gi|8 32217 32319 280 gi|29 26200 26301
msp 612 s 289 75.3 1 635 gi|8 32542 32634 264 gi|28 19976 20068
msp 75 s 286 83.0 1 292 gi|3 21105 21163 635 gi|8 32599 32657
