index 646
frag gi|9 17976 20651
img_no 11
msp 828 s 23023 95.8 1 646 gi|9 17976 20643 140 gi|20 5973 8640
msp 339 s 22939 96.4 1 624 gi|7 12409 15062 646 gi|9 17979 20643
msp 830 s 22974 96.4 1 646 gi|9 17979 20643 361 gi|34 28087 30740
msp 281 s 23020 96.2 1 9 gi|1 27168 29836 646 gi|9 17980 20642
msp 832 s 23444 98.1 -1 646 gi|9 17980 20641 338 gi|32 22123 24747
msp 834 s 925 99.1 1 646 gi|9 17980 18087 207 gi|25 8874 8981
msp 836 s 22911 97.9 1 646 gi|9 18075 20651 208 gi|25 10221 12809
msp 7 s 774 75.1 1 286 gi|3 2004 2401 646 gi|9 18378 18779
msp 17 s 287 71.3 1 286 gi|3 2629 2851 646 gi|9 18991 19210
msp 29 s 260 69.9 1 287 gi|3 3443 3658 646 gi|9 19685 19903
msp 197 s 2014 91.5 -1 451 gi|4 27667 27926 646 gi|9 20384 20643
