index 648
frag gi|9 22409 23130
img_no 9
msp 846 s 433 76.2 1 648 gi|9 22409 22580 263 gi|28 19753 19924
msp 848 s 751 73.1 -1 648 gi|9 22411 22700 546 gi|45 25699 25988
msp 581 s 1133 74.6 1 634 gi|8 30248 30901 648 gi|9 22413 23062
msp 852 s 566 71.6 1 648 gi|9 22422 23058 124 gi|19 1015 1651
msp 850 s 872 72.0 1 648 gi|9 22422 22700 322 gi|31 16844 17122
msp 854 s 418 71.1 1 648 gi|9 22439 22701 125 gi|19 2836 3098
msp 856 s 352 70.6 1 648 gi|9 22483 22839 323 gi|31 18763 19125
msp 858 s 597 79.1 1 648 gi|9 22863 23130 322 gi|31 17291 17555
msp 427 s 260 82.9 1 603 gi|5 14738 14854 648 gi|9 22989 23108
