index 82
frag gi|15 30953 31339
img_no 9
msp 1078 s 1426 78.2 -1 82 gi|15 30953 31319 437 gi|39 31875 32232
msp 1080 s 688 73.1 1 82 gi|15 30983 31294 364 gi|35 2623 2929
msp 1082 s 602 81.0 1 82 gi|15 31002 31333 307 gi|30 32046 32388
msp 1086 s 999 75.5 1 82 gi|15 31010 31335 535 gi|45 8329 8654
msp 1084 s 1309 76.0 1 82 gi|15 31010 31321 504 gi|43 11603 11911
msp 1088 s 812 71.8 1 82 gi|15 31018 31219 157 gi|21 24977 25178
msp 1090 s 1761 81.2 1 82 gi|15 31021 31329 552 gi|46 7024 7334
msp 1092 s 594 80.3 1 82 gi|15 31061 31339 555 gi|46 14781 15059
msp 1094 s 890 82.3 -1 82 gi|15 31173 31325 232 gi|26 20597 20749
