index 84
frag gi|15 32267 33971
img_no 11
msp 1112 s 3915 76.5 -1 84 gi|15 32267 33925 437 gi|39 30934 32598
msp 1114 s 1618 77.1 1 84 gi|15 32279 33918 307 gi|30 31673 33333
msp 1116 s 1091 74.8 1 84 gi|15 32279 32880 157 gi|21 24636 25178
msp 1118 s 2671 74.9 1 84 gi|15 32315 33800 535 gi|45 7979 9452
msp 1120 s 834 75.2 1 84 gi|15 32321 33713 555 gi|46 14383 15748
msp 1122 s 5968 79.4 1 84 gi|15 32329 33918 504 gi|43 11268 12841
msp 1124 s 5312 77.2 1 84 gi|15 32339 33971 552 gi|46 6681 8329
msp 1126 s 1740 75.1 1 84 gi|15 32340 33920 364 gi|35 2314 3894
msp 1128 s 836 80.7 -1 84 gi|15 32834 32988 232 gi|26 20595 20749
msp 1130 s 850 78.2 1 84 gi|15 32966 33296 158 gi|21 25160 25474
msp 1132 s 711 75.8 1 84 gi|15 33444 33935 159 gi|21 25517 26007
