index 86
frag gi|15 36013 37694
img_no 13
msp 1156 s 3206 76.4 -1 86 gi|15 36013 37646 437 gi|39 30980 32593
msp 1158 s 1024 74.6 1 86 gi|15 36073 36902 307 gi|30 31711 32528
msp 1160 s 450 78.3 1 86 gi|15 36132 36384 498 gi|43 2900 3155
msp 1162 s 2399 74.7 1 86 gi|15 36201 37680 504 gi|43 11365 12838
msp 1164 s 2140 77.1 1 86 gi|15 36239 37694 552 gi|46 6813 8278
msp 1166 s 2083 75.9 1 86 gi|15 36239 37672 535 gi|45 8129 9563
msp 1168 s 1135 75.4 1 86 gi|15 36248 37367 364 gi|35 2457 3564
msp 1170 s 1209 76.1 1 86 gi|15 36257 37018 555 gi|46 14548 15306
msp 1172 s 781 78.8 1 86 gi|15 36326 36650 157 gi|21 24859 25186
msp 1174 s 394 78.3 -1 86 gi|15 36626 36754 232 gi|26 20594 20722
msp 1176 s 366 74.6 1 86 gi|15 36756 37070 158 gi|21 25178 25483
msp 1178 s 419 77.9 1 86 gi|15 37180 37590 307 gi|30 32815 33237
msp 1180 s 303 70.6 1 86 gi|15 37385 37680 159 gi|21 25696 25985
