index 9
frag gi|1 27146 29881
img_no 10
msp 272 s 921 96.9 1 9 gi|1 27146 27275 207 gi|25 8860 8981
msp 274 s 22598 96.6 -1 9 gi|1 27167 29835 338 gi|32 22123 24748
msp 282 s 22784 95.5 1 9 gi|1 27168 29847 140 gi|20 5977 8649
msp 276 s 23195 97.1 1 9 gi|1 27168 29839 361 gi|34 28088 30742
msp 278 s 23195 97.1 1 9 gi|1 27168 29839 624 gi|7 12410 15064
msp 280 s 23020 96.2 1 9 gi|1 27168 29836 646 gi|9 17980 20642
msp 284 s 22136 96.7 1 9 gi|1 27263 29839 208 gi|25 10221 12804
msp 286 s 833 75.5 1 9 gi|1 27573 28405 286 gi|3 2004 2851
msp 288 s 286 69.7 1 9 gi|1 28867 29097 287 gi|3 3436 3658
msp 290 s 2100 90.0 -1 9 gi|1 29551 29881 451 gi|4 27628 27962
