1 240
2 242
3 244
4 246
4 248
4 250
4 252
4 254
5 256
5 258
5 260
5 262
5 264
6 266
7 268
8 270
9 272
9 274
9 282
9 276
9 278
9 280
9 284
9 286
9 288
9 290
10 292
10 294
10 296
11 298
12 300
13 302
14 304
15 626
16 628
17 630
17 632
17 469
17 634
17 636
17 933
17 638
17 883
17 640
17 642
18 644
19 646
20 648
21 650
21 652
21 925
21 656
21 658
21 654
21 39
21 660
21 664
21 662
21 417
21 666
21 668
21 873
21 670
21 672
21 674
21 676
21 678
21 680
21 682
21 684
21 686
21 495
22 688
22 690
23 692
24 235
24 694
24 696
24 233
25 629
26 899
26 698
26 845
26 549
26 700
26 702
26 377
26 704
27 489
27 706
27 915
27 708
27 710
27 712
27 714
27 716
27 718
27 720
27 889
27 722
27 724
28 726
29 728
29 730
29 732
29 734
29 736
30 738
30 740
30 742
30 744
31 746
32 748
33 750
33 752
33 754
33 756
34 758
34 760
34 762
34 764
34 766
34 768
35 770
36 772
37 774
37 776
37 577
37 778
37 780
37 782
37 786
37 784
37 788
38 561
38 790
38 792
38 794
38 800
38 796
38 798
38 802
39 804
39 555
39 91
40 523
41 806
42 129
42 808
43 972
44 974
45 976
46 978
47 819
48 980
49 982
50 984
51 986
52 393
53 970
54 1022
55 1024
56 1026
57 1028
58 1030
58 1032
59 981
60 987
61 1034
62 1036
63 1038
64 1040
65 1042
66 1044
66 1046
67 1048
67 1050
68 1052
69 1054
69 1056
69 1058
70 155
71 165
71 1060
71 169
71 1062
72 1064
72 167
73 93
74 1066
75 145
75 1068
75 967
75 1070
75 161
75 1072
76 1074
76 133
77 113
77 381
78 1076
79 297
80 293
81 295
82 1078
82 1080
82 1082
82 1086
82 1084
82 1088
82 1090
82 1092
82 1094
83 1096
83 1098
83 1100
83 1102
83 1104
83 1106
83 1108
83 1110
84 1112
84 1114
84 1116
84 1118
84 1120
84 1122
84 1124
84 1126
84 1128
84 1130
84 1132
85 1134
85 1136
85 1138
85 1140
85 1142
85 1144
85 1146
85 1148
85 1150
85 1152
85 1154
86 1156
86 1158
86 1160
86 1162
86 1164
86 1166
86 1168
86 1170
86 1172
86 1174
86 1176
86 1178
86 1180
87 1182
88 1184
88 1186
89 988
90 990
91 992
92 994
93 996
94 998
95 1000
96 815
97 1002
98 1004
98 323
99 791
99 1006
99 1008
99 565
99 779
99 1012
99 1010
99 1014
99 775
99 1018
99 1016
99 571
99 797
99 1020
100 1041
101 1188
102 1190
103 1192
103 1194
103 83
104 503
105 1196
106 1198
107 1200
107 821
107 1202
108 1204
109 1206
110 1208
110 1210
111 1212
111 1214
111 1216
111 1218
111 1220
112 1222
113 1224
113 1226
113 1228
114 1230
114 1232
114 653
114 1234
114 913
114 463
114 1236
114 1238
114 1240
114 1242
114 1244
114 1246
114 1248
114 875
114 1250
114 421
114 1252
114 1254
114 37
114 633
114 1256
114 1258
114 1260
114 1262
114 1264
115 1266
115 1268
115 1270
115 953
115 687
116 1272
116 957
116 1274
117 1276
117 1278
118 117
118 1280
118 1282
118 175
118 1284
118 329
118 809
118 1286
118 1075
118 1288
119 137
120 139
121 971
122 245
123 1290
124 1292
124 599
124 583
124 853
124 1294
124 1296
124 869
124 1298
124 1300
124 1187
125 1302
125 1304
125 855
125 605
125 1306
125 1308
125 595
125 1310
125 717
125 1312
125 491
126 1314
126 1316
127 1267
127 1277
127 1318
128 1043
129 1320
130 1183
131 1322
131 1324
131 1326
131 1328
131 1330
131 487
131 1334
131 67
131 1332
131 1336
131 1338
131 1340
131 931
131 661
131 1342
131 1344
131 1346
131 1348
131 1350
132 995
133 100
133 102
133 104
133 106
133 108
134 110
134 112
134 114
135 116
135 118
135 120
135 122
135 124
135 126
135 128
135 130
135 132
135 134
136 136
137 138
138 1352
138 1354
139 1356
140 1358
140 337
140 1360
140 829
140 283
140 1362
140 1364
140 1
140 19
140 195
141 1366
142 1368
143 513
144 115
144 383
144 271
145 1370
146 1372
147 1374
148 1376
149 1378
150 1037
151 1035
152 1380
153 1382
153 1384
153 399
153 535
153 261
153 1386
154 253
154 1388
154 411
155 1287
155 131
156 1390
157 1117
157 1392
157 1394
157 1396
157 1147
157 1398
157 1402
157 1400
157 1173
157 1404
157 1089
157 1412
158 1406
158 1408
158 1131
158 1153
158 1410
158 1414
158 1416
158 1177
158 1097
159 1155
159 1418
159 1420
159 1107
159 1422
159 1424
159 1133
159 1426
159 1181
160 1428
161 989
162 1430
163 1432
164 1434
165 1436
166 1438
167 1291
168 1007
168 575
168 1021
168 803
168 1440
168 1442
168 789
168 1444
168 1446
169 1448
170 1450
171 697
171 239
171 231
172 237
172 695
173 693
174 1452
174 1454
175 1456
176 211
177 331
178 1458
178 333
179 1460
179 335
180 143
181 1462
181 149
181 163
181 1071
181 969
182 439
183 441
184 215
184 1464
184 1466
184 1468
184 1470
184 1472
184 1474
184 1476
184 733
185 435
186 443
187 1478
187 745
187 617
188 437
189 1480
189 1482
189 1219
190 1484
190 1221
191 1486
192 1069
192 1488
192 151
192 159
193 1490
194 1492
195 451
195 1540
195 659
195 1542
195 1544
195 921
195 1239
195 1546
195 1548
195 1550
195 1552
195 1554
195 1556
195 1558
195 1560
195 47
195 637
195 1562
195 1564
195 1566
195 1337
195 719
195 1568
195 881
195 1325
195 1570
195 1572
195 1574
196 1467
196 1576
196 1578
196 1582
196 1580
196 1584
196 1586
196 731
196 227
197 807
198 31
199 773
200 1588
201 1590
202 891
202 1003
203 1592
204 1494
205 1223
206 1227
206 1496
207 273
207 1498
207 1363
207 1500
207 343
207 835
208 837
208 1502
208 285
208 1504
208 345
208 1365
208 3
208 13
208 21
208 189
209 1229
209 1506
210 33
211 1508
212 1019
212 777
212 1510
212 567
212 1013
212 1512
212 795
212 1447
212 787
212 1015
212 1514
212 573
212 801
212 1443
213 1516
214 1457
214 1518
215 1520
216 1053
217 1522
218 1524
218 1526
218 1315
218 1049
219 1528
220 1197
221 1199
222 753
223 1530
224 1532
224 1534
224 1536
225 1538
226 1690
227 631
227 1692
227 1694
227 1696
227 1261
227 1575
227 887
227 1698
227 71
227 1700
228 1521
229 1493
230 1702
231 1704
232 1175
232 1129
232 1151
232 1706
232 1710
232 1708
232 1712
232 1714
232 1095
232 1716
233 1718
234 1720
235 647
236 1722
237 1724
238 1726
239 1728
240 1730
240 1259
240 45
240 681
240 1732
240 709
240 769
240 1734
240 1736
240 1738
240 1740
240 1209
240 1742
241 1559
241 1744
241 1746
241 1748
241 935
241 1750
241 1752
242 1754
242 1756
243 1371
243 1758
244 431
245 429
246 303
247 1039
248 1760
248 327
249 1723
250 1381
251 559
252 771
252 1762
253 975
254 1764
254 1031
255 499
256 1594
257 171
258 1596
259 1598
260 645
261 213
262 95
263 1600
263 847
263 1602
263 587
263 1295
264 597
264 613
265 1604
266 1606
267 1608
268 477
268 1610
268 1612
268 1614
268 1255
268 1616
268 1573
268 1745
269 1618
269 1620
270 1622
270 1624
270 457
270 919
270 1237
270 1626
270 1543
270 1755
270 711
270 1628
270 667
270 1630
270 1632
270 1634
270 635
270 1636
270 1638
270 69
270 1311
271 1640
272 973
273 1057
273 1642
274 1455
274 1644
275 1646
276 1648
277 1650
278 1595
278 1597
279 983
280 1549
280 1251
280 1652
280 1654
280 1656
280 1658
280 1660
280 1662
280 665
280 1664
280 1666
280 721
280 929
280 55
280 877
280 611
280 1668
280 1670
280 1335
280 1351
280 1672
280 1753
280 1674
281 1676
282 1619
282 1621
283 505
284 229
284 1477
284 1587
284 1678
284 1680
284 1682
284 1684
284 1686
284 735
285 1688
286 0
286 10
286 287
286 8
286 2
286 4
286 6
286 12
286 14
286 16
287 18
287 20
287 22
287 24
287 26
287 289
287 28
288 30
289 32
290 34
291 36
291 38
291 40
291 42
291 44
291 46
291 48
291 50
291 52
291 56
291 54
291 60
291 58
291 62
291 64
291 66
291 70
291 68
291 72
292 74
293 76
293 78
294 80
294 82
294 84
295 90
295 86
295 88
296 92
297 94
298 96
298 98
299 1367
300 1838
301 1840
301 1842
301 1045
301 1844
302 1289
302 135
302 1353
303 1846
304 817
305 813
306 1848
307 1850
307 1141
307 1115
307 1159
307 1852
307 1854
307 1856
307 1862
307 1858
307 1860
307 1403
307 1083
307 1715
307 1415
307 1179
307 1111
308 741
308 1864
308 1479
308 615
309 1866
310 1868
311 963
311 1870
311 1872
312 757
313 749
314 1786
315 1788
315 1790
316 1665
316 1792
316 1794
316 1796
316 209
316 1798
316 885
316 1301
317 119
317 1281
317 1800
317 685
318 1802
318 1804
319 1806
320 1808
320 249
320 407
320 405
321 1810
321 397
321 1812
321 533
321 1385
322 1293
322 585
322 851
322 1603
322 1814
322 863
322 1305
322 607
322 859
323 861
323 1816
323 589
323 1299
323 603
323 1307
323 1571
323 1263
323 1615
323 857
323 459
323 1818
323 945
323 679
323 1673
323 641
323 723
324 1591
324 517
325 1820
326 1225
326 1497
327 1507
328 121
328 1283
329 781
329 1822
330 927
330 1824
330 1826
330 1563
330 1343
330 1828
330 1830
330 471
330 1832
330 51
330 1834
330 1625
330 1699
330 683
330 1253
330 643
330 1675
330 1836
331 35
332 747
333 1766
333 357
334 1768
335 1677
336 385
336 387
336 389
337 1589
338 187
338 1503
338 1361
338 1770
338 341
338 275
338 833
338 23
338 15
338 5
338 1499
339 301
340 625
340 1772
340 1774
341 903
342 433
343 691
344 1763
345 1215
345 1776
345 1217
345 1778
345 1485
345 1780
345 1483
345 1782
345 1487
345 1247
345 1213
345 475
345 1481
346 1784
347 1063
347 1059
348 1531
349 521
350 1593
351 1067
352 689
353 375
353 543
353 1874
353 895
353 843
353 1876
353 701
354 1878
355 1880
355 107
355 361
355 1882
356 1509
357 1641
358 1495
359 315
359 311
360 309
361 307
361 313
361 1884
361 351
361 1886
361 1888
361 1761
361 177
361 127
361 1285
361 507
361 1459
361 1461
361 1359
361 831
361 1771
361 277
361 1501
361 1505
361 9
361 25
361 191
361 1890
361 1892
361 1077
361 319
361 1894
361 1896
361 1767
362 755
363 751
364 1924
364 1926
364 1928
364 1930
364 1127
364 1143
364 1932
364 1169
364 1859
364 1405
364 1081
364 1321
364 1407
364 1103
364 1421
364 1373
365 1435
366 743
367 539
368 1934
369 1729
369 1727
370 1725
371 1936
371 1355
372 1938
372 1940
373 1885
373 317
374 1942
374 1944
375 1525
375 1946
375 1051
376 1807
377 1948
377 1950
377 1535
377 1952
377 1954
378 1803
379 1956
379 1847
379 1843
379 1047
380 1902
381 1904
382 1519
383 1906
384 519
385 1908
386 1910
387 1849
388 1787
389 1703
390 1491
391 547
391 841
391 369
391 1875
391 893
391 703
391 1912
391 1914
392 1945
392 1891
392 347
393 569
393 1009
393 1511
393 799
393 783
393 1011
393 1513
393 1441
393 1017
393 1515
393 785
393 563
393 793
393 1445
394 763
394 761
394 1631
394 1916
394 1918
394 1737
394 1920
394 1211
394 765
394 479
395 1939
395 1922
395 1893
395 349
396 419
396 1553
396 1249
396 1777
397 1061
397 1643
397 1055
397 1065
398 1073
398 147
398 1489
398 1463
398 157
399 839
399 699
399 1898
399 551
399 367
399 897
399 1877
399 1913
400 1900
401 1269
402 1841
402 1957
403 1845
404 1391
405 1649
406 1323
406 473
406 1984
406 1986
406 1567
406 943
406 1633
406 1988
406 1990
406 1735
406 1185
406 911
406 1545
406 1992
406 663
406 1345
406 1655
406 445
406 1994
406 1996
406 59
406 1998
407 2000
408 2002
409 241
410 267
411 1919
411 759
411 767
412 1449
413 1451
413 1027
414 1773
415 2006
415 2008
415 2004
415 1473
415 1583
415 1679
415 221
416 1279
416 1319
416 649
417 2010
417 2012
417 2014
417 461
417 2016
417 1243
417 657
417 907
417 1833
417 1671
417 1561
417 63
417 1333
417 1635
417 1275
417 951
418 2018
419 1883
419 2020
419 109
419 363
420 2022
420 2024
421 1955
421 2026
422 223
422 1465
422 2028
422 2030
422 2032
422 729
422 1585
422 1681
423 1775
423 623
424 1789
424 1791
425 1839
426 2034
427 181
428 183
428 1895
428 353
429 185
430 1023
431 1897
431 355
432 2036
432 483
432 2038
432 1653
432 2040
432 715
432 1993
432 2042
433 727
434 1523
434 1821
435 1357
436 1623
436 1235
436 909
436 673
436 1667
436 467
436 2044
436 1547
436 2046
436 937
436 2048
436 2050
436 1693
436 49
436 1995
436 1329
436 1349
436 1989
436 2052
436 1835
436 1617
436 1637
436 725
437 2054
437 2056
437 1101
437 1137
437 1851
437 2058
437 1931
437 1113
437 1423
437 1157
437 2060
437 1411
437 1079
437 1717
437 1399
437 2062
438 2064
439 2019
440 140
441 142
442 144
442 146
442 148
442 150
442 152
443 154
444 156
445 158
445 160
445 162
446 164
446 166
446 168
447 170
448 172
449 123
449 174
449 176
449 178
450 180
450 182
450 184
451 291
451 186
451 188
451 190
451 192
451 194
451 196
452 198
452 200
452 202
452 204
452 206
452 208
453 210
454 212
455 222
455 214
455 216
455 228
455 218
455 220
455 224
455 226
456 230
456 232
457 234
457 236
457 238
458 1958
459 1705
460 97
461 99
461 1937
462 1739
463 465
463 947
463 1991
464 1960
465 1517
466 1651
467 619
468 269
469 621
470 1829
470 1629
471 949
471 1271
471 447
471 1273
471 955
471 2011
471 1962
471 707
471 917
471 1627
471 1241
471 2047
471 1551
471 1964
471 1985
471 2043
471 655
471 201
471 1966
471 1819
471 1968
471 41
471 1731
471 639
471 1313
471 1970
471 871
471 1831
471 1697
471 1339
471 1669
471 1327
471 1799
471 1751
472 1972
473 379
473 1915
473 545
473 705
473 1899
474 1903
474 1905
475 1811
475 259
475 403
475 1383
475 1974
475 537
476 243
477 1721
478 1901
479 1976
480 1978
481 1980
482 1205
483 1959
484 1887
484 321
484 1005
484 1923
485 1907
486 1982
487 1941
487 1943
488 2066
488 77
489 961
489 1873
489 2068
489 515
490 1759
491 1377
492 501
493 901
494 1765
494 1029
494 1033
495 2035
496 1691
497 1025
498 1161
498 1855
498 2080
498 2082
498 2084
498 2063
499 1879
500 527
501 2009
501 2031
501 2086
501 1475
501 1581
501 2088
501 1683
501 225
501 737
502 1917
503 1801
503 1743
504 1925
504 2090
504 1973
504 1139
504 2055
504 2092
504 1123
504 1397
504 2094
504 1163
504 1863
504 1085
504 1709
504 1417
504 1099
504 1425
505 827
505 1201
506 2096
507 1529
508 627
509 2098
509 1265
509 593
510 1783
511 2100
511 1245
511 2041
511 1659
511 415
511 671
511 1797
511 57
511 939
511 1969
511 1779
511 481
511 2102
511 1837
511 1701
511 1921
512 423
513 1881
513 105
513 359
513 2021
514 1741
514 1757
515 2104
516 825
517 391
518 2001
518 2003
519 1001
520 173
521 2045
522 979
523 977
524 199
524 1565
525 1533
525 1953
525 2070
525 2027
526 2025
527 1961
528 1233
528 2039
528 1309
528 713
528 1663
528 1965
528 2072
528 1557
528 2049
528 941
528 2074
528 1997
528 669
529 1539
529 2023
530 1537
530 1949
531 1189
532 959
532 1193
532 85
533 2065
533 1207
534 1689
535 1119
535 2059
535 2076
535 1933
535 1395
535 1853
535 1145
535 2083
535 2095
535 2078
535 1167
535 1087
535 1711
535 1413
535 1109
535 1427
536 2105
537 1203
537 823
538 2037
538 1231
538 905
538 1963
538 1541
538 2017
538 1347
538 203
538 1733
538 61
538 2051
538 1987
538 879
538 1695
538 1661
538 675
538 485
538 1331
538 1999
538 1639
539 401
539 1975
539 1387
539 263
539 1813
540 1389
540 409
540 247
540 1809
541 413
542 1613
542 1781
543 1379
543 1935
543 2097
544 1805
545 1951
545 2071
546 1303
546 1817
546 867
546 1599
546 579
546 1297
546 1815
546 849
546 1601
547 1909
548 1433
549 1647
550 609
550 1555
550 1341
550 2101
550 2073
550 455
550 1967
550 1657
550 2015
550 865
550 1825
550 651
550 1795
551 923
551 2013
551 2103
551 65
551 205
551 1611
551 2075
551 2053
551 1827
551 1971
551 1569
551 1257
551 677
551 453
551 1793
551 2099
551 1747
552 1135
552 2057
552 1929
552 2093
552 1125
552 1393
552 2081
552 2079
552 1165
552 1857
552 1091
552 1707
552 1409
552 1105
552 1419
553 811
554 1645
554 1453
555 2091
555 1927
555 1121
555 2061
555 2077
555 1149
555 2085
555 1171
555 1861
555 1401
555 1093
555 1713
556 141
557 1911
558 1867
558 2067
558 1869
558 79
559 1871
559 1195
559 81
559 965
559 2069
560 425
561 1749
562 1889
562 325
563 2108
564 2110
565 1527
565 1947
565 1317
565 1719
566 1983
567 1469
567 1577
567 2005
567 2087
567 2033
567 1685
567 219
568 531
569 1369
570 2106
571 993
572 299
573 1769
574 1785
575 1191
576 999
577 1375
578 2029
578 217
578 2007
578 1471
578 1579
578 2089
578 1687
579 1429
580 2109
581 2111
582 1431
583 739
583 1865
584 1437
585 1439
586 991
587 1977
588 1979
589 1981
589 2107
590 1609
591 1607
592 1605
593 1823
594 997
595 805
595 557
595 89
596 985
597 390
598 392
599 257
599 394
599 396
599 398
599 400
599 402
600 255
600 404
601 406
601 408
601 251
601 305
601 410
602 412
603 414
603 416
603 418
603 420
603 422
603 424
603 426
604 428
605 430
606 432
607 434
607 436
607 440
607 438
607 442
608 444
608 446
608 448
608 450
608 452
608 454
608 456
608 460
608 458
608 207
608 462
608 466
608 464
608 468
608 472
608 474
608 470
608 43
608 476
608 478
608 480
608 482
608 484
608 486
608 488
608 490
608 492
608 494
609 496
610 498
611 500
612 502
612 504
613 506
613 508
614 510
615 512
615 514
616 516
617 518
618 520
619 522
620 524
620 526
621 528
622 530
623 395
623 532
623 534
623 265
623 536
624 306
624 308
624 310
624 312
624 314
624 316
624 318
624 320
624 322
624 324
624 326
624 179
624 125
624 328
624 509
624 330
624 332
624 334
624 336
624 338
624 340
624 279
624 342
624 344
624 11
624 27
624 193
624 346
624 348
624 350
624 352
624 354
624 356
625 101
625 103
625 358
625 360
625 362
626 364
626 366
626 368
626 370
626 372
626 374
626 376
626 378
627 111
627 380
627 382
628 384
628 386
628 388
629 538
630 540
630 542
630 544
630 546
630 550
630 548
630 552
630 365
631 554
631 556
631 87
632 558
633 560
633 562
633 564
633 566
633 568
633 570
633 572
633 574
633 576
634 578
634 580
634 582
634 584
634 586
634 588
634 590
634 592
634 594
634 596
635 598
635 600
635 602
635 604
635 606
635 608
635 610
635 612
635 75
636 614
636 616
637 618
638 620
638 622
638 624
639 810
640 812
641 814
642 816
643 511
644 818
645 822
645 820
645 824
645 826
646 828
646 339
646 830
646 281
646 832
646 834
646 836
646 7
646 17
646 29
646 197
647 838
647 840
647 553
647 842
647 371
647 844
648 846
648 848
648 581
648 852
648 850
648 854
648 856
648 858
648 427
649 860
649 601
649 862
649 866
649 864
649 868
649 870
649 872
649 591
649 874
649 876
649 878
649 880
649 882
649 886
649 884
649 888
649 73
650 890
651 541
651 892
651 894
651 898
651 896
651 373
652 525
652 529
653 900
654 902
655 904
655 906
655 908
655 910
655 912
655 914
655 449
655 916
655 918
655 920
655 922
655 924
655 926
655 928
655 53
655 930
655 932
655 934
655 936
655 938
655 940
655 942
655 944
655 946
656 948
656 497
657 950
657 952
657 493
657 954
657 956
658 960
658 958
658 962
658 964
659 153
659 966
659 968
