frag gi|47 18323 18454
img_no 5
flimg_no 1
edge_no 5
msp 4047 p 341 77.8 1 382 gi|32 24972 25070 1019 gi|47 18359 18455
msp 4145 p 248 77.6 -1 1024 gi|33 22179 22316 1019 gi|47 18323 18454
msp 4209 s 268 77.1 1 460 gi|37 3410 3479 1019 gi|47 18361 18427
msp 5006 s 260 83.3 -1 1019 gi|47 18374 18439 1032 gi|57 2364 2429
msp 5008 s 233 79.4 1 1019 gi|47 18380 18457 771 gi|54 14569 14646
edge 2166 S 1 77 1019 382
edge 2168 s 0 0 1019 460
edge 2169 s 0 0 1019 771
edge 2244 S -1 77 1024 1019
edge 2307 s 0 0 1032 1019
