frag gi|15 359 466
img_no 6
edge_no 6
msp 2496 p 283 83.9 -1 104 gi|15 359 451 319 gi|28 21361 21459
msp 2498 s 311 96.0 -1 104 gi|15 417 466 557 gi|41 1908 1956
msp 2500 s 255 92.1 -1 104 gi|15 418 455 147 gi|18 14403 14438
msp 2502 s 276 97.4 -1 104 gi|15 418 455 138 gi|17 36825 36860
msp 2504 s 263 97.1 1 104 gi|15 421 455 846 gi|58 37172 37204
msp 2506 s 258 100.0 -1 104 gi|15 421 453 648 gi|46 34476 34506
edge 1337 s 0 0 846 104
edge 1591 s 0 0 557 104
edge 1609 s 0 0 147 104
edge 1618 s 0 0 648 104
edge 1621 s 0 0 104 138
edge 1622 p -1 83 104 319
