frag gi|40 1652 1804
img_no 6
flimg_no 3
edge_no 5
msp 2389 p 281 76.1 -1 1082 gi|9 18018 18170 1041 gi|40 1651 1804
msp 2597 p 302 79.0 -1 91 gi|13 33777 33832 1041 gi|40 1651 1706
msp 3661 p 246 76.4 -1 1038 gi|24 2672 2827 1041 gi|40 1652 1804
msp 4435 p 344 73.1 -1 1042 gi|38 1418 1550 1041 gi|40 1651 1789
msp 4570 p 457 77.3 -1 1041 gi|40 1657 1804 1039 gi|44 30006 30147
msp 4572 p 326 80.6 1 1041 gi|40 1668 1804 1039 gi|44 30012 30148
edge 2368 P -1 79 1041 91
edge 2370 p -1 76 1041 1038
edge 2371 p 1 80 1041 1039
edge 2374 p -1 73 1042 1041
edge 2802 p -1 76 1082 1041
