frag gi|37 23525 23601
img_no 5
flimg_no 2
edge_no 5
msp 2783 p 336 91.5 -1 124 gi|17 11708 11752 1050 gi|37 23525 23569
msp 2799 p 273 79.5 -1 128 gi|17 20824 20901 1050 gi|37 23525 23603
msp 4234 p 279 86.1 -1 1050 gi|37 23525 23573 1051 gi|56 11276 11324
msp 4236 p 289 83.7 1 1050 gi|37 23526 23574 558 gi|41 10533 10581
msp 4240 p 253 75.7 1 1050 gi|37 23526 23599 480 gi|38 5153 5234
edge 2465 S -1 91 1050 124
edge 2466 p -1 79 1050 128
edge 2467 p 1 75 1050 480
edge 2468 P 1 83 1050 558
edge 2474 P -1 86 1051 1050
