frag gi|3 4950 6134
img_no 9
flimg_no 1
edge_no 9
msp 455 s 261 77.8 1 968 gi|2 31939 32784 1074 gi|3 5239 6090
msp 729 s 261 77.8 1 967 gi|1 37219 38064 1074 gi|3 5239 6090
msp 768 p 5366 81.7 1 1074 gi|3 4949 6135 974 gi|40 6517 7696
msp 770 s 630 80.0 1 1074 gi|3 4954 5152 1076 gi|26 5657 5857
msp 772 p 281 78.3 1 1074 gi|3 4951 5047 861 gi|59 25689 25779
msp 774 p 2577 80.2 1 1074 gi|3 5437 6134 1073 gi|26 5849 6542
msp 776 s 459 75.4 1 1074 gi|3 5633 6127 971 gi|26 544 1027
msp 778 s 476 76.5 -1 1074 gi|3 5795 6037 976 gi|58 11 253
msp 780 p 839 79.2 1 1074 gi|3 5932 6135 1072 gi|25 32240 32444
edge 2734 S 1 78 1074 861
edge 2735 s 0 0 1074 967
edge 2736 s 0 0 1074 968
edge 2737 s 0 0 1074 971
edge 2738 p 1 81 1074 974
edge 2739 s 0 0 1074 976
edge 2740 S 1 79 1074 1072
edge 2741 S 1 80 1074 1073
edge 2743 s 0 0 1076 1074
