frag gi|9 18012 18172
img_no 8
flimg_no 7
edge_no 5
msp 2376 p 167 79.8 1 1082 gi|9 18012 18173 1084 gi|38 4997 5143
msp 2378 p 297 79.9 1 1082 gi|9 18011 18173 1080 gi|33 25510 25667
msp 2380 p 467 77.0 1 1082 gi|9 18011 18173 1038 gi|24 2665 2827
msp 2382 p 382 82.4 -1 1082 gi|9 18011 18173 1038 gi|24 2664 2826
msp 2384 s 413 78.7 -1 1082 gi|9 18011 18172 1080 gi|33 25508 25669
msp 2386 s 470 77.3 -1 1082 gi|9 18011 18172 1084 gi|38 4979 5142
msp 2388 p 281 76.1 -1 1082 gi|9 18018 18170 1041 gi|40 1651 1804
msp 2390 p 171 82.0 1 1082 gi|9 18142 18173 1060 gi|22 24229 24263
edge 2801 p -1 82 1082 1038
edge 2802 p -1 76 1082 1041
edge 2803 P 1 82 1082 1060
edge 2804 p 1 79 1082 1080
edge 2808 p 1 79 1084 1082
