frag gi|17 2956 3269
img_no 65
edge_no 52
msp 31 s 386 90.9 -1 520 gi|4 2498 2552 121 gi|17 3042 3096
msp 645 s 512 86.0 -1 19 gi|1 27198 27311 121 gi|17 3043 3158
msp 657 s 345 83.5 1 19 gi|1 27200 27314 121 gi|17 3043 3159
msp 829 s 274 90.2 -1 339 gi|3 11275 11325 121 gi|17 3043 3091
msp 903 s 394 95.8 -1 341 gi|3 14443 14490 121 gi|17 3044 3091
msp 1103 s 305 85.7 1 918 gi|8 8259 8307 121 gi|17 3043 3091
msp 1207 s 326 87.8 -1 933 gi|8 28246 28294 121 gi|17 3110 3158
msp 1249 s 320 79.4 -1 701 gi|5 6989 7129 121 gi|17 3044 3198
msp 1293 s 358 79.5 1 701 gi|5 7024 7135 121 gi|17 3044 3161
msp 1331 s 307 86.7 -1 703 gi|5 13298 13387 121 gi|17 3043 3136
msp 1623 s 333 87.5 1 872 gi|6 24934 24981 121 gi|17 3043 3090
msp 1931 s 374 87.2 1 37 gi|10 22906 23022 121 gi|17 3044 3155
msp 1939 s 438 85.7 -1 37 gi|10 22927 23066 121 gi|17 3005 3143
msp 1987 s 309 83.3 1 39 gi|10 30456 30611 121 gi|17 3038 3174
msp 2101 s 349 85.6 1 62 gi|12 11686 11796 121 gi|17 3039 3161
msp 2175 s 310 76.3 1 71 gi|12 27942 28127 121 gi|17 2976 3159
msp 2257 s 349 87.8 1 72 gi|12 32066 32114 121 gi|17 3043 3091
msp 2405 s 309 79.8 -1 942 gi|9 19653 19756 121 gi|17 3048 3155
msp 2425 s 552 87.5 -1 944 gi|9 22350 22469 121 gi|17 3042 3167
msp 2451 s 292 80.0 1 944 gi|9 22359 22468 121 gi|17 3044 3156
msp 2680 s 325 80.7 -1 121 gi|17 2956 3147 647 gi|46 32517 32697
msp 2682 s 366 89.7 -1 121 gi|17 3022 3089 586 gi|43 15829 15895
msp 2684 s 302 87.5 1 121 gi|17 3022 3093 732 gi|50 39616 39683
msp 2686 s 385 80.8 1 121 gi|17 3027 3146 155 gi|18 36016 36131
msp 2688 s 489 87.6 -1 121 gi|17 3032 3160 669 gi|48 21736 21856
msp 2690 s 398 79.7 -1 121 gi|17 3033 3155 148 gi|18 21940 22051
msp 2692 s 391 80.0 1 121 gi|17 3037 3176 879 gi|60 5079 5220
msp 2694 s 297 85.5 -1 121 gi|17 3039 3155 952 gi|39 33913 34025
msp 2696 s 311 77.0 -1 121 gi|17 3040 3269 216 gi|21 33001 33236
msp 2698 s 304 85.3 1 121 gi|17 3040 3155 669 gi|48 21736 21844
msp 2700 s 278 87.9 -1 121 gi|17 3040 3097 854 gi|59 13098 13154
msp 2702 s 329 95.9 -1 121 gi|17 3042 3090 691 gi|49 31675 31723
msp 2704 s 295 82.0 -1 121 gi|17 3042 3158 650 gi|46 39347 39466
msp 2706 s 312 87.7 1 121 gi|17 3043 3099 252 gi|23 28125 28182
msp 2708 s 466 85.2 -1 121 gi|17 3043 3164 312 gi|27 39536 39656
msp 2710 s 300 82.9 1 121 gi|17 3043 3159 312 gi|27 39544 39659
msp 2712 s 444 84.3 1 121 gi|17 3043 3163 216 gi|21 33112 33241
msp 2714 s 291 85.4 1 121 gi|17 3043 3090 199 gi|21 1633 1680
msp 2716 s 267 97.9 -1 121 gi|17 3043 3089 140 gi|18 3758 3806
msp 2718 s 391 88.5 -1 121 gi|17 3043 3120 569 gi|42 9545 9616
msp 2720 s 319 86.8 1 121 gi|17 3043 3095 579 gi|42 37473 37526
msp 2722 s 278 93.8 1 121 gi|17 3043 3090 568 gi|42 7965 8014
msp 2724 s 320 90.2 -1 121 gi|17 3043 3103 583 gi|43 11782 11843
msp 2726 s 273 91.5 1 121 gi|17 3043 3089 586 gi|43 15890 15936
msp 2728 s 260 92.0 1 121 gi|17 3043 3092 234 gi|22 34681 34729
msp 2730 s 281 91.5 -1 121 gi|17 3043 3089 777 gi|54 34626 34672
msp 2732 s 268 81.2 1 121 gi|17 3043 3159 650 gi|46 39349 39468
msp 2734 s 270 85.7 1 121 gi|17 3043 3091 167 gi|19 31823 31873
msp 2736 s 317 86.7 1 121 gi|17 3043 3102 723 gi|50 20067 20127
msp 2738 s 304 87.2 -1 121 gi|17 3043 3089 446 gi|36 9586 9632
msp 2740 s 299 86.3 1 121 gi|17 3043 3093 750 gi|52 29295 29348
msp 2742 s 250 93.8 -1 121 gi|17 3043 3090 738 gi|51 19332 19383
msp 2744 s 281 87.2 1 121 gi|17 3043 3089 804 gi|56 31989 32036
msp 2746 s 279 87.8 1 121 gi|17 3044 3092 681 gi|49 5775 5823
msp 2748 s 292 88.4 -1 121 gi|17 3044 3155 879 gi|60 5088 5198
msp 2750 s 264 77.2 -1 121 gi|17 3044 3166 489 gi|38 24032 24146
msp 2752 s 299 88.5 1 121 gi|17 3044 3095 223 gi|22 3196 3250
msp 2754 s 327 92.0 1 121 gi|17 3044 3093 776 gi|54 32226 32276
msp 2756 s 279 95.7 1 121 gi|17 3044 3089 158 gi|19 692 737
msp 2758 s 267 87.7 -1 121 gi|17 3044 3116 720 gi|50 7302 7371
msp 2760 s 341 84.9 1 121 gi|17 3046 3164 489 gi|38 24044 24156
msp 2762 s 446 86.4 1 121 gi|17 3047 3156 952 gi|39 33914 34021
msp 2764 s 299 80.6 1 121 gi|17 3048 3155 678 gi|49 2149 2247
msp 2766 s 272 87.6 1 121 gi|17 3059 3155 647 gi|46 32521 32618
msp 2768 s 257 86.0 -1 121 gi|17 3108 3207 433 gi|35 28691 28778
edge 17 s 0 0 37 121
edge 71 s 0 0 71 121
edge 88 s 0 0 148 121
edge 109 s 0 0 489 121
edge 135 s 0 0 647 121
edge 154 s 0 0 669 121
edge 173 s 0 0 701 121
edge 189 s 0 0 879 121
edge 198 s 0 0 933 121
edge 207 s 0 0 944 121
edge 217 s 0 0 19 121
edge 248 s 0 0 72 121
edge 281 s 0 0 121 39
edge 282 s 0 0 121 62
edge 283 s 0 0 121 140
edge 284 s 0 0 121 155
edge 285 s 0 0 121 158
edge 286 s 0 0 121 167
edge 287 s 0 0 121 199
edge 288 s 0 0 121 216
edge 289 s 0 0 121 223
edge 290 s 0 0 121 234
edge 291 s 0 0 121 252
edge 292 s 0 0 121 312
edge 293 s 0 0 121 339
edge 294 s 0 0 121 341
edge 295 s 0 0 121 433
edge 296 s 0 0 121 446
edge 297 s 0 0 121 520
edge 298 s 0 0 121 568
edge 299 s 0 0 121 569
edge 300 s 0 0 121 579
edge 301 s 0 0 121 583
edge 302 s 0 0 121 586
edge 303 s 0 0 121 650
edge 304 s 0 0 121 678
edge 305 s 0 0 121 681
edge 306 s 0 0 121 691
edge 307 s 0 0 121 703
edge 308 s 0 0 121 720
edge 309 s 0 0 121 723
edge 310 s 0 0 121 732
edge 311 s 0 0 121 738
edge 312 s 0 0 121 750
edge 313 s 0 0 121 776
edge 314 s 0 0 121 777
edge 315 s 0 0 121 804
edge 316 s 0 0 121 854
edge 317 s 0 0 121 872
edge 318 s 0 0 121 918
edge 319 s 0 0 121 942
edge 976 s 0 0 952 121
