frag gi|17 12250 12476
img_no 6
flimg_no 1
edge_no 5
msp 193 p 442 76.9 -1 527 gi|4 19606 19839 126 gi|17 12250 12476
msp 203 s 292 82.8 -1 527 gi|4 19724 19839 126 gi|17 12366 12474
msp 1429 s 276 82.8 -1 705 gi|5 15002 15059 126 gi|17 12366 12422
msp 1473 s 306 78.3 -1 716 gi|5 36010 36129 126 gi|17 12366 12480
msp 2794 s 258 80.5 1 126 gi|17 12366 12452 226 gi|22 17076 17166
msp 2796 s 304 77.6 -1 126 gi|17 12366 12472 427 gi|35 21122 21230
edge 1717 P -1 76 527 126
edge 1724 s 0 0 716 126
edge 2480 s 0 0 226 126
edge 2485 s 0 0 427 126
edge 2492 s 0 0 705 126
