frag gi|18 14354 14490
img_no 11
edge_no 9
msp 1233 p 258 77.3 1 697 gi|5 1727 1792 147 gi|18 14386 14447
msp 2501 s 255 92.1 -1 104 gi|15 418 455 147 gi|18 14403 14438
msp 2861 s 257 90.5 1 138 gi|17 36824 36886 147 gi|18 14402 14455
msp 2918 s 286 82.7 1 147 gi|18 14354 14463 846 gi|58 37116 37230
msp 2920 s 286 81.8 1 147 gi|18 14373 14438 654 gi|47 12942 13009
msp 2922 s 295 85.5 -1 147 gi|18 14386 14468 236 gi|23 7442 7528
msp 2924 s 276 90.6 -1 147 gi|18 14393 14445 648 gi|46 34465 34515
msp 2926 s 267 84.4 -1 147 gi|18 14393 14469 846 gi|58 37129 37218
msp 2928 s 284 84.6 -1 147 gi|18 14400 14490 312 gi|27 39483 39575
msp 2930 s 250 90.9 -1 147 gi|18 14400 14443 224 gi|22 6485 6532
msp 2932 s 255 84.2 -1 147 gi|18 14403 14440 654 gi|47 12969 13006
edge 494 s 0 0 312 147
edge 1339 s 0 0 846 147
edge 1587 s 0 0 224 147
edge 1600 s 0 0 654 147
edge 1609 s 0 0 147 104
edge 1610 s 0 0 147 138
edge 1611 s 0 0 147 236
edge 1612 s 0 0 147 648
edge 1613 P 1 77 147 697
