frag gi|18 35998 36210
img_no 45
edge_no 33
msp 71 s 256 84.4 1 520 gi|4 2504 2567 155 gi|18 36095 36169
msp 93 s 295 87.5 -1 520 gi|4 2505 2552 155 gi|18 36034 36081
msp 661 s 356 83.8 1 19 gi|1 27200 27310 155 gi|18 36035 36149
msp 671 s 425 88.3 -1 19 gi|1 27201 27311 155 gi|18 36035 36149
msp 815 s 302 86.6 -1 339 gi|3 11259 11325 155 gi|18 36035 36103
msp 901 s 284 94.0 1 341 gi|3 14442 14491 155 gi|18 36093 36150
msp 909 s 295 87.5 -1 341 gi|3 14443 14490 155 gi|18 36036 36083
msp 1099 s 262 79.6 1 918 gi|8 8259 8312 155 gi|18 36035 36088
msp 1349 s 264 90.7 1 703 gi|5 13336 13389 155 gi|18 36091 36153
msp 1363 s 325 87.8 -1 703 gi|5 13339 13387 155 gi|18 36035 36083
msp 1571 s 337 88.5 1 872 gi|6 24921 24981 155 gi|18 36025 36082
msp 1925 s 420 83.0 -1 37 gi|10 22905 23022 155 gi|18 36036 36150
msp 1927 s 460 89.7 1 37 gi|10 22906 23022 155 gi|18 36036 36149
msp 1999 s 353 88.3 -1 39 gi|10 30463 30590 155 gi|18 36033 36150
msp 2259 s 267 80.4 1 72 gi|12 32066 32116 155 gi|18 36035 36085
msp 2687 s 385 80.8 1 121 gi|17 3027 3146 155 gi|18 36016 36131
msp 2986 s 266 80.1 1 155 gi|18 35998 36163 691 gi|49 31582 31734
msp 2988 s 506 82.8 -1 155 gi|18 36020 36188 312 gi|27 39500 39667
msp 2990 s 491 85.2 1 155 gi|18 36022 36149 650 gi|46 39332 39464
msp 2992 s 323 84.5 1 155 gi|18 36024 36081 732 gi|50 39622 39679
msp 2994 s 296 79.0 -1 155 gi|18 36029 36171 669 gi|48 21716 21851
msp 2996 s 420 85.3 -1 155 gi|18 36034 36149 650 gi|46 39350 39466
msp 2998 s 330 91.8 -1 155 gi|18 36034 36082 691 gi|49 31675 31723
msp 3000 s 310 91.7 -1 155 gi|18 36035 36082 583 gi|43 11795 11843
msp 3002 s 302 91.5 1 155 gi|18 36035 36081 586 gi|43 15890 15936
msp 3004 s 285 89.4 -1 155 gi|18 36035 36081 586 gi|43 15829 15875
msp 3006 s 405 87.8 1 155 gi|18 36035 36149 312 gi|27 39544 39655
msp 3008 s 309 91.5 -1 155 gi|18 36035 36081 446 gi|36 9586 9632
msp 3010 s 254 83.9 1 155 gi|18 36035 36090 723 gi|50 20067 20122
msp 3012 s 305 84.5 -1 155 gi|18 36035 36105 569 gi|42 9545 9616
msp 3014 s 344 87.8 -1 155 gi|18 36035 36149 216 gi|21 33113 33233
msp 3016 s 343 83.5 1 155 gi|18 36035 36149 216 gi|21 33112 33232
msp 3018 s 252 85.4 1 155 gi|18 36035 36082 199 gi|21 1633 1680
msp 3020 s 306 92.0 1 155 gi|18 36035 36084 234 gi|22 34681 34729
msp 3022 s 303 89.4 -1 155 gi|18 36035 36081 777 gi|54 34626 34672
msp 3024 s 303 89.8 1 155 gi|18 36035 36083 252 gi|23 28125 28174
msp 3026 s 281 89.4 1 155 gi|18 36035 36081 804 gi|56 31989 32036
msp 3028 s 273 82.3 -1 155 gi|18 36035 36102 854 gi|59 13084 13151
msp 3030 s 310 86.8 1 155 gi|18 36036 36088 681 gi|49 5775 5830
msp 3032 s 295 91.3 1 155 gi|18 36036 36081 158 gi|19 692 737
msp 3034 s 286 91.5 1 155 gi|18 36036 36082 776 gi|54 32226 32273
msp 3036 s 259 83.3 1 155 gi|18 36036 36119 248 gi|23 21308 21407
msp 3038 s 256 93.2 -1 155 gi|18 36091 36149 568 gi|42 7966 8020
msp 3040 s 266 85.5 -1 155 gi|18 36094 36176 681 gi|49 5747 5822
msp 3042 s 252 88.0 -1 155 gi|18 36094 36210 252 gi|23 28044 28174
edge 18 s 0 0 37 155
edge 155 s 0 0 669 155
edge 219 s 0 0 19 155
edge 250 s 0 0 72 155
edge 284 s 0 0 121 155
edge 320 s 0 0 155 39
edge 321 s 0 0 155 158
edge 322 s 0 0 155 199
edge 323 s 0 0 155 216
edge 324 s 0 0 155 234
edge 325 s 0 0 155 248
edge 326 s 0 0 155 252
edge 327 s 0 0 155 312
edge 328 s 0 0 155 339
edge 329 s 0 0 155 341
edge 330 s 0 0 155 446
edge 331 s 0 0 155 520
edge 332 s 0 0 155 568
edge 333 s 0 0 155 569
edge 334 s 0 0 155 583
edge 335 s 0 0 155 586
edge 336 s 0 0 155 650
edge 337 s 0 0 155 681
edge 338 s 0 0 155 691
edge 339 s 0 0 155 703
edge 340 s 0 0 155 723
edge 341 s 0 0 155 732
edge 342 s 0 0 155 776
edge 343 s 0 0 155 777
edge 344 s 0 0 155 804
edge 345 s 0 0 155 854
edge 346 s 0 0 155 872
edge 347 s 0 0 155 918
