frag gi|19 641 816
img_no 41
edge_no 38
msp 23 s 363 81.7 -1 520 gi|4 2420 2550 158 gi|19 692 816
msp 161 s 268 92.2 -1 523 gi|4 15275 15325 158 gi|19 688 738
msp 407 s 268 92.2 -1 184 gi|2 21062 21112 158 gi|19 689 739
msp 621 s 250 91.4 1 19 gi|1 27190 27247 158 gi|19 679 737
msp 697 s 340 95.6 -1 19 gi|1 27266 27310 158 gi|19 692 736
msp 849 s 291 92.2 -1 339 gi|3 11277 11327 158 gi|19 689 737
msp 949 s 292 87.5 -1 341 gi|3 14445 14492 158 gi|19 690 737
msp 1407 s 289 87.5 -1 703 gi|5 13341 13388 158 gi|19 690 737
msp 1607 s 253 81.6 1 872 gi|6 24932 24980 158 gi|19 689 737
msp 1849 p 259 77.8 -1 28 gi|10 1917 1970 158 gi|19 658 712
msp 2221 s 270 82.3 1 72 gi|12 32028 32112 158 gi|19 641 737
msp 2757 s 279 95.7 1 121 gi|17 3044 3089 158 gi|19 692 737
msp 2831 s 317 97.9 -1 129 gi|17 20921 20968 158 gi|19 691 737
msp 2897 s 328 89.5 -1 140 gi|18 3758 3814 158 gi|19 683 737
msp 3033 s 295 91.3 1 155 gi|18 36036 36081 158 gi|19 692 737
msp 3044 s 323 90.3 1 158 gi|19 641 743 248 gi|23 21244 21365
msp 3046 s 297 90.0 -1 158 gi|19 668 737 569 gi|42 9570 9645
msp 3048 s 294 89.2 1 158 gi|19 673 737 723 gi|50 20051 20114
msp 3050 s 274 81.7 -1 158 gi|19 678 737 854 gi|59 13105 13162
msp 3052 s 296 88.3 -1 158 gi|19 681 740 637 gi|45 39717 39776
msp 3054 s 377 81.5 1 158 gi|19 681 745 586 gi|43 15880 15944
msp 3056 s 270 83.9 1 158 gi|19 682 737 234 gi|22 34672 34726
msp 3058 s 304 87.0 1 158 gi|19 684 737 568 gi|42 7958 8013
msp 3060 s 275 86.8 1 158 gi|19 685 737 300 gi|27 10169 10223
msp 3062 s 305 90.0 -1 158 gi|19 686 735 583 gi|43 11799 11850
msp 3064 s 264 88.5 1 158 gi|19 686 737 312 gi|27 39539 39592
msp 3066 s 250 86.5 1 158 gi|19 686 737 650 gi|46 39344 39398
msp 3068 s 296 84.3 -1 158 gi|19 687 737 777 gi|54 34626 34676
msp 3070 s 292 92.0 -1 158 gi|19 688 737 216 gi|21 33189 33236
msp 3072 s 358 95.9 -1 158 gi|19 689 737 691 gi|49 31676 31725
msp 3074 s 319 91.8 1 158 gi|19 689 737 252 gi|23 28123 28172
msp 3076 s 357 93.8 1 158 gi|19 690 737 732 gi|50 39632 39679
msp 3078 s 271 80.0 1 158 gi|19 690 759 199 gi|21 1632 1708
msp 3080 s 291 89.4 -1 158 gi|19 691 737 776 gi|54 32201 32247
msp 3082 s 284 91.5 1 158 gi|19 691 737 776 gi|54 32225 32272
msp 3084 s 283 83.0 1 158 gi|19 691 743 681 gi|49 5774 5826
msp 3086 s 273 91.5 -1 158 gi|19 691 737 223 gi|22 3169 3218
msp 3088 s 269 91.5 -1 158 gi|19 691 737 804 gi|56 31963 32011
msp 3090 s 304 91.3 -1 158 gi|19 692 737 446 gi|36 9586 9631
msp 3092 s 253 87.0 -1 158 gi|19 692 737 312 gi|27 39610 39655
msp 3094 s 271 85.2 -1 158 gi|19 695 755 596 gi|43 39803 39872
edge 220 s 0 0 19 158
edge 251 s 0 0 72 158
edge 285 s 0 0 121 158
edge 321 s 0 0 155 158
edge 362 s 0 0 199 158
edge 387 s 0 0 216 158
edge 417 s 0 0 223 158
edge 433 s 0 0 248 158
edge 462 s 0 0 252 158
edge 495 s 0 0 312 158
edge 524 s 0 0 339 158
edge 541 s 0 0 341 158
edge 570 s 0 0 446 158
edge 609 s 0 0 520 158
edge 632 s 0 0 523 158
edge 656 s 0 0 568 158
edge 676 s 0 0 569 158
edge 698 s 0 0 583 158
edge 724 s 0 0 586 158
edge 746 s 0 0 650 158
edge 765 s 0 0 681 158
edge 781 s 0 0 691 158
edge 801 s 0 0 703 158
edge 824 s 0 0 723 158
edge 835 s 0 0 732 158
edge 854 s 0 0 776 158
edge 860 s 0 0 777 158
edge 871 s 0 0 804 158
edge 878 s 0 0 854 158
edge 886 s 0 0 872 158
edge 929 s 0 0 637 158
edge 942 s 0 0 184 158
edge 1576 S -1 77 28 158
edge 1581 s 0 0 140 158
edge 1583 s 0 0 158 129
edge 1584 s 0 0 158 234
edge 1585 s 0 0 158 300
edge 1586 s 0 0 158 596
