frag gi|21 21310 22433
img_no 11
flimg_no 5
edge_no 11
msp 453 p 10055 100.0 -1 968 gi|2 31748 32870 211 gi|21 21311 22433
msp 727 p 10055 100.0 -1 967 gi|1 37028 38150 211 gi|21 21311 22433
msp 797 s 264 75.5 -1 972 gi|3 7319 7776 211 gi|21 21451 21914
msp 1117 p 10055 100.0 -1 919 gi|8 8721 9843 211 gi|21 21311 22433
msp 1181 p 10055 100.0 -1 929 gi|8 19851 20973 211 gi|21 21311 22433
msp 2633 p 10077 100.0 -1 966 gi|14 10381 11506 211 gi|21 21308 22433
msp 3238 p 1051 100.0 1 211 gi|21 21311 21425 975 gi|44 39886 40000
msp 3240 s 325 76.9 -1 211 gi|21 21417 22218 974 gi|40 6824 7617
msp 3242 p 2561 96.4 1 211 gi|21 21426 21761 976 gi|58 1 325
msp 3244 s 344 82.0 -1 211 gi|21 21451 21650 971 gi|26 749 929
msp 3246 p 6439 100.0 1 211 gi|21 21708 22433 977 gi|58 2880 3605
edge 1419 p -1 100 211 919
edge 1420 p -1 100 211 929
edge 1459 p -1 100 966 211
edge 1471 p -1 100 967 211
edge 1483 p -1 100 968 211
edge 1503 s 0 0 971 211
edge 1514 s 0 0 972 211
edge 1523 s 0 0 974 211
edge 1538 S 1 100 975 211
edge 1545 S 1 96 976 211
edge 1556 p 1 100 977 211
