frag gi|22 30195 30303
img_no 7
flimg_no 3
edge_no 7
msp 3424 s 251 80.0 1 231 gi|22 30193 30272 673 gi|48 35451 35538
msp 3426 p 344 79.7 1 231 gi|22 30195 30307 826 gi|57 38522 38641
msp 3428 s 279 73.9 1 231 gi|22 30195 30282 1032 gi|57 2390 2476
msp 3430 s 325 71.7 1 231 gi|22 30195 30293 1024 gi|33 22230 22327
msp 3432 p 318 71.0 -1 231 gi|22 30195 30301 1036 gi|28 34022 34128
msp 3434 p 311 72.9 1 231 gi|22 30195 30301 1012 gi|41 16493 16599
msp 3436 s 273 77.9 1 231 gi|22 30198 30283 267 gi|24 23623 23705
edge 1238 s 0 0 267 231
edge 1325 P 1 79 826 231
edge 2111 S 1 72 1012 231
edge 2223 s 0 0 1024 231
edge 2293 s 0 0 1032 231
edge 2313 S -1 71 1036 231
edge 2619 s 0 0 231 673
