frag gi|22 31987 32296
img_no 9
flimg_no 2
edge_no 3
msp 1151 p 500 79.6 1 923 gi|8 12377 12709 232 gi|22 31988 32297
msp 1157 s 287 85.1 -1 923 gi|8 12391 12437 232 gi|22 32002 32048
msp 1159 s 426 79.3 -1 923 gi|8 12409 12707 232 gi|22 32003 32279
msp 1161 s 270 77.4 -1 923 gi|8 12659 12711 232 gi|22 32248 32300
msp 1163 s 254 87.8 1 923 gi|8 12663 12711 232 gi|22 32002 32050
msp 1731 p 605 75.4 -1 896 gi|7 22789 23105 232 gi|22 32003 32297
msp 1737 s 512 80.3 1 896 gi|7 22791 23089 232 gi|22 32003 32279
msp 3438 p 693 78.7 1 232 gi|22 31986 32295 1061 gi|36 1305 1621
msp 3440 s 718 81.1 -1 232 gi|22 32003 32295 1061 gi|36 1319 1621
edge 2621 p -1 75 232 896
edge 2622 p 1 79 232 923
edge 2626 p 1 78 1061 232
