frag gi|22 36655 37379
img_no 8
edge_no 8
msp 521 s 641 68.4 -1 3 gi|1 4101 4707 235 gi|22 36756 37320
msp 1859 p 622 79.2 1 954 gi|10 15256 15956 235 gi|22 36655 37351
msp 2911 s 287 80.3 1 143 gi|18 7504 7686 235 gi|22 37144 37320
msp 3490 s 471 77.3 1 235 gi|22 36767 37379 658 gi|47 19464 20103
msp 3492 s 334 75.5 -1 235 gi|22 37026 37335 728 gi|50 28799 29093
msp 3494 s 379 69.4 -1 235 gi|22 37042 37312 825 gi|57 35491 35761
msp 3496 s 304 77.2 -1 235 gi|22 37140 37319 577 gi|42 27097 27279
msp 3498 s 258 79.0 1 235 gi|22 37247 37365 485 gi|38 17596 17711
edge 1005 s 0 0 3 235
edge 1033 s 0 0 235 143
edge 1034 s 0 0 235 485
edge 1035 s 0 0 235 577
edge 1036 s 0 0 235 658
edge 1037 s 0 0 235 728
edge 1038 s 0 0 235 825
edge 1133 p 1 79 954 235
