frag gi|23 11242 11526
img_no 12
edge_no 12
msp 359 s 266 93.9 1 180 gi|2 16650 16682 240 gi|23 11461 11493
msp 3508 p 340 79.5 -1 240 gi|23 11242 11500 471 gi|37 34010 34262
msp 3510 s 428 82.3 -1 240 gi|23 11434 11501 792 gi|56 1698 1765
msp 3512 s 294 80.3 1 240 gi|23 11437 11507 460 gi|37 3411 3488
msp 3514 p 311 77.8 -1 240 gi|23 11437 11526 672 gi|48 32557 32649
msp 3516 s 254 83.6 -1 240 gi|23 11447 11501 826 gi|57 38507 38566
msp 3518 s 268 76.3 -1 240 gi|23 11450 11508 1024 gi|33 22208 22267
msp 3520 s 250 79.0 1 240 gi|23 11451 11507 1036 gi|28 34092 34151
msp 3522 s 311 95.6 -1 240 gi|23 11453 11497 272 gi|25 5923 5965
msp 3524 s 268 79.2 -1 240 gi|23 11454 11501 1012 gi|41 16478 16525
msp 3526 s 350 83.3 -1 240 gi|23 11455 11508 267 gi|24 23598 23651
msp 3528 s 277 82.0 -1 240 gi|23 11455 11515 555 gi|40 37344 37412
edge 1212 s 0 0 180 240
edge 1226 s 0 0 240 267
edge 1227 s 0 0 240 272
edge 1230 s 0 0 240 460
edge 1231 p -1 79 240 471
edge 1232 s 0 0 240 555
edge 1234 S -1 77 240 672
edge 1235 s 0 0 240 792
edge 1236 s 0 0 240 826
edge 2112 s 0 0 1012 240
edge 2224 s 0 0 1024 240
edge 2314 s 0 0 1036 240
