frag gi|24 25100 25510
img_no 5
edge_no 5
msp 967 s 272 87.2 1 1065 gi|3 18242 18288 268 gi|24 25103 25149
msp 969 p 313 97.4 -1 345 gi|3 18300 18338 268 gi|24 25102 25140
msp 3744 p 1815 96.3 1 268 gi|24 25099 25308 1063 gi|41 22510 22718
msp 3746 p 1069 76.1 1 268 gi|24 25099 25499 1064 gi|25 27289 27692
msp 3748 p 589 86.6 1 268 gi|24 25399 25510 280 gi|25 27671 27778
edge 2673 P 1 86 268 280
edge 2675 P -1 97 268 345
edge 2681 P 1 96 1063 268
edge 2685 p 1 76 1064 268
edge 2688 s 0 0 1065 268
