frag gi|25 5896 6051
img_no 13
edge_no 13
msp 353 s 483 81.9 -1 180 gi|2 16585 16689 272 gi|25 5920 6024
msp 1773 s 296 79.3 -1 1023 gi|7 23467 23558 272 gi|25 5920 6024
msp 3523 s 311 95.6 -1 240 gi|23 11453 11497 272 gi|25 5923 5965
msp 3691 s 260 82.3 1 260 gi|24 5617 5695 272 gi|25 5913 5991
msp 3739 s 371 85.9 1 267 gi|24 23596 23666 272 gi|25 5912 5979
msp 3756 s 516 82.5 -1 272 gi|25 5896 6021 460 gi|37 3378 3516
msp 3758 s 251 79.3 1 272 gi|25 5910 5991 555 gi|40 37349 37432
msp 3760 s 298 83.8 1 272 gi|25 5913 5992 1012 gi|41 16466 16548
msp 3762 s 447 79.6 -1 272 gi|25 5920 6022 846 gi|58 37246 37349
msp 3764 s 306 85.5 1 272 gi|25 5920 5988 826 gi|57 38508 38571
msp 3766 s 296 78.0 -1 272 gi|25 5920 6051 447 gi|36 11562 11687
msp 3768 s 283 76.7 1 272 gi|25 5920 5992 792 gi|56 1699 1775
msp 3770 s 267 82.0 -1 272 gi|25 5920 5997 382 gi|32 24969 25040
edge 1214 s 0 0 180 272
edge 1227 s 0 0 240 272
edge 1239 s 0 0 267 272
edge 1256 s 0 0 272 260
edge 1257 s 0 0 272 382
edge 1258 s 0 0 272 447
edge 1259 s 0 0 272 460
edge 1260 s 0 0 272 555
edge 1262 s 0 0 272 792
edge 1263 s 0 0 272 826
edge 1264 s 0 0 272 846
edge 2115 s 0 0 1012 272
edge 2201 s 0 0 1023 272
