frag gi|25 20328 20518
img_no 12
flimg_no 1
edge_no 12
msp 1759 p 489 83.4 1 1023 gi|7 23430 23574 275 gi|25 20328 20475
msp 2575 p 281 84.0 1 1011 gi|13 13703 13846 275 gi|25 20328 20461
msp 3717 s 379 82.3 -1 267 gi|24 23586 23670 275 gi|25 20382 20470
msp 3776 s 497 79.3 -1 275 gi|25 20327 20468 1024 gi|33 22198 22348
msp 3778 s 598 85.6 1 275 gi|25 20329 20478 1036 gi|28 34012 34169
msp 3780 p 503 81.2 -1 275 gi|25 20328 20518 1012 gi|41 16421 16610
msp 3782 s 317 84.7 -1 275 gi|25 20327 20470 555 gi|40 37345 37497
msp 3784 s 408 76.2 -1 275 gi|25 20327 20477 826 gi|57 38482 38640
msp 3786 s 253 75.6 1 275 gi|25 20352 20474 460 gi|37 3377 3502
msp 3788 s 420 84.8 -1 275 gi|25 20372 20503 1032 gi|57 2326 2454
msp 3790 s 423 85.1 1 275 gi|25 20377 20470 546 gi|40 18907 18996
msp 3792 s 368 75.7 -1 275 gi|25 20387 20489 680 gi|49 3870 3970
edge 1240 s 0 0 267 275
edge 1267 s 0 0 460 275
edge 1327 s 0 0 826 275
edge 2024 s 0 0 275 546
edge 2025 s 0 0 275 555
edge 2026 s 0 0 275 680
edge 2095 S 1 84 1011 275
edge 2116 P -1 81 1012 275
edge 2202 S 1 83 1023 275
edge 2227 s 0 0 1024 275
edge 2296 s 0 0 1032 275
edge 2317 s 0 0 1036 275
