frag gi|26 27323 28912
img_no 9
flimg_no 1
edge_no 8
msp 1009 s 296 73.2 -1 910 gi|8 96 420 290 gi|26 27371 27689
msp 1321 s 258 78.3 1 702 gi|5 8549 8617 290 gi|26 27917 27984
msp 1469 s 320 77.7 -1 715 gi|5 34227 34311 290 gi|26 27564 27648
msp 3355 s 1518 76.6 1 194 gi|20 19251 19995 290 gi|26 27341 28097
msp 3365 s 279 75.1 1 195 gi|20 20504 20981 290 gi|26 28381 28876
msp 3369 s 515 76.3 1 196 gi|20 21419 22331 290 gi|26 27350 28262
msp 3846 p 1075 75.6 1 290 gi|26 27323 28912 446 gi|36 9673 11263
msp 3848 s 267 76.2 1 290 gi|26 27350 27988 448 gi|36 11747 12388
msp 3850 s 289 75.2 1 290 gi|26 27704 28155 448 gi|36 12203 12674
edge 576 p 1 75 446 290
edge 1072 s 0 0 448 290
edge 1095 s 0 0 715 290
edge 1100 s 0 0 910 290
edge 1109 s 0 0 702 290
edge 1119 s 0 0 196 290
edge 2423 s 0 0 194 290
edge 2600 s 0 0 195 290
