frag gi|1 4029 4750
img_no 7
flimg_no 1
edge_no 7
msp 514 p 1057 81.7 -1 3 gi|1 4029 4750 954 gi|10 15314 15997
msp 516 s 264 67.8 1 3 gi|1 4041 4730 728 gi|50 28755 29395
msp 518 s 714 79.0 -1 3 gi|1 4083 4695 658 gi|47 19463 20062
msp 520 s 641 68.4 -1 3 gi|1 4101 4707 235 gi|22 36756 37320
msp 522 s 290 78.0 1 3 gi|1 4105 4350 692 gi|49 35726 35936
msp 524 s 251 76.6 1 3 gi|1 4105 4416 628 gi|45 23364 23649
msp 526 s 312 81.7 1 3 gi|1 4110 4454 227 gi|22 17525 17830
edge 1004 s 0 0 3 227
edge 1005 s 0 0 3 235
edge 1006 s 0 0 3 628
edge 1007 s 0 0 3 658
edge 1008 s 0 0 3 692
edge 1009 s 0 0 3 728
edge 1130 p -1 81 954 3
