frag gi|27 39360 39760
img_no 71
edge_no 46
msp 73 s 284 84.3 1 520 gi|4 2504 2554 312 gi|27 39609 39659
msp 95 s 277 86.7 -1 520 gi|4 2505 2564 312 gi|27 39532 39592
msp 125 s 278 88.4 1 523 gi|4 15154 15196 312 gi|27 39545 39588
msp 299 s 255 91.2 -1 537 gi|4 37165 37198 312 gi|27 39634 39667
msp 613 s 647 89.0 1 19 gi|1 27160 27314 312 gi|27 39501 39659
msp 617 s 416 89.2 -1 19 gi|1 27186 27314 312 gi|27 39541 39666
msp 927 s 286 86.8 -1 341 gi|3 14444 14496 312 gi|27 39539 39593
msp 1105 s 279 83.3 -1 918 gi|8 8259 8312 312 gi|27 39602 39656
msp 1253 s 271 80.7 -1 701 gi|5 7008 7152 312 gi|27 39529 39674
msp 1375 s 396 95.8 1 703 gi|5 13340 13387 312 gi|27 39609 39656
msp 1393 s 307 95.8 -1 703 gi|5 13341 13388 312 gi|27 39543 39592
msp 1587 s 334 78.5 -1 872 gi|6 24929 24993 312 gi|27 39597 39661
msp 1599 s 297 88.2 1 872 gi|6 24931 24981 312 gi|27 39541 39593
msp 1911 s 356 84.4 1 37 gi|10 22882 23022 312 gi|27 39511 39655
msp 1921 s 426 82.3 -1 37 gi|10 22904 23022 312 gi|27 39545 39657
msp 1991 s 398 88.9 1 39 gi|10 30462 30587 312 gi|27 39543 39655
msp 2003 s 255 85.3 -1 39 gi|10 30464 30647 312 gi|27 39473 39655
msp 2249 s 276 82.0 -1 72 gi|12 32063 32112 312 gi|27 39610 39659
msp 2355 s 259 83.5 1 54 gi|11 33431 33582 312 gi|27 39612 39760
msp 2709 s 466 85.2 -1 121 gi|17 3043 3164 312 gi|27 39536 39656
msp 2711 s 300 82.9 1 121 gi|17 3043 3159 312 gi|27 39544 39659
msp 2827 s 263 88.0 -1 129 gi|17 20921 21012 312 gi|27 39487 39592
msp 2895 s 296 87.7 -1 140 gi|18 3758 3814 312 gi|27 39536 39592
msp 2929 s 284 84.6 -1 147 gi|18 14400 14490 312 gi|27 39483 39575
msp 2989 s 506 82.8 -1 155 gi|18 36020 36188 312 gi|27 39500 39667
msp 3007 s 405 87.8 1 155 gi|18 36035 36149 312 gi|27 39544 39655
msp 3065 s 264 88.5 1 158 gi|19 686 737 312 gi|27 39539 39592
msp 3093 s 253 87.0 -1 158 gi|19 692 737 312 gi|27 39610 39655
msp 3163 s 275 86.5 1 199 gi|21 1629 1680 312 gi|27 39540 39593
msp 3173 s 265 83.0 -1 199 gi|21 1633 1679 312 gi|27 39610 39656
msp 3279 s 456 86.5 1 216 gi|21 33108 33233 312 gi|27 39540 39656
msp 3285 s 494 84.9 -1 216 gi|21 33109 33234 312 gi|27 39543 39659
msp 3467 s 273 88.0 1 234 gi|22 34677 34726 312 gi|27 39540 39592
msp 3477 s 304 83.9 -1 234 gi|22 34679 34740 312 gi|27 39597 39658
msp 3551 s 265 86.4 1 248 gi|23 21262 21408 312 gi|27 39496 39636
msp 3591 s 309 92.5 -1 248 gi|23 21308 21387 312 gi|27 39584 39655
msp 3609 s 294 94.2 1 252 gi|23 28121 28172 312 gi|27 39540 39592
msp 3613 s 367 92.3 -1 252 gi|23 28122 28173 312 gi|27 39609 39659
msp 3795 p 273 77.5 -1 276 gi|25 20994 21113 312 gi|27 39501 39611
msp 3904 s 360 79.2 -1 312 gi|27 39360 39600 446 gi|36 9578 9810
msp 3906 s 259 84.2 -1 312 gi|27 39426 39577 859 gi|59 18910 19053
msp 3908 s 292 75.6 1 312 gi|27 39492 39622 723 gi|50 20015 20148
msp 3910 s 281 88.4 -1 312 gi|27 39499 39593 691 gi|49 31675 31780
msp 3912 s 301 80.6 1 312 gi|27 39526 39597 631 gi|45 28152 28223
msp 3914 s 305 92.1 -1 312 gi|27 39532 39594 583 gi|43 11794 11855
msp 3916 s 385 88.1 1 312 gi|27 39535 39593 568 gi|42 7954 8014
msp 3918 s 457 79.5 1 312 gi|27 39538 39659 650 gi|46 39343 39468
msp 3920 s 442 84.8 1 312 gi|27 39538 39655 669 gi|48 21732 21844
msp 3922 s 262 88.9 1 312 gi|27 39539 39592 586 gi|43 15885 15936
msp 3924 s 250 89.2 1 312 gi|27 39540 39604 681 gi|49 5770 5831
msp 3926 s 459 85.6 -1 312 gi|27 39541 39658 650 gi|46 39347 39468
msp 3928 s 325 83.4 -1 312 gi|27 39541 39691 569 gi|42 9497 9619
msp 3930 s 312 89.1 -1 312 gi|27 39542 39596 777 gi|54 34622 34674
msp 3932 s 268 88.7 1 312 gi|27 39543 39604 677 gi|49 1477 1541
msp 3934 s 252 84.9 -1 312 gi|27 39543 39595 586 gi|43 15826 15876
msp 3936 s 273 79.7 -1 312 gi|27 39544 39607 506 gi|39 15104 15170
msp 3938 s 274 83.3 1 312 gi|27 39560 39655 647 gi|46 32521 32618
msp 3940 s 276 81.8 1 312 gi|27 39583 39659 569 gi|42 9545 9619
msp 3942 s 268 84.9 -1 312 gi|27 39583 39655 732 gi|50 39634 39708
msp 3944 s 307 81.9 -1 312 gi|27 39587 39658 723 gi|50 20065 20140
msp 3946 s 291 83.8 -1 312 gi|27 39595 39662 804 gi|56 31984 32053
msp 3948 s 396 89.4 1 312 gi|27 39605 39670 446 gi|36 9581 9643
msp 3950 s 254 82.7 1 312 gi|27 39606 39657 776 gi|54 32197 32248
msp 3952 s 274 94.5 1 312 gi|27 39608 39662 586 gi|43 15827 15880
msp 3954 s 331 86.3 1 312 gi|27 39608 39658 777 gi|54 34624 34674
msp 3956 s 353 93.6 -1 312 gi|27 39609 39655 681 gi|49 5775 5821
msp 3958 s 342 90.2 -1 312 gi|27 39609 39659 586 gi|43 15887 15937
msp 3960 s 302 89.4 1 312 gi|27 39610 39656 691 gi|49 31676 31722
msp 3962 s 293 87.2 1 312 gi|27 39610 39656 854 gi|59 13105 13151
msp 3964 s 259 95.8 1 312 gi|27 39610 39657 738 gi|51 19333 19384
msp 3966 s 332 93.3 1 312 gi|27 39612 39656 583 gi|43 11799 11843
edge 25 s 0 0 37 312
edge 136 s 0 0 647 312
edge 157 s 0 0 669 312
edge 175 s 0 0 701 312
edge 228 s 0 0 19 312
edge 258 s 0 0 72 312
edge 292 s 0 0 121 312
edge 327 s 0 0 155 312
edge 366 s 0 0 199 312
edge 390 s 0 0 216 312
edge 437 s 0 0 248 312
edge 466 s 0 0 252 312
edge 490 s 0 0 312 39
edge 491 s 0 0 312 54
edge 492 s 0 0 312 129
edge 493 s 0 0 312 140
edge 494 s 0 0 312 147
edge 495 s 0 0 312 158
edge 496 s 0 0 312 234
edge 497 P -1 77 312 276
edge 498 s 0 0 312 341
edge 499 s 0 0 312 446
edge 500 s 0 0 312 506
edge 501 s 0 0 312 520
edge 502 s 0 0 312 523
edge 503 s 0 0 312 537
edge 504 s 0 0 312 568
edge 505 s 0 0 312 569
edge 506 s 0 0 312 583
edge 507 s 0 0 312 586
edge 508 s 0 0 312 631
edge 509 s 0 0 312 650
edge 510 s 0 0 312 677
edge 511 s 0 0 312 681
edge 512 s 0 0 312 691
edge 513 s 0 0 312 703
edge 514 s 0 0 312 723
edge 515 s 0 0 312 732
edge 516 s 0 0 312 738
edge 517 s 0 0 312 776
edge 518 s 0 0 312 777
edge 519 s 0 0 312 804
edge 520 s 0 0 312 854
edge 521 s 0 0 312 859
edge 522 s 0 0 312 872
edge 523 s 0 0 312 918
