frag gi|28 14220 14366
img_no 14
flimg_no 1
edge_no 14
msp 1783 s 346 80.3 1 1023 gi|7 23498 23573 315 gi|28 14254 14328
msp 2587 s 256 84.6 1 1011 gi|13 13781 13845 315 gi|28 14257 14325
msp 3671 s 405 86.1 -1 260 gi|24 5609 5687 315 gi|28 14257 14336
msp 3723 s 400 84.4 -1 267 gi|24 23587 23663 315 gi|28 14257 14333
msp 3970 p 535 86.4 1 315 gi|28 14220 14366 546 gi|40 18881 19022
msp 3972 s 313 80.8 -1 315 gi|28 14246 14323 792 gi|56 1689 1767
msp 3974 s 364 89.4 -1 315 gi|28 14249 14333 1024 gi|33 22197 22271
msp 3976 s 453 85.2 -1 315 gi|28 14252 14332 680 gi|49 3889 3972
msp 3978 s 416 82.9 -1 315 gi|28 14254 14329 1012 gi|41 16464 16539
msp 3980 s 362 80.3 -1 315 gi|28 14254 14329 826 gi|57 38493 38568
msp 3982 s 317 82.1 -1 315 gi|28 14254 14337 1032 gi|57 2347 2436
msp 3984 s 347 83.3 -1 315 gi|28 14257 14334 555 gi|40 37344 37424
msp 3986 s 227 82.9 -1 315 gi|28 14257 14325 1028 gi|44 22267 22332
msp 3988 s 318 85.0 1 315 gi|28 14269 14328 447 gi|36 11642 11703
edge 1241 s 0 0 267 315
edge 1311 s 0 0 792 315
edge 1328 s 0 0 826 315
edge 2009 s 0 0 260 315
edge 2029 s 0 0 315 447
edge 2030 p 1 86 315 546
edge 2031 s 0 0 315 555
edge 2033 s 0 0 315 680
edge 2096 s 0 0 1011 315
edge 2117 s 0 0 1012 315
edge 2203 s 0 0 1023 315
edge 2228 s 0 0 1024 315
edge 2266 s 0 0 1028 315
edge 2297 s 0 0 1032 315
