frag gi|30 5718 8599
img_no 11
edge_no 11
msp 207 s 263 84.8 1 527 gi|4 19765 19843 365 gi|30 5759 5835
msp 1477 s 252 86.3 1 716 gi|5 36061 36133 365 gi|30 5761 5835
msp 2287 p 324 86.9 1 46 gi|11 250 310 365 gi|30 8535 8599
msp 2517 p 282 75.3 -1 982 gi|15 4017 4091 365 gi|30 5763 5836
msp 2619 s 1313 77.0 1 117 gi|16 29052 31085 365 gi|30 6070 8175
msp 3217 s 261 74.1 1 209 gi|21 20312 20369 365 gi|30 5771 5828
msp 3249 s 1209 76.7 1 212 gi|21 22134 24514 365 gi|30 5718 8175
msp 4116 s 1456 77.7 -1 365 gi|30 6006 8175 864 gi|59 37726 39810
msp 4118 s 23605 99.9 1 365 gi|30 6009 8607 422 gi|34 30813 33413
msp 4120 s 23593 100.0 -1 365 gi|30 6010 8599 829 gi|58 290 2879
msp 4413 s 1074 77.9 1 328 gi|29 11627 14056 365 gi|30 5718 8175
edge 1670 P 1 86 46 365
edge 1673 s 0 0 365 117
edge 1674 s 0 0 365 209
edge 1675 s 0 0 365 212
edge 1676 s 0 0 365 328
edge 1677 s 0 0 365 422
edge 1678 s 0 0 365 527
edge 1679 s 0 0 365 716
edge 1680 s 0 0 365 829
edge 1681 s 0 0 365 864
edge 1729 S -1 74 982 365
