frag gi|35 11403 11469
img_no 7
flimg_no 2
edge_no 7
msp 483 p 290 84.6 1 951 gi|1 1669 1733 424 gi|35 11402 11466
msp 2087 s 317 84.9 -1 58 gi|12 8623 8675 424 gi|35 11402 11454
msp 2189 p 327 91.9 1 71 gi|12 28020 28081 424 gi|35 11405 11467
msp 4007 p 296 76.0 -1 324 gi|28 33257 33331 424 gi|35 11402 11476
msp 4187 p 286 85.7 -1 406 gi|33 32643 32719 424 gi|35 11402 11472
msp 4352 p 307 84.4 -1 424 gi|35 11404 11467 647 gi|46 32548 32618
msp 4354 p 265 90.6 1 424 gi|35 11404 11467 953 gi|40 24381 24441
edge 51 s 0 0 58 424
edge 75 P 1 90 71 424
edge 104 S -1 76 424 324
edge 105 S -1 85 424 406
edge 107 S -1 84 424 647
edge 963 S 1 84 951 424
edge 993 S 1 90 953 424
