frag gi|35 19802 19983
img_no 14
edge_no 11
msp 153 s 274 87.8 1 523 gi|4 15275 15323 426 gi|35 19862 19912
msp 155 s 265 91.3 -1 523 gi|4 15275 15320 426 gi|35 19922 19971
msp 231 s 466 85.0 -1 531 gi|4 23844 23970 426 gi|35 19860 19983
msp 233 s 425 85.7 1 531 gi|4 23857 23968 426 gi|35 19861 19971
msp 323 s 314 87.8 -1 173 gi|2 3029 3077 426 gi|35 19920 19968
msp 393 s 299 87.5 -1 184 gi|2 21053 21108 426 gi|35 19922 19981
msp 425 s 274 87.8 1 184 gi|2 21063 21111 426 gi|35 19862 19912
msp 1543 s 237 97.1 1 1017 gi|6 21470 21501 426 gi|35 19937 19968
msp 2547 s 263 83.0 1 80 gi|13 4605 4651 426 gi|35 19861 19907
msp 3839 s 252 80.8 1 288 gi|26 21284 21356 426 gi|35 19850 19916
msp 4358 s 323 83.6 -1 426 gi|35 19802 19911 813 gi|57 6367 6466
msp 4360 s 273 83.1 1 426 gi|35 19841 19911 881 gi|60 10488 10563
msp 4362 s 260 89.4 1 426 gi|35 19862 19908 637 gi|45 39719 39763
msp 4364 s 302 98.1 1 426 gi|35 19920 19971 447 gi|36 11535 11580
edge 637 s 0 0 523 426
edge 933 s 0 0 637 426
edge 946 s 0 0 184 426
edge 1850 s 0 0 288 426
edge 1868 s 0 0 426 80
edge 1869 s 0 0 426 173
edge 1870 s 0 0 426 447
edge 1871 s 0 0 426 531
edge 1872 s 0 0 426 813
edge 1874 s 0 0 426 881
edge 2159 s 0 0 1017 426
