frag gi|38 7498 7725
img_no 9
edge_no 9
msp 151 s 358 88.7 1 523 gi|4 15274 15326 482 gi|38 7563 7618
msp 255 s 267 82.7 -1 534 gi|4 32827 32901 482 gi|38 7564 7634
msp 421 s 327 88.0 1 184 gi|2 21063 21112 482 gi|38 7564 7616
msp 2489 s 253 84.9 1 950 gi|9 38631 38796 482 gi|38 7564 7725
msp 2549 s 352 92.5 1 80 gi|13 4606 4658 482 gi|38 7564 7616
msp 3835 s 350 83.0 1 288 gi|26 21224 21370 482 gi|38 7498 7646
msp 4450 s 318 93.9 1 482 gi|38 7564 7612 606 gi|44 22481 22529
msp 4452 s 340 93.4 1 482 gi|38 7564 7624 693 gi|49 36473 36532
msp 4454 s 273 80.8 1 482 gi|38 7566 7617 881 gi|60 10516 10566
edge 638 s 0 0 523 482
edge 947 s 0 0 184 482
edge 1851 s 0 0 288 482
edge 1860 s 0 0 606 482
edge 1875 s 0 0 482 80
edge 1876 s 0 0 482 534
edge 1877 s 0 0 482 693
edge 1878 s 0 0 482 881
edge 1879 s 0 0 482 950
