frag gi|38 33453 34849
img_no 6
flimg_no 1
edge_no 5
msp 1459 p 1070 74.6 1 712 gi|5 29658 31078 493 gi|38 33453 34849
msp 1467 p 270 77.5 -1 714 gi|5 33856 33953 493 gi|38 34693 34790
msp 3105 p 353 78.3 -1 163 gi|19 16579 16684 493 gi|38 33534 33639
msp 3107 s 306 84.3 -1 163 gi|19 16588 16670 493 gi|38 34331 34413
msp 3831 p 375 85.7 -1 287 gi|26 20243 20354 493 gi|38 34293 34401
msp 4494 s 303 71.1 -1 493 gi|38 34661 34781 548 gi|40 22849 22971
edge 2560 P -1 78 163 493
edge 2561 P -1 85 493 287
edge 2562 s 0 0 493 548
edge 2563 p 1 74 493 712
edge 2564 P -1 77 493 714
