frag gi|11 19980 20155
img_no 13
edge_no 5
msp 1133 s 775 80.5 1 921 gi|8 11642 11795 50 gi|11 20012 20165
msp 1135 s 362 86.7 -1 921 gi|8 11642 11769 50 gi|11 20006 20134
msp 1141 s 379 84.5 -1 921 gi|8 11643 11790 50 gi|11 20000 20152
msp 1145 s 363 79.0 -1 921 gi|8 11660 11783 50 gi|11 20031 20154
msp 1503 p 635 85.8 1 867 gi|6 12077 12224 50 gi|11 19980 20136
msp 1509 p 363 80.3 -1 867 gi|6 12098 12224 50 gi|11 20010 20155
msp 1679 s 512 81.0 -1 891 gi|7 9200 9346 50 gi|11 20011 20157
msp 1681 s 744 86.7 1 891 gi|7 9203 9352 50 gi|11 20011 20160
msp 1889 s 476 83.8 1 34 gi|10 17664 17793 50 gi|11 20009 20157
msp 1893 s 628 84.4 -1 34 gi|10 17665 17792 50 gi|11 20009 20136
msp 2300 s 389 82.6 1 50 gi|11 20010 20153 92 gi|13 34778 34922
msp 2302 s 860 85.3 -1 50 gi|11 20011 20153 92 gi|13 34761 34904
msp 2304 s 391 83.2 1 50 gi|11 20013 20155 92 gi|13 34762 34905
edge 1643 s 0 0 34 50
edge 1648 s 0 0 50 92
edge 1649 p 1 84 50 867
edge 1650 s 0 0 50 891
edge 1651 s 0 0 50 921
