frag gi|39 9985 10120
img_no 6
edge_no 6
msp 2513 p 320 76.5 1 982 gi|15 4008 4090 502 gi|39 9982 10063
msp 4097 p 289 76.1 -1 359 gi|30 2760 2851 502 gi|39 9990 10081
msp 4103 p 426 81.7 -1 361 gi|30 4077 4185 502 gi|39 9978 10088
msp 4514 s 255 71.4 -1 502 gi|39 9989 10065 883 gi|60 14175 14251
msp 4516 p 321 73.8 1 502 gi|39 9991 10120 571 gi|42 13207 13339
msp 4518 s 409 84.8 1 502 gi|39 9992 10116 666 gi|48 8877 8994
edge 1730 S 1 76 982 502
edge 2495 P -1 76 359 502
edge 2503 P 1 72 571 502
edge 2642 s 0 0 883 502
edge 2659 s 0 0 666 502
edge 2662 S -1 81 361 502
