frag gi|39 15092 15170
img_no 11
flimg_no 1
edge_no 11
msp 1203 s 311 86.5 -1 933 gi|8 28237 28288 506 gi|39 15127 15178
msp 1627 s 253 84.0 -1 872 gi|6 24934 24983 506 gi|39 15119 15170
msp 3327 s 257 87.0 1 216 gi|21 33188 33233 506 gi|39 15121 15170
msp 3937 s 273 79.7 -1 312 gi|27 39544 39607 506 gi|39 15104 15170
msp 4271 p 276 83.8 1 446 gi|36 9553 9632 506 gi|39 15092 15170
msp 4524 s 299 86.4 1 506 gi|39 15112 15170 691 gi|49 31664 31722
msp 4526 s 253 84.2 -1 506 gi|39 15114 15170 586 gi|43 15890 15946
msp 4528 s 315 82.7 -1 506 gi|39 15119 15170 568 gi|42 7965 8016
msp 4530 s 268 86.0 -1 506 gi|39 15120 15169 732 gi|50 39634 39681
msp 4532 s 272 84.0 -1 506 gi|39 15121 15170 650 gi|46 39349 39399
msp 4534 s 264 87.8 1 506 gi|39 15122 15170 583 gi|43 11797 11843
edge 200 s 0 0 933 506
edge 394 s 0 0 216 506
edge 500 s 0 0 312 506
edge 581 P 1 83 446 506
edge 659 s 0 0 568 506
edge 701 s 0 0 583 506
edge 728 s 0 0 586 506
edge 749 s 0 0 650 506
edge 784 s 0 0 691 506
edge 837 s 0 0 732 506
edge 889 s 0 0 872 506
