frag gi|4 2201 2673
img_no 41
edge_no 36
msp 20 s 285 79.9 1 520 gi|4 2201 2559 586 gi|43 15521 15882
msp 22 s 363 81.7 -1 520 gi|4 2420 2550 158 gi|19 692 816
msp 24 s 339 84.0 -1 520 gi|4 2458 2551 199 gi|21 1633 1745
msp 26 s 304 79.5 -1 520 gi|4 2488 2560 223 gi|22 3187 3262
msp 28 s 251 86.4 1 520 gi|4 2496 2554 939 gi|9 15688 15741
msp 30 s 386 90.9 -1 520 gi|4 2498 2552 121 gi|17 3042 3096
msp 32 s 349 85.3 1 520 gi|4 2499 2566 583 gi|43 11790 11857
msp 34 s 276 94.2 1 520 gi|4 2499 2550 720 gi|50 7320 7371
msp 36 s 287 90.0 -1 520 gi|4 2502 2551 650 gi|46 39349 39401
msp 38 s 353 88.7 1 520 gi|4 2502 2554 446 gi|36 9583 9635
msp 40 s 317 88.0 1 520 gi|4 2502 2551 777 gi|54 34623 34672
msp 42 s 255 90.6 1 520 gi|4 2503 2555 650 gi|46 39412 39469
msp 44 s 277 92.1 1 520 gi|4 2503 2565 129 gi|17 20919 20986
msp 46 s 265 87.8 -1 520 gi|4 2503 2551 579 gi|42 37473 37520
msp 48 s 274 79.5 -1 520 gi|4 2503 2673 216 gi|21 32999 33160
msp 50 s 302 88.1 -1 520 gi|4 2503 2561 804 gi|56 31980 32038
msp 52 s 343 93.9 -1 520 gi|4 2503 2551 723 gi|50 20067 20116
msp 54 s 297 78.5 1 520 gi|4 2504 2647 703 gi|5 13340 13477
msp 56 s 408 79.4 -1 520 gi|4 2504 2605 918 gi|8 8205 8306
msp 58 s 375 95.7 1 520 gi|4 2504 2550 37 gi|10 22976 23022
msp 60 s 328 88.2 1 520 gi|4 2504 2605 216 gi|21 33188 33302
msp 62 s 276 84.3 -1 520 gi|4 2504 2554 586 gi|43 15887 15937
msp 64 s 291 81.1 -1 520 gi|4 2504 2556 681 gi|49 5769 5821
msp 66 s 338 92.2 -1 520 gi|4 2504 2554 252 gi|23 28122 28173
msp 68 s 285 92.2 1 520 gi|4 2504 2554 140 gi|18 3757 3809
msp 70 s 256 84.4 1 520 gi|4 2504 2567 155 gi|18 36095 36169
msp 72 s 284 84.3 1 520 gi|4 2504 2554 312 gi|27 39609 39659
msp 74 s 266 87.2 -1 520 gi|4 2505 2551 750 gi|52 29295 29344
msp 76 s 399 92.3 1 520 gi|4 2505 2556 569 gi|42 9570 9621
msp 78 s 279 91.5 -1 520 gi|4 2505 2551 568 gi|42 7965 8013
msp 80 s 364 83.6 -1 520 gi|4 2505 2571 872 gi|6 24916 24980
msp 82 s 261 85.9 -1 520 gi|4 2505 2603 167 gi|19 31775 31871
msp 84 s 357 90.0 -1 520 gi|4 2505 2554 72 gi|12 32063 32112
msp 86 s 325 87.0 1 520 gi|4 2505 2558 691 gi|49 31676 31729
msp 88 s 288 87.5 -1 520 gi|4 2505 2560 776 gi|54 32218 32272
msp 90 s 311 87.7 1 520 gi|4 2505 2569 854 gi|59 13105 13168
msp 92 s 295 87.5 -1 520 gi|4 2505 2552 155 gi|18 36034 36081
msp 94 s 277 86.7 -1 520 gi|4 2505 2564 312 gi|27 39532 39592
msp 665 s 252 90.9 -1 19 gi|1 27200 27254 520 gi|4 2498 2551
msp 823 s 251 81.3 1 339 gi|3 11273 11422 520 gi|4 2502 2640
msp 931 s 384 95.9 1 341 gi|3 14445 14493 520 gi|4 2505 2554
edge 29 s 0 0 37 520
edge 232 s 0 0 19 520
edge 262 s 0 0 72 520
edge 297 s 0 0 121 520
edge 331 s 0 0 155 520
edge 354 s 0 0 167 520
edge 369 s 0 0 199 520
edge 395 s 0 0 216 520
edge 420 s 0 0 223 520
edge 470 s 0 0 252 520
edge 501 s 0 0 312 520
edge 527 s 0 0 339 520
edge 545 s 0 0 341 520
edge 582 s 0 0 446 520
edge 607 s 0 0 520 129
edge 608 s 0 0 520 140
edge 609 s 0 0 520 158
edge 610 s 0 0 520 568
edge 611 s 0 0 520 569
edge 612 s 0 0 520 579
edge 613 s 0 0 520 583
edge 614 s 0 0 520 586
edge 615 s 0 0 520 650
edge 616 s 0 0 520 681
edge 617 s 0 0 520 691
edge 618 s 0 0 520 703
edge 619 s 0 0 520 720
edge 620 s 0 0 520 723
edge 621 s 0 0 520 750
edge 622 s 0 0 520 776
edge 623 s 0 0 520 777
edge 624 s 0 0 520 804
edge 625 s 0 0 520 854
edge 626 s 0 0 520 872
edge 627 s 0 0 520 918
edge 628 s 0 0 520 939
