frag gi|4 14884 15361
img_no 42
edge_no 35
msp 104 p 319 79.6 1 523 gi|4 14884 15212 677 gi|49 1187 1542
msp 106 s 380 85.4 1 523 gi|4 15108 15203 661 gi|47 34847 34929
msp 108 s 279 86.4 -1 523 gi|4 15133 15220 637 gi|45 39705 39783
msp 110 s 291 92.3 1 523 gi|4 15145 15196 944 gi|9 22354 22399
msp 112 s 259 85.2 1 523 gi|4 15148 15201 718 gi|50 354 408
msp 114 s 368 80.4 -1 523 gi|4 15149 15245 793 gi|56 1918 2009
msp 116 s 279 83.2 -1 523 gi|4 15152 15353 39 gi|10 30436 30589
msp 120 s 279 90.7 1 523 gi|4 15154 15196 669 gi|48 21740 21780
msp 122 s 264 88.4 1 523 gi|4 15154 15196 148 gi|18 21940 21980
msp 124 s 278 88.4 1 523 gi|4 15154 15196 312 gi|27 39545 39588
msp 126 p 126 81.2 -1 523 gi|4 15199 15251 1030 gi|52 22547 22589
msp 128 s 486 81.0 1 523 gi|4 15193 15334 606 gi|44 22401 22542
msp 130 s 358 84.2 1 523 gi|4 15222 15322 793 gi|56 1910 2005
msp 132 s 346 82.8 1 523 gi|4 15231 15329 881 gi|60 10469 10570
msp 134 s 302 84.9 1 523 gi|4 15238 15323 583 gi|43 11763 11844
msp 136 s 250 90.0 -1 523 gi|4 15245 15324 72 gi|12 32064 32136
msp 138 p 262 82.6 -1 523 gi|4 15252 15337 718 gi|50 346 430
msp 140 s 320 81.2 -1 523 gi|4 15254 15322 813 gi|57 6367 6432
msp 142 s 373 90.1 1 523 gi|4 15255 15325 637 gi|45 39705 39769
msp 144 s 277 78.8 1 523 gi|4 15259 15338 37 gi|10 22962 23042
msp 146 s 264 82.5 -1 523 gi|4 15268 15324 75 gi|12 33025 33081
msp 148 s 250 84.2 -1 523 gi|4 15274 15330 80 gi|13 4530 4587
msp 150 s 358 88.7 1 523 gi|4 15274 15326 482 gi|38 7563 7618
msp 152 s 274 87.8 1 523 gi|4 15275 15323 426 gi|35 19862 19912
msp 154 s 265 91.3 -1 523 gi|4 15275 15320 426 gi|35 19922 19971
msp 156 s 286 86.3 -1 523 gi|4 15275 15325 661 gi|47 34876 34928
msp 158 s 297 83.3 1 523 gi|4 15275 15322 39 gi|10 30541 30588
msp 160 s 268 92.2 -1 523 gi|4 15275 15325 158 gi|19 688 738
msp 162 s 313 89.1 1 523 gi|4 15275 15320 693 gi|49 36473 36519
msp 164 s 317 86.4 1 523 gi|4 15275 15333 950 gi|9 38631 38690
msp 166 s 277 91.5 -1 523 gi|4 15275 15321 850 gi|59 7544 7596
msp 168 s 274 82.7 1 523 gi|4 15275 15326 288 gi|26 21300 21354
msp 170 s 277 95.8 1 523 gi|4 15276 15323 703 gi|5 13341 13388
msp 172 s 270 95.7 1 523 gi|4 15276 15321 446 gi|36 9586 9631
msp 174 s 252 92.3 -1 523 gi|4 15276 15327 681 gi|49 5767 5820
msp 176 s 279 95.9 -1 523 gi|4 15276 15324 252 gi|23 28123 28172
msp 178 s 264 89.6 -1 523 gi|4 15276 15323 248 gi|23 21306 21357
msp 180 s 268 88.4 1 523 gi|4 15276 15361 854 gi|59 13105 13182
msp 182 s 268 79.6 -1 523 gi|4 15276 15324 277 gi|25 23609 23657
msp 389 s 287 85.1 -1 184 gi|2 21041 21127 523 gi|4 15133 15220
msp 409 s 463 100.0 1 184 gi|2 21063 21112 523 gi|4 15275 15324
msp 985 s 345 81.8 -1 348 gi|3 29657 29722 523 gi|4 15258 15325
edge 30 s 0 0 37 523
edge 92 s 0 0 148 523
edge 159 s 0 0 669 523
edge 210 s 0 0 944 523
edge 263 s 0 0 72 523
edge 440 s 0 0 248 523
edge 471 s 0 0 252 523
edge 502 s 0 0 312 523
edge 583 s 0 0 446 523
edge 629 s 0 0 523 39
edge 630 s 0 0 523 75
edge 631 s 0 0 523 80
edge 632 s 0 0 523 158
edge 633 s 0 0 523 184
edge 634 s 0 0 523 277
edge 635 s 0 0 523 288
edge 636 s 0 0 523 348
edge 637 s 0 0 523 426
edge 638 s 0 0 523 482
edge 639 s 0 0 523 583
edge 640 s 0 0 523 606
edge 641 s 0 0 523 637
edge 642 s 0 0 523 661
edge 643 p 1 79 523 677
edge 644 s 0 0 523 681
edge 645 s 0 0 523 693
edge 646 s 0 0 523 703
edge 647 P -1 82 523 718
edge 649 s 0 0 523 793
edge 650 s 0 0 523 813
edge 651 s 0 0 523 850
edge 652 s 0 0 523 854
edge 653 s 0 0 523 881
edge 654 s 0 0 523 950
edge 2289 P -1 81 1030 523
