frag gi|11 33409 33582
img_no 16
edge_no 15
msp 1415 s 283 95.5 1 703 gi|5 13343 13386 54 gi|11 33431 33474
msp 1633 s 252 89.4 -1 872 gi|6 24935 24981 54 gi|11 33427 33474
msp 1997 s 307 92.9 -1 39 gi|10 30463 30518 54 gi|11 33421 33475
msp 2023 s 363 95.8 1 39 gi|10 30542 30589 54 gi|11 33428 33476
msp 2334 s 309 90.0 -1 54 gi|11 33409 33488 631 gi|45 28159 28234
msp 2336 s 287 93.8 1 54 gi|11 33411 33474 583 gi|43 11788 11842
msp 2338 s 253 85.0 -1 54 gi|11 33416 33475 681 gi|49 5774 5840
msp 2340 p 367 83.2 1 54 gi|11 33421 33509 760 gi|53 29046 29129
msp 2342 s 284 85.7 1 54 gi|11 33427 33482 738 gi|51 19332 19390
msp 2344 s 281 86.8 1 54 gi|11 33427 33517 691 gi|49 31675 31755
msp 2346 s 269 83.9 -1 54 gi|11 33427 33482 248 gi|23 21300 21358
msp 2348 p 284 81.9 1 54 gi|11 33428 33499 625 gi|45 16384 16453
msp 2350 s 294 77.0 1 54 gi|11 33428 33501 288 gi|26 21301 21381
msp 2352 s 254 88.6 -1 54 gi|11 33431 33474 252 gi|23 28126 28170
msp 2354 s 259 83.5 1 54 gi|11 33431 33582 312 gi|27 39612 39760
msp 2356 s 285 91.5 1 54 gi|11 33432 33478 606 gi|44 22486 22535
edge 432 s 0 0 248 54
edge 460 s 0 0 252 54
edge 491 s 0 0 312 54
edge 696 s 0 0 583 54
edge 764 s 0 0 681 54
edge 779 s 0 0 691 54
edge 798 s 0 0 703 54
edge 840 s 0 0 738 54
edge 884 s 0 0 872 54
edge 915 s 0 0 39 54
edge 1605 s 0 0 631 54
edge 1845 s 0 0 54 288
edge 1846 s 0 0 54 606
edge 1847 P 1 81 54 625
edge 1848 P 1 83 54 760
