frag gi|42 7947 8047
img_no 33
edge_no 32
msp 79 s 279 91.5 -1 520 gi|4 2505 2551 568 gi|42 7965 8013
msp 633 s 370 87.5 1 19 gi|1 27194 27249 568 gi|42 7959 8015
msp 893 s 330 90.9 -1 341 gi|3 14436 14501 568 gi|42 7953 8024
msp 993 p 261 90.5 1 349 gi|3 38600 38662 568 gi|42 7947 8017
msp 1347 s 299 90.6 -1 703 gi|5 13336 13388 568 gi|42 7964 8020
msp 1605 s 306 84.2 1 872 gi|6 24932 24988 568 gi|42 7963 8021
msp 1949 s 254 85.5 -1 37 gi|10 22961 23022 568 gi|42 7966 8031
msp 2237 s 284 87.0 1 72 gi|12 32060 32113 568 gi|42 7958 8014
msp 2723 s 278 93.8 1 121 gi|17 3043 3090 568 gi|42 7965 8014
msp 2881 s 334 84.8 -1 140 gi|18 3754 3812 568 gi|42 7958 8017
msp 3039 s 256 93.2 -1 155 gi|18 36091 36149 568 gi|42 7966 8020
msp 3059 s 304 87.0 1 158 gi|19 684 737 568 gi|42 7958 8013
msp 3149 s 300 86.2 1 199 gi|21 1624 1688 568 gi|42 7957 8022
msp 3329 s 325 93.5 -1 216 gi|21 33189 33234 568 gi|42 7964 8013
msp 3453 s 277 87.7 1 234 gi|22 34670 34726 568 gi|42 7955 8013
msp 3575 s 252 88.1 1 248 gi|23 21301 21359 568 gi|42 7959 8015
msp 3625 s 311 94.0 1 252 gi|23 28123 28172 568 gi|42 7963 8013
msp 3917 s 385 88.1 1 312 gi|27 39535 39593 568 gi|42 7954 8014
msp 4297 s 300 89.8 -1 446 gi|36 9586 9634 568 gi|42 7963 8013
msp 4529 s 315 82.7 -1 506 gi|39 15119 15170 568 gi|42 7965 8016
msp 4666 s 292 90.8 -1 568 gi|42 7950 8014 583 gi|43 11795 11857
msp 4668 s 264 87.7 1 568 gi|42 7958 8014 631 gi|45 28164 28219
msp 4670 s 260 86.0 1 568 gi|42 7959 8015 586 gi|43 15885 15938
msp 4672 s 310 90.9 -1 568 gi|42 7961 8015 691 gi|49 31674 31726
msp 4674 s 383 87.7 1 568 gi|42 7962 8034 723 gi|50 20064 20135
msp 4676 s 269 84.3 1 568 gi|42 7963 8013 650 gi|46 39347 39398
msp 4678 s 269 94.1 -1 568 gi|42 7963 8013 777 gi|54 34626 34674
msp 4680 s 288 84.1 1 568 gi|42 7964 8026 677 gi|49 1477 1544
msp 4682 s 251 96.0 -1 568 gi|42 7964 8013 586 gi|43 15829 15876
msp 4684 s 259 86.8 -1 568 gi|42 7964 8016 854 gi|59 13102 13152
msp 4686 s 253 89.6 1 568 gi|42 7966 8013 681 gi|49 5775 5820
msp 4688 s 254 83.7 -1 568 gi|42 7966 8014 804 gi|56 31962 32010
msp 4690 s 284 84.2 1 568 gi|42 7966 8047 776 gi|54 32226 32308
edge 31 s 0 0 37 568
edge 233 s 0 0 19 568
edge 264 s 0 0 72 568
edge 298 s 0 0 121 568
edge 332 s 0 0 155 568
edge 370 s 0 0 199 568
edge 396 s 0 0 216 568
edge 441 s 0 0 248 568
edge 472 s 0 0 252 568
edge 504 s 0 0 312 568
edge 546 s 0 0 341 568
edge 585 s 0 0 446 568
edge 610 s 0 0 520 568
edge 655 s 0 0 568 140
edge 656 s 0 0 568 158
edge 657 s 0 0 568 234
edge 658 S 1 90 568 349
edge 659 s 0 0 568 506
edge 660 s 0 0 568 583
edge 661 s 0 0 568 586
edge 662 s 0 0 568 631
edge 663 s 0 0 568 650
edge 664 s 0 0 568 677
edge 665 s 0 0 568 681
edge 666 s 0 0 568 691
edge 667 s 0 0 568 703
edge 668 s 0 0 568 723
edge 669 s 0 0 568 776
edge 670 s 0 0 568 777
edge 671 s 0 0 568 804
edge 672 s 0 0 568 854
edge 673 s 0 0 568 872
