frag gi|43 21926 23369
img_no 10
edge_no 9
msp 1019 s 264 82.0 -1 910 gi|8 139 393 588 gi|43 22070 22318
msp 1867 s 290 75.8 1 954 gi|10 15336 15933 588 gi|43 22039 22651
msp 2967 p 1572 77.8 1 153 gi|18 31970 33286 588 gi|43 21926 23229
msp 2969 s 706 77.9 1 153 gi|18 32085 32568 588 gi|43 22867 23369
msp 2977 p 475 75.1 1 154 gi|18 32923 34242 588 gi|43 22005 23345
msp 4305 s 252 81.5 1 446 gi|36 10250 10352 588 gi|43 22594 22691
msp 4743 s 277 80.6 -1 577 gi|42 27070 27167 588 gi|43 22571 22668
msp 4902 s 282 77.6 1 588 gi|43 22043 22493 774 gi|54 28803 29241
msp 4904 s 256 76.5 -1 588 gi|43 22448 22694 628 gi|45 23309 23561
msp 4906 s 313 73.1 -1 588 gi|43 22570 22766 825 gi|57 35356 35555
edge 589 s 0 0 446 588
edge 1039 s 0 0 628 588
edge 1067 p 1 75 154 588
edge 1087 s 0 0 577 588
edge 1091 p 1 77 588 153
edge 1092 s 0 0 588 774
edge 1093 s 0 0 588 825
edge 1094 s 0 0 588 910
edge 1139 s 0 0 954 588
