frag gi|44 18809 18858
img_no 5
flimg_no 5
edge_no 5
msp 3695 p 270 83.3 1 260 gi|24 5619 5666 604 gi|44 18810 18858
msp 4041 p 261 79.6 -1 1036 gi|28 34106 34154 604 gi|44 18809 18858
msp 4165 p 265 79.6 1 1024 gi|33 22204 22252 604 gi|44 18809 18858
msp 4623 p 295 86.5 1 555 gi|40 37353 37404 604 gi|44 18809 18859
msp 4657 p 252 74.5 1 1012 gi|41 16465 16515 604 gi|44 18808 18858
edge 2015 S 1 83 260 604
edge 2071 P 1 86 555 604
edge 2124 S 1 74 1012 604
edge 2234 S 1 79 1024 604
edge 2322 S -1 79 1036 604
