frag gi|45 39618 39789
img_no 19
edge_no 18
msp 109 s 279 86.4 -1 523 gi|4 15133 15220 637 gi|45 39705 39783
msp 143 s 373 90.1 1 523 gi|4 15255 15325 637 gi|45 39705 39769
msp 281 s 295 86.2 -1 534 gi|4 32854 32911 637 gi|45 39710 39765
msp 403 s 382 89.4 1 184 gi|2 21062 21127 637 gi|45 39718 39783
msp 983 p 332 77.4 -1 348 gi|3 29655 29787 637 gi|45 39618 39771
msp 1665 s 273 87.8 -1 890 gi|7 7945 7993 637 gi|45 39718 39768
msp 2013 s 267 83.0 1 39 gi|10 30535 30587 637 gi|45 39715 39765
msp 2537 s 275 79.1 1 80 gi|13 4598 4664 637 gi|45 39711 39777
msp 3053 s 296 88.3 -1 158 gi|19 681 740 637 gi|45 39717 39776
msp 3883 s 269 92.6 -1 300 gi|27 10170 10223 637 gi|45 39720 39771
msp 4363 s 260 89.4 1 426 gi|35 19862 19908 637 gi|45 39719 39763
msp 4780 s 265 82.6 1 637 gi|45 39645 39765 669 gi|48 21737 21844
msp 4782 s 250 83.9 -1 637 gi|45 39710 39765 813 gi|57 6368 6421
msp 4784 s 271 87.0 1 637 gi|45 39712 39765 793 gi|56 1950 2004
msp 4786 s 280 87.0 1 637 gi|45 39719 39764 693 gi|49 36473 36519
msp 4788 s 259 93.6 -1 637 gi|45 39719 39765 661 gi|47 34880 34928
msp 4790 s 305 96.5 1 637 gi|45 39720 39777 691 gi|49 31676 31730
msp 4851 s 261 90.9 1 583 gi|43 11796 11850 637 gi|45 39720 39771
msp 4885 s 259 86.5 -1 586 gi|43 15866 15939 637 gi|45 39717 39789
edge 161 s 0 0 669 637
edge 641 s 0 0 523 637
edge 704 s 0 0 583 637
edge 731 s 0 0 586 637
edge 786 s 0 0 691 637
edge 923 s 0 0 39 637
edge 928 s 0 0 637 80
edge 929 s 0 0 637 158
edge 930 s 0 0 637 184
edge 931 s 0 0 637 300
edge 932 S -1 77 637 348
edge 933 s 0 0 637 426
edge 934 s 0 0 637 534
edge 935 s 0 0 637 661
edge 936 s 0 0 637 693
edge 937 s 0 0 637 793
edge 938 s 0 0 637 813
edge 939 s 0 0 637 890
