frag gi|12 15608 15830
img_no 21
edge_no 3
msp 529 p 380 79.5 1 956 gi|1 4742 4897 66 gi|12 15619 15769
msp 537 p 466 82.5 -1 956 gi|1 4789 4900 66 gi|12 15716 15824
msp 541 s 428 82.6 -1 956 gi|1 4789 4900 66 gi|12 15657 15763
msp 543 s 316 77.3 1 956 gi|1 4789 4898 66 gi|12 15727 15831
msp 545 s 291 82.7 -1 956 gi|1 4789 4869 66 gi|12 15627 15702
msp 557 s 338 84.1 1 956 gi|1 4809 4896 66 gi|12 15627 15707
msp 565 s 297 83.3 -1 956 gi|1 4850 4897 66 gi|12 15782 15829
msp 745 s 317 79.0 1 24 gi|1 38543 38623 66 gi|12 15744 15830
msp 751 s 332 87.0 -1 24 gi|1 38561 38629 66 gi|12 15652 15724
msp 753 s 297 76.6 1 24 gi|1 38561 38624 66 gi|12 15705 15770
msp 761 s 290 79.2 1 24 gi|1 38572 38624 66 gi|12 15657 15709
msp 2136 p 656 82.1 -1 66 gi|12 15608 15775 957 gi|42 14918 15074
msp 2138 p 400 81.7 -1 66 gi|12 15608 15714 957 gi|42 14918 15013
msp 2140 s 843 80.3 1 66 gi|12 15627 15799 957 gi|42 14952 15124
msp 2142 p 814 77.5 -1 66 gi|12 15627 15830 957 gi|42 14924 15127
msp 2144 s 528 80.2 1 66 gi|12 15627 15737 957 gi|42 15013 15123
msp 2146 s 283 88.2 1 66 gi|12 15627 15677 957 gi|42 15074 15124
msp 2148 p 1024 83.0 1 66 gi|12 15659 15834 957 gi|42 14923 15098
msp 2150 p 435 69.2 -1 66 gi|12 15688 15832 957 gi|42 14983 15127
msp 2152 p 679 82.8 1 66 gi|12 15715 15834 957 gi|42 14918 15037
msp 2154 s 277 68.2 -1 66 gi|12 15749 15836 957 gi|42 15040 15127
edge 1156 s 0 0 66 24
edge 1163 P 1 79 956 66
edge 1168 p -1 77 957 66
