frag gi|47 34726 34931
img_no 9
flimg_no 1
edge_no 7
msp 107 s 380 85.4 1 523 gi|4 15108 15203 661 gi|47 34847 34929
msp 157 s 286 86.3 -1 523 gi|4 15275 15325 661 gi|47 34876 34928
msp 251 p 273 83.9 1 534 gi|4 32670 32905 661 gi|47 34726 34932
msp 399 s 293 84.6 -1 184 gi|2 21059 21110 661 gi|47 34879 34932
msp 981 p 280 83.9 1 348 gi|3 29654 29709 661 gi|47 34873 34930
msp 2531 s 281 84.3 1 80 gi|13 4536 4586 661 gi|47 34877 34928
msp 2545 s 271 85.7 -1 80 gi|13 4605 4660 661 gi|47 34874 34929
msp 4789 s 259 93.6 -1 637 gi|45 39719 39765 661 gi|47 34880 34928
msp 5016 s 285 84.8 1 661 gi|47 34881 34939 677 gi|49 1481 1541
edge 642 s 0 0 523 661
edge 935 s 0 0 637 661
edge 950 s 0 0 184 661
edge 1970 s 0 0 80 661
edge 1977 P 1 83 534 661
edge 1981 P 1 83 661 348
edge 1982 s 0 0 661 677
