frag gi|48 8773 9012
img_no 13
flimg_no 1
edge_no 12
msp 201 p 366 78.0 -1 527 gi|4 19712 19943 666 gi|48 8773 9009
msp 1419 s 345 84.6 -1 705 gi|5 14996 15060 666 gi|48 8881 8945
msp 2511 s 167 72.5 1 982 gi|15 4009 4080 666 gi|48 8869 8940
msp 3223 p 264 78.1 -1 209 gi|21 20353 20567 666 gi|48 8795 9015
msp 3409 s 288 82.4 1 226 gi|22 17072 17145 666 gi|48 8877 8951
msp 3549 s 310 85.1 -1 247 gi|23 19154 19220 666 gi|48 8871 8938
msp 4105 s 305 84.8 -1 361 gi|30 4098 4176 666 gi|48 8875 8951
msp 4377 s 288 75.9 -1 427 gi|35 21178 21322 666 gi|48 8795 8935
msp 4519 s 409 84.8 1 502 gi|39 9992 10116 666 gi|48 8877 8994
msp 4725 s 399 84.6 1 571 gi|42 13037 13179 666 gi|48 8795 8951
msp 4731 s 367 79.9 1 571 gi|42 13208 13346 666 gi|48 8877 9012
msp 4978 s 265 74.7 1 666 gi|48 8773 8851 683 gi|49 15240 15323
msp 5181 p 85 72.5 1 981 gi|15 3972 4008 666 gi|48 8832 8868
edge 1705 S -1 78 209 666
edge 1721 P -1 78 527 666
edge 1732 s 0 0 982 666
edge 1733 P 1 72 981 666
edge 2483 s 0 0 226 666
edge 2490 s 0 0 427 666
edge 2494 s 0 0 705 666
edge 2504 s 0 0 571 666
edge 2656 s 0 0 247 666
edge 2658 s 0 0 666 361
edge 2659 s 0 0 666 502
edge 2660 s 0 0 666 683
