frag gi|49 37719 37809
img_no 10
flimg_no 1
edge_no 9
msp 1223 s 322 88.7 1 933 gi|8 28249 28310 694 gi|49 37734 37804
msp 1303 s 261 79.6 -1 701 gi|5 7084 7132 694 gi|49 37731 37779
msp 2117 s 279 89.1 -1 62 gi|12 11747 11801 694 gi|49 37726 37779
msp 2205 p 250 77.7 -1 71 gi|12 28052 28145 694 gi|49 37719 37809
msp 2431 s 284 80.8 1 944 gi|9 22353 22404 694 gi|49 37728 37779
msp 2941 s 255 83.0 1 148 gi|18 21939 21985 694 gi|49 37733 37779
msp 4393 s 313 87.7 1 433 gi|35 28731 28787 694 gi|49 37734 37788
msp 4479 s 252 81.8 1 489 gi|38 24046 24089 694 gi|49 37737 37780
msp 4557 p 250 80.3 1 952 gi|39 33910 33985 694 gi|49 37731 37809
msp 4567 s 320 93.3 -1 952 gi|39 33976 34020 694 gi|49 37734 37778
edge 82 S -1 77 71 694
edge 96 s 0 0 148 694
edge 114 s 0 0 489 694
edge 181 s 0 0 701 694
edge 201 s 0 0 933 694
edge 212 s 0 0 944 694
edge 908 s 0 0 433 694
edge 913 s 0 0 694 62
edge 984 P 1 80 952 694
