frag gi|5 13219 13501
img_no 52
edge_no 46
msp 1 s 255 80.7 1 518 gi|4 1452 1560 703 gi|5 13289 13388
msp 55 s 297 78.5 1 520 gi|4 2504 2647 703 gi|5 13340 13477
msp 171 s 277 95.8 1 523 gi|4 15276 15323 703 gi|5 13341 13388
msp 279 s 264 93.6 -1 534 gi|4 32854 32900 703 gi|5 13341 13386
msp 395 s 284 90.9 1 184 gi|2 21057 21111 703 gi|5 13334 13388
msp 699 s 271 89.1 1 19 gi|1 27266 27311 703 gi|5 13342 13387
msp 905 s 354 74.1 1 341 gi|3 14443 14585 703 gi|5 13339 13490
msp 1326 p 269 81.0 1 703 gi|5 13219 13371 790 gi|55 35390 35528
msp 1328 s 270 87.3 1 703 gi|5 13278 13387 140 gi|18 3686 3806
msp 1330 s 307 86.7 -1 703 gi|5 13298 13387 121 gi|17 3043 3136
msp 1332 s 294 75.6 -1 703 gi|5 13303 13388 167 gi|19 31822 31906
msp 1334 s 300 85.9 -1 703 gi|5 13314 13398 776 gi|54 32215 32314
msp 1336 s 444 91.3 1 703 gi|5 13316 13419 583 gi|43 11767 11876
msp 1338 s 258 87.7 -1 703 gi|5 13324 13388 300 gi|27 10174 10248
msp 1340 s 306 85.4 1 703 gi|5 13326 13462 216 gi|21 33177 33323
msp 1342 s 340 80.7 -1 703 gi|5 13329 13483 650 gi|46 39260 39408
msp 1344 s 387 91.7 1 703 gi|5 13329 13388 777 gi|54 34615 34673
msp 1346 s 299 90.6 -1 703 gi|5 13336 13388 568 gi|42 7964 8020
msp 1348 s 264 90.7 1 703 gi|5 13336 13389 155 gi|18 36091 36153
msp 1350 s 333 88.7 -1 703 gi|5 13336 13388 872 gi|6 24933 24987
msp 1352 s 276 85.0 -1 703 gi|5 13337 13483 37 gi|10 22789 22961
msp 1354 s 270 81.9 1 703 gi|5 13337 13480 288 gi|26 21294 21432
msp 1356 s 354 90.2 -1 703 gi|5 13338 13388 918 gi|8 8258 8308
msp 1358 s 409 98.0 -1 703 gi|5 13338 13388 252 gi|23 28124 28175
msp 1360 s 271 83.7 1 703 gi|5 13338 13386 37 gi|10 22974 23022
msp 1362 s 325 87.8 -1 703 gi|5 13339 13387 155 gi|18 36035 36083
msp 1364 s 373 93.8 -1 703 gi|5 13339 13386 681 gi|49 5775 5822
msp 1366 s 301 86.0 -1 703 gi|5 13339 13388 72 gi|12 32065 32114
msp 1368 s 251 88.9 -1 703 gi|5 13339 13383 75 gi|12 33030 33074
msp 1370 s 323 89.6 -1 703 gi|5 13340 13387 586 gi|43 15890 15937
msp 1372 s 286 83.7 1 703 gi|5 13340 13388 586 gi|43 15828 15876
msp 1374 s 396 95.8 1 703 gi|5 13340 13387 312 gi|27 39609 39656
msp 1376 s 286 85.5 1 703 gi|5 13340 13394 776 gi|54 32200 32253
msp 1378 s 360 93.8 1 703 gi|5 13340 13387 446 gi|36 9585 9632
msp 1380 s 337 93.9 -1 703 gi|5 13340 13388 723 gi|50 20066 20115
msp 1382 s 299 86.0 -1 703 gi|5 13340 13389 732 gi|50 39631 39680
msp 1384 s 301 87.5 -1 703 gi|5 13340 13387 804 gi|56 31989 32037
msp 1386 s 257 89.4 1 703 gi|5 13341 13387 650 gi|46 39414 39465
msp 1388 s 254 83.0 1 703 gi|5 13341 13387 569 gi|42 9570 9616
msp 1390 s 316 95.8 -1 703 gi|5 13341 13388 248 gi|23 21306 21357
msp 1392 s 307 95.8 -1 703 gi|5 13341 13388 312 gi|27 39543 39592
msp 1394 s 321 87.8 -1 703 gi|5 13341 13389 199 gi|21 1631 1679
msp 1396 s 343 93.6 1 703 gi|5 13341 13387 691 gi|49 31676 31722
msp 1398 s 303 93.5 1 703 gi|5 13341 13386 693 gi|49 36476 36521
msp 1400 s 345 93.8 -1 703 gi|5 13341 13388 234 gi|22 34680 34726
msp 1402 p 326 80.1 1 703 gi|5 13341 13501 855 gi|59 13105 13295
msp 1404 s 267 86.0 1 703 gi|5 13341 13383 793 gi|56 1959 2002
msp 1406 s 289 87.5 -1 703 gi|5 13341 13388 158 gi|19 690 737
msp 1408 s 263 95.7 1 703 gi|5 13341 13387 738 gi|51 19333 19383
msp 1410 s 253 93.5 1 703 gi|5 13341 13386 606 gi|44 22484 22531
msp 1412 s 307 95.5 1 703 gi|5 13343 13386 39 gi|10 30545 30587
msp 1414 s 283 95.5 1 703 gi|5 13343 13386 54 gi|11 33431 33474
edge 39 s 0 0 37 703
edge 239 s 0 0 19 703
edge 272 s 0 0 72 703
edge 307 s 0 0 121 703
edge 339 s 0 0 155 703
edge 357 s 0 0 167 703
edge 377 s 0 0 199 703
edge 404 s 0 0 216 703
edge 449 s 0 0 248 703
edge 480 s 0 0 252 703
edge 513 s 0 0 312 703
edge 554 s 0 0 341 703
edge 596 s 0 0 446 703
edge 618 s 0 0 520 703
edge 646 s 0 0 523 703
edge 667 s 0 0 568 703
edge 684 s 0 0 569 703
edge 710 s 0 0 583 703
edge 735 s 0 0 586 703
edge 754 s 0 0 650 703
edge 768 s 0 0 681 703
edge 787 s 0 0 691 703
edge 797 s 0 0 703 39
edge 798 s 0 0 703 54
edge 799 s 0 0 703 75
edge 800 s 0 0 703 140
edge 801 s 0 0 703 158
edge 802 s 0 0 703 184
edge 803 s 0 0 703 234
edge 804 s 0 0 703 288
edge 805 s 0 0 703 300
edge 806 s 0 0 703 518
edge 807 s 0 0 703 534
edge 808 s 0 0 703 606
edge 809 s 0 0 703 693
edge 810 s 0 0 703 723
edge 811 s 0 0 703 732
edge 812 s 0 0 703 738
edge 813 s 0 0 703 776
edge 814 s 0 0 703 777
edge 815 P 1 81 703 790
edge 816 s 0 0 703 793
edge 817 s 0 0 703 804
edge 818 P 1 80 703 855
edge 819 s 0 0 703 872
edge 820 s 0 0 703 918
