frag gi|5 14999 15071
img_no 6
flimg_no 1
edge_no 5
msp 1418 s 345 84.6 -1 705 gi|5 14996 15060 666 gi|48 8881 8945
msp 1420 p 291 75.0 -1 705 gi|5 14996 15071 226 gi|22 17064 17139
msp 1422 s 339 79.7 1 705 gi|5 15000 15058 466 gi|37 17877 17935
msp 1424 p 276 82.8 -1 705 gi|5 15002 15059 125 gi|17 12134 12190
msp 1426 s 276 82.8 -1 705 gi|5 15002 15059 125 gi|17 12250 12306
msp 1428 s 276 82.8 -1 705 gi|5 15002 15059 126 gi|17 12366 12422
edge 2479 P -1 82 125 705
edge 2484 S -1 75 226 705
edge 2492 s 0 0 705 126
edge 2493 s 0 0 705 466
edge 2494 s 0 0 705 666
