frag gi|5 24647 24887
img_no 6
edge_no 4
msp 1438 p 102 72.7 -1 708 gi|5 24647 24714 1054 gi|21 11083 11144
msp 1440 s 318 80.8 -1 708 gi|5 24656 24775 204 gi|21 10816 10931
msp 1442 s 250 73.4 1 708 gi|5 24661 24833 468 gi|37 19101 19281
msp 1444 p 315 75.5 -1 708 gi|5 24668 24818 204 gi|21 10825 10975
msp 1446 p 319 67.5 -1 708 gi|5 24683 24891 468 gi|37 19078 19296
msp 5220 p 278 72.7 -1 708 gi|5 24709 24884 1053 gi|21 10913 11082
edge 2539 P -1 75 708 204
edge 2540 p -1 67 708 468
edge 2541 P -1 72 1054 708
edge 2544 P -1 72 1053 708
