frag gi|12 27942 28296
img_no 22
edge_no 19
msp 509 p 355 83.0 1 951 gi|1 1674 1773 71 gi|12 28022 28121
msp 1039 s 266 81.8 -1 911 gi|8 466 509 71 gi|12 28020 28063
msp 1229 s 270 91.3 1 933 gi|8 28250 28295 71 gi|12 28020 28063
msp 1297 s 328 75.5 1 701 gi|5 7025 7130 71 gi|12 28020 28121
msp 2174 s 310 76.3 1 71 gi|12 27942 28127 121 gi|17 2976 3159
msp 2176 s 376 80.5 1 71 gi|12 28005 28122 879 gi|60 5075 5200
msp 2178 s 266 81.2 1 71 gi|12 28007 28123 148 gi|18 21917 22044
msp 2180 s 300 73.4 1 71 gi|12 28013 28121 669 gi|48 21735 21845
msp 2182 p 267 83.3 -1 71 gi|12 28020 28091 406 gi|33 32634 32716
msp 2184 s 448 81.1 -1 71 gi|12 28020 28109 647 gi|46 32520 32617
msp 2186 s 304 75.5 -1 71 gi|12 28020 28296 489 gi|38 23881 24145
msp 2188 p 327 91.9 1 71 gi|12 28020 28081 424 gi|35 11405 11467
msp 2190 s 384 73.3 1 71 gi|12 28020 28120 952 gi|39 33914 34020
msp 2192 s 254 76.9 -1 71 gi|12 28020 28123 879 gi|60 5084 5197
msp 2194 s 364 75.2 -1 71 gi|12 28020 28120 669 gi|48 21740 21843
msp 2196 s 346 79.6 1 71 gi|12 28020 28161 678 gi|49 2149 2292
msp 2198 s 324 90.1 1 71 gi|12 28020 28090 953 gi|40 24382 24450
msp 2200 s 267 88.6 -1 71 gi|12 28020 28063 324 gi|28 33285 33328
msp 2202 s 345 79.0 1 71 gi|12 28021 28120 489 gi|38 24045 24146
msp 2204 p 250 77.7 -1 71 gi|12 28052 28145 694 gi|49 37719 37809
msp 2289 p 283 82.0 -1 47 gi|11 6171 6231 71 gi|12 28018 28081
msp 2461 s 265 80.6 1 944 gi|9 22360 22467 71 gi|12 28020 28120
edge 70 P -1 82 71 47
edge 71 s 0 0 71 121
edge 72 s 0 0 71 148
edge 73 s 0 0 71 324
edge 74 P -1 83 71 406
edge 75 P 1 90 71 424
edge 76 s 0 0 71 489
edge 79 s 0 0 71 647
edge 80 s 0 0 71 669
edge 81 s 0 0 71 678
edge 82 S -1 77 71 694
edge 83 s 0 0 71 701
edge 84 s 0 0 71 879
edge 85 s 0 0 71 911
edge 86 s 0 0 71 933
edge 87 s 0 0 71 944
edge 960 S 1 83 951 71
edge 975 s 0 0 952 71
edge 991 s 0 0 953 71
