frag gi|5 35970 36264
img_no 7
edge_no 6
msp 191 s 253 78.7 1 527 gi|4 19571 19725 716 gi|5 35970 36136
msp 209 s 762 93.9 1 527 gi|4 19770 19884 716 gi|5 36060 36170
msp 1472 s 306 78.3 -1 716 gi|5 36010 36129 126 gi|17 12366 12480
msp 1474 p 338 77.0 1 716 gi|5 36018 36195 814 gi|57 6599 6776
msp 1476 s 252 86.3 1 716 gi|5 36061 36133 365 gi|30 5761 5835
msp 1478 s 386 75.9 1 716 gi|5 36065 36209 209 gi|21 20423 20567
msp 1480 p 254 81.3 1 716 gi|5 36072 36264 651 gi|47 1913 2103
edge 1679 s 0 0 365 716
edge 1707 s 0 0 209 716
edge 1723 s 0 0 527 716
edge 1724 s 0 0 716 126
edge 1725 p 1 81 716 651
edge 1726 P 1 77 716 814
