frag gi|50 7304 7429
img_no 11
edge_no 11
msp 35 s 276 94.2 1 520 gi|4 2499 2550 720 gi|50 7320 7371
msp 887 s 313 91.8 1 341 gi|3 14431 14491 720 gi|50 7313 7372
msp 1541 p 292 76.4 -1 1017 gi|6 21360 21465 720 gi|50 7304 7411
msp 1573 s 266 84.1 -1 872 gi|6 24921 24983 720 gi|50 7325 7381
msp 1943 s 316 88.9 1 37 gi|10 22942 23022 720 gi|50 7302 7371
msp 2261 s 271 82.0 -1 72 gi|12 32070 32130 720 gi|50 7305 7370
msp 2759 s 267 87.7 -1 121 gi|17 3044 3116 720 gi|50 7302 7371
msp 3303 s 254 93.9 1 216 gi|21 33167 33232 720 gi|50 7311 7371
msp 3397 s 277 93.8 -1 223 gi|22 3195 3242 720 gi|50 7328 7372
msp 3669 s 292 85.9 -1 260 gi|24 5601 5692 720 gi|50 7319 7429
msp 4713 s 260 93.5 1 569 gi|42 9570 9615 720 gi|50 7328 7371
edge 40 s 0 0 37 720
edge 273 s 0 0 72 720
edge 308 s 0 0 121 720
edge 405 s 0 0 216 720
edge 424 s 0 0 223 720
edge 555 s 0 0 341 720
edge 619 s 0 0 520 720
edge 685 s 0 0 569 720
edge 821 s 0 0 720 260
edge 823 s 0 0 720 872
edge 2162 S -1 76 1017 720
