frag gi|50 20834 21011
img_no 7
edge_no 6
msp 857 s 275 81.8 -1 340 gi|3 14235 14322 724 gi|50 20870 20956
msp 4091 s 375 77.3 -1 355 gi|30 2100 2174 724 gi|50 20869 20945
msp 4099 p 399 78.3 -1 360 gi|30 3437 3565 724 gi|50 20834 20955
msp 4367 s 250 74.0 -1 427 gi|35 21129 21228 724 gi|50 20872 20974
msp 4729 s 264 75.4 1 571 gi|42 13111 13179 724 gi|50 20871 20938
msp 4733 s 262 77.5 1 571 gi|42 13214 13355 724 gi|50 20871 21011
msp 5108 s 293 77.7 -1 724 gi|50 20828 20930 883 gi|60 14183 14288
edge 2491 s 0 0 427 724
edge 2506 s 0 0 571 724
edge 2522 s 0 0 724 340
edge 2523 s 0 0 724 355
edge 2524 p -1 78 724 360
edge 2525 s 0 0 724 883
