frag gi|50 39613 39708
img_no 23
edge_no 22
msp 695 s 342 95.6 -1 19 gi|1 27266 27310 732 gi|50 39634 39678
msp 843 s 313 94.0 -1 339 gi|3 11277 11326 732 gi|50 39632 39679
msp 1383 s 299 86.0 -1 703 gi|5 13340 13389 732 gi|50 39631 39680
msp 1965 s 292 93.8 -1 37 gi|10 22975 23038 732 gi|50 39625 39681
msp 2685 s 302 87.5 1 121 gi|17 3022 3093 732 gi|50 39616 39683
msp 2825 s 261 91.8 -1 129 gi|17 20920 20968 732 gi|50 39633 39680
msp 2887 s 270 90.0 -1 140 gi|18 3756 3805 732 gi|50 39634 39681
msp 2993 s 323 84.5 1 155 gi|18 36024 36081 732 gi|50 39622 39679
msp 3077 s 357 93.8 1 158 gi|19 690 737 732 gi|50 39632 39679
msp 3587 s 296 89.1 1 248 gi|23 21306 21360 732 gi|50 39632 39682
msp 3633 s 290 88.0 1 252 gi|23 28124 28173 732 gi|50 39632 39680
msp 3891 s 270 90.2 1 300 gi|27 10174 10224 732 gi|50 39632 39680
msp 3943 s 268 84.9 -1 312 gi|27 39583 39655 732 gi|50 39634 39708
msp 4277 s 294 82.3 -1 446 gi|36 9570 9631 732 gi|50 39634 39694
msp 4531 s 268 86.0 -1 506 gi|39 15120 15169 732 gi|50 39634 39681
msp 4849 s 288 89.8 -1 583 gi|43 11796 11844 732 gi|50 39632 39679
msp 4875 s 260 87.3 -1 586 gi|43 15828 15898 732 gi|50 39613 39680
msp 4901 s 317 89.6 1 586 gi|43 15891 15938 732 gi|50 39634 39681
msp 4911 s 259 89.4 -1 596 gi|43 39826 39872 732 gi|50 39637 39680
msp 4931 s 302 84.0 1 681 gi|49 5774 5823 732 gi|50 39633 39682
msp 4953 s 350 91.7 -1 691 gi|49 31674 31721 732 gi|50 39634 39681
msp 4991 s 255 81.2 -1 669 gi|48 21805 21852 732 gi|50 39629 39676
msp 5124 s 328 88.2 -1 732 gi|50 39631 39681 776 gi|54 32199 32249
edge 42 s 0 0 37 732
edge 164 s 0 0 669 732
edge 241 s 0 0 19 732
edge 310 s 0 0 121 732
edge 341 s 0 0 155 732
edge 451 s 0 0 248 732
edge 482 s 0 0 252 732
edge 515 s 0 0 312 732
edge 534 s 0 0 339 732
edge 598 s 0 0 446 732
edge 712 s 0 0 583 732
edge 737 s 0 0 586 732
edge 770 s 0 0 681 732
edge 789 s 0 0 691 732
edge 811 s 0 0 703 732
edge 833 s 0 0 732 129
edge 834 s 0 0 732 140
edge 835 s 0 0 732 158
edge 836 s 0 0 732 300
edge 837 s 0 0 732 506
edge 838 s 0 0 732 596
edge 839 s 0 0 732 776
