frag gi|57 13395 13675
img_no 12
edge_no 6
msp 307 s 300 81.5 -1 538 gi|4 39096 39176 817 gi|57 13595 13675
msp 311 s 388 83.6 -1 538 gi|4 39100 39227 817 gi|57 13388 13508
msp 3211 s 467 86.6 1 209 gi|21 20297 20378 817 gi|57 13593 13673
msp 3215 s 490 78.7 1 209 gi|21 20302 20493 817 gi|57 13435 13672
msp 3227 s 285 75.6 1 209 gi|21 20417 20494 817 gi|57 13435 13511
msp 3531 s 262 81.4 1 241 gi|23 13390 13502 817 gi|57 13399 13502
msp 4263 p 251 78.9 1 1062 gi|36 6682 6799 817 gi|57 13399 13508
msp 4267 s 275 72.4 1 1062 gi|36 6725 6799 817 gi|57 13596 13670
msp 5035 s 305 74.9 1 646 gi|46 31050 31224 817 gi|57 13448 13664
msp 5041 s 260 78.1 1 646 gi|46 31172 31235 817 gi|57 13449 13513
msp 5121 s 257 78.0 -1 731 gi|50 36904 37076 817 gi|57 13449 13665
msp 5123 s 266 77.4 -1 731 gi|50 37024 37076 817 gi|57 13611 13664
edge 1710 s 0 0 209 817
edge 2521 s 0 0 646 817
edge 2634 s 0 0 241 817
edge 2638 s 0 0 817 538
edge 2639 s 0 0 817 731
edge 2652 S 1 78 1062 817
