frag gi|58 18458 18653
img_no 8
flimg_no 2
edge_no 4
msp 1693 p 714 80.3 1 892 gi|7 14038 14240 835 gi|58 18451 18655
msp 1699 s 562 72.0 -1 892 gi|7 14058 14239 835 gi|58 18464 18642
msp 2075 p 671 78.3 1 56 gi|12 5237 5430 835 gi|58 18460 18652
msp 2077 s 488 77.8 -1 56 gi|12 5248 5432 835 gi|58 18462 18645
msp 2319 s 587 82.1 1 987 gi|11 26872 27005 835 gi|58 18462 18598
msp 2321 p 382 75.4 -1 987 gi|11 26874 27060 835 gi|58 18461 18650
msp 3195 p 552 82.0 1 983 gi|21 13750 13903 835 gi|58 18460 18612
msp 3197 p 525 75.0 -1 983 gi|21 13751 13903 835 gi|58 18504 18655
edge 1753 S 1 78 56 835
edge 1770 P 1 80 835 892
edge 1773 S 1 82 983 835
edge 1794 S -1 75 987 835
