frag gi|60 10542 12395
img_no 5
flimg_no 1
edge_no 5
msp 2393 p 272 84.9 1 941 gi|9 18355 18427 882 gi|60 11945 12011
msp 2771 s 2053 75.0 1 122 gi|17 3953 5579 882 gi|60 10605 12228
msp 3647 s 2091 74.8 1 255 gi|23 36082 37729 882 gi|60 10610 12251
msp 3903 p 1876 72.6 1 309 gi|27 34140 35984 882 gi|60 10542 12395
msp 5135 p 250 88.4 1 742 gi|51 29940 30008 882 gi|60 12312 12377
edge 2441 s 0 0 122 882
edge 2443 s 0 0 255 882
edge 2446 p 1 72 309 882
edge 2447 P 1 88 882 742
edge 2448 P 1 84 882 941
