frag gi|60 14168 14301
img_no 5
flimg_no 1
edge_no 5
msp 4089 s 377 77.4 1 354 gi|30 1932 2037 883 gi|60 14170 14277
msp 4101 p 275 80.2 1 360 gi|30 3456 3591 883 gi|60 14171 14301
msp 4115 p 279 78.5 1 364 gi|30 5491 5569 883 gi|60 14165 14248
msp 4515 s 255 71.4 -1 502 gi|39 9989 10065 883 gi|60 14175 14251
msp 5109 s 293 77.7 -1 724 gi|50 20828 20930 883 gi|60 14183 14288
edge 2525 s 0 0 724 883
edge 2636 s 0 0 354 883
edge 2640 p 1 80 883 360
edge 2641 P 1 78 883 364
edge 2642 s 0 0 883 502
