frag gi|8 441 528
img_no 12
flimg_no 1
edge_no 12
msp 1022 p 325 89.8 -1 911 gi|8 441 528 148 gi|18 21923 22003
msp 1024 s 256 85.7 -1 911 gi|8 441 510 879 gi|60 5088 5157
msp 1026 s 297 86.2 -1 911 gi|8 458 522 67 gi|12 19711 19781
msp 1028 s 323 84.3 1 911 gi|8 460 510 58 gi|12 8623 8673
msp 1030 s 326 89.8 1 911 gi|8 462 510 669 gi|48 21796 21844
msp 1032 p 312 86.0 1 911 gi|8 464 513 79 gi|13 3704 3753
msp 1034 s 346 91.3 1 911 gi|8 465 510 647 gi|46 32573 32618
msp 1036 s 257 93.3 -1 911 gi|8 466 510 944 gi|9 22359 22405
msp 1038 s 266 81.8 -1 911 gi|8 466 509 71 gi|12 28020 28063
msp 1040 s 268 94.1 1 911 gi|8 466 499 790 gi|55 35496 35529
msp 1277 s 351 89.4 -1 701 gi|5 7024 7089 911 gi|8 441 510
msp 1655 s 274 95.9 -1 889 gi|7 7129 7177 911 gi|8 465 510
edge 56 s 0 0 58 911
edge 67 s 0 0 67 911
edge 85 s 0 0 71 911
edge 99 P -1 89 148 911
edge 146 s 0 0 647 911
edge 167 s 0 0 669 911
edge 184 s 0 0 701 911
edge 193 s 0 0 879 911
edge 214 s 0 0 944 911
edge 904 S 1 86 911 79
edge 905 s 0 0 911 790
edge 906 s 0 0 911 889
