frag gi|8 7980 8347
img_no 35
edge_no 33
msp 7 s 261 90.0 -1 518 gi|4 1501 1560 918 gi|8 8258 8317
msp 57 s 408 79.4 -1 520 gi|4 2504 2605 918 gi|8 8205 8306
msp 833 s 277 85.2 -1 339 gi|3 11275 11328 918 gi|8 8256 8307
msp 899 s 323 77.5 -1 341 gi|3 14438 14610 918 gi|8 8123 8313
msp 1052 p 303 79.8 -1 918 gi|8 7980 8167 60 gi|12 9375 9562
msp 1054 s 287 82.2 -1 918 gi|8 8062 8303 583 gi|43 11799 12033
msp 1056 s 327 84.9 1 918 gi|8 8188 8306 723 gi|50 19988 20115
msp 1058 s 365 83.5 1 918 gi|8 8220 8310 252 gi|23 28088 28177
msp 1060 s 343 79.8 1 918 gi|8 8229 8347 248 gi|23 21276 21398
msp 1062 s 327 81.4 1 918 gi|8 8243 8312 216 gi|21 33090 33166
msp 1064 s 283 79.2 1 918 gi|8 8244 8315 223 gi|22 3182 3252
msp 1066 s 294 84.1 1 918 gi|8 8244 8306 804 gi|56 31976 32037
msp 1068 p 303 87.1 -1 918 gi|8 8246 8307 939 gi|9 15695 15752
msp 1070 s 278 82.5 1 918 gi|8 8250 8306 586 gi|43 15880 15937
msp 1072 s 311 83.9 -1 918 gi|8 8251 8306 446 gi|36 9585 9641
msp 1074 s 328 87.5 1 918 gi|8 8252 8307 681 gi|49 5765 5822
msp 1076 s 270 86.8 1 918 gi|8 8253 8305 234 gi|22 34675 34726
msp 1078 s 264 83.3 1 918 gi|8 8254 8307 167 gi|19 31819 31873
msp 1080 s 252 81.7 -1 918 gi|8 8256 8315 140 gi|18 3748 3810
msp 1082 s 273 84.6 1 918 gi|8 8256 8307 750 gi|52 29292 29346
msp 1084 s 271 86.9 -1 918 gi|8 8257 8317 216 gi|21 33177 33235
msp 1086 s 343 83.3 -1 918 gi|8 8257 8322 586 gi|43 15809 15877
msp 1088 s 291 85.7 -1 918 gi|8 8257 8305 854 gi|59 13105 13153
msp 1090 s 318 93.9 1 918 gi|8 8258 8306 650 gi|46 39348 39399
msp 1092 s 335 88.0 1 918 gi|8 8258 8307 72 gi|12 32065 32114
msp 1094 s 333 89.8 -1 918 gi|8 8258 8306 777 gi|54 34625 34673
msp 1096 s 300 79.7 -1 918 gi|8 8259 8317 569 gi|42 9556 9616
msp 1098 s 262 79.6 1 918 gi|8 8259 8312 155 gi|18 36035 36088
msp 1100 s 289 84.3 -1 918 gi|8 8259 8309 691 gi|49 31672 31722
msp 1102 s 305 85.7 1 918 gi|8 8259 8307 121 gi|17 3043 3091
msp 1104 s 279 83.3 -1 918 gi|8 8259 8312 312 gi|27 39602 39656
msp 1106 s 363 83.6 -1 918 gi|8 8260 8332 37 gi|10 22950 23022
msp 1108 s 260 89.8 -1 918 gi|8 8260 8318 39 gi|10 30528 30587
msp 1357 s 354 90.2 -1 703 gi|5 13338 13388 918 gi|8 8258 8308
msp 1579 s 412 87.6 1 872 gi|6 24928 25024 918 gi|8 8253 8335
edge 50 s 0 0 37 918
edge 280 s 0 0 72 918
edge 318 s 0 0 121 918
edge 347 s 0 0 155 918
edge 361 s 0 0 167 918
edge 414 s 0 0 216 918
edge 430 s 0 0 223 918
edge 458 s 0 0 248 918
edge 489 s 0 0 252 918
edge 523 s 0 0 312 918
edge 537 s 0 0 339 918
edge 565 s 0 0 341 918
edge 606 s 0 0 446 918
edge 627 s 0 0 520 918
edge 693 s 0 0 569 918
edge 720 s 0 0 583 918
edge 744 s 0 0 586 918
edge 762 s 0 0 650 918
edge 777 s 0 0 681 918
edge 796 s 0 0 691 918
edge 820 s 0 0 703 918
edge 832 s 0 0 723 918
edge 850 s 0 0 750 918
edge 868 s 0 0 777 918
edge 877 s 0 0 804 918
edge 882 s 0 0 854 918
edge 893 s 0 0 872 918
edge 894 s 0 0 918 39
edge 895 P -1 79 918 60
edge 896 s 0 0 918 140
edge 897 s 0 0 918 234
edge 898 s 0 0 918 518
edge 899 S -1 87 918 939
