frag gi|8 8415 9843
img_no 11
flimg_no 2
edge_no 11
msp 445 p 12527 99.6 1 968 gi|2 31438 32870 919 gi|8 8411 9843
msp 721 p 12560 100.0 1 967 gi|1 36752 38151 919 gi|8 8445 9844
msp 799 s 264 75.5 1 972 gi|3 7319 7776 919 gi|8 9240 9703
msp 1110 p 12561 99.6 1 919 gi|8 8415 9843 966 gi|14 10076 11503
msp 1112 p 2544 97.7 -1 919 gi|8 8417 8726 969 gi|21 24877 25183
msp 1114 p 8923 98.7 -1 919 gi|8 8417 9446 977 gi|58 2880 3909
msp 1116 p 10055 100.0 -1 919 gi|8 8721 9843 211 gi|21 21311 22433
msp 1118 s 325 76.9 1 919 gi|8 8936 9737 974 gi|40 6824 7617
msp 1120 p 2561 96.4 -1 919 gi|8 9393 9728 976 gi|58 1 325
msp 1122 s 344 82.0 1 919 gi|8 9504 9703 971 gi|26 749 929
msp 1124 p 1051 100.0 -1 919 gi|8 9729 9843 975 gi|44 39886 40000
edge 1419 p -1 100 211 919
edge 1467 p 1 99 966 919
edge 1480 p 1 100 967 919
edge 1492 p 1 99 968 919
edge 1498 S -1 97 969 919
edge 1509 s 0 0 971 919
edge 1517 s 0 0 972 919
edge 1530 s 0 0 974 919
edge 1539 S -1 100 975 919
edge 1548 S -1 96 976 919
edge 1557 p -1 98 977 919
