frag gi|13 34721 34998
img_no 11
edge_no 5
msp 1129 s 543 89.0 1 921 gi|8 11635 11789 92 gi|13 34754 34930
msp 1131 s 874 82.2 -1 921 gi|8 11642 11821 92 gi|13 34721 34903
msp 1501 p 648 80.8 -1 867 gi|6 12021 12228 92 gi|13 34774 34998
msp 1515 s 407 86.7 1 867 gi|6 12100 12227 92 gi|13 34761 34911
msp 1677 p 683 81.6 -1 891 gi|7 9191 9369 92 gi|13 34731 34918
msp 1685 s 505 85.2 1 891 gi|7 9205 9346 92 gi|13 34762 34904
msp 1891 s 755 80.4 1 34 gi|10 17665 17853 92 gi|13 34778 34962
msp 1895 s 452 90.3 -1 34 gi|10 17666 17810 92 gi|13 34759 34904
msp 2301 s 389 82.6 1 50 gi|11 20010 20153 92 gi|13 34778 34922
msp 2303 s 860 85.3 -1 50 gi|11 20011 20153 92 gi|13 34761 34904
msp 2305 s 391 83.2 1 50 gi|11 20013 20155 92 gi|13 34762 34905
edge 1644 s 0 0 34 92
edge 1648 s 0 0 50 92
edge 1652 p -1 80 92 867
edge 1653 p -1 80 92 891
edge 1654 s 0 0 92 921
