frag gi|8 11574 11821
img_no 13
edge_no 5
msp 1128 s 543 89.0 1 921 gi|8 11635 11789 92 gi|13 34754 34930
msp 1130 s 874 82.2 -1 921 gi|8 11642 11821 92 gi|13 34721 34903
msp 1132 s 775 80.5 1 921 gi|8 11642 11795 50 gi|11 20012 20165
msp 1134 s 362 86.7 -1 921 gi|8 11642 11769 50 gi|11 20006 20134
msp 1136 s 616 83.9 -1 921 gi|8 11642 11765 34 gi|10 17666 17789
msp 1138 s 251 82.4 1 921 gi|8 11642 11766 34 gi|10 17667 17810
msp 1140 s 379 84.5 -1 921 gi|8 11643 11790 50 gi|11 20000 20152
msp 1142 s 465 82.7 1 921 gi|8 11644 11782 34 gi|10 17648 17788
msp 1144 s 363 79.0 -1 921 gi|8 11660 11783 50 gi|11 20031 20154
msp 1507 s 510 82.5 -1 867 gi|6 12098 12223 921 gi|8 11660 11785
msp 1517 s 678 84.8 1 867 gi|6 12101 12225 921 gi|8 11643 11767
msp 1671 s 629 84.2 1 891 gi|7 9182 9345 921 gi|8 11611 11783
msp 1683 s 493 81.9 -1 891 gi|7 9205 9408 921 gi|8 11574 11782
edge 1647 s 0 0 34 921
edge 1651 s 0 0 50 921
edge 1654 s 0 0 92 921
edge 1656 s 0 0 867 921
edge 1657 s 0 0 891 921
