frag gi|8 12352 12707
img_no 12
edge_no 3
msp 1148 p 575 75.6 1 923 gi|8 12352 12707 1061 gi|36 1273 1621
msp 1150 p 500 79.6 1 923 gi|8 12377 12709 232 gi|22 31988 32297
msp 1152 p 569 79.0 -1 923 gi|8 12396 12707 1061 gi|36 1319 1621
msp 1154 s 272 80.4 1 923 gi|8 12391 12436 1061 gi|36 1576 1621
msp 1156 s 287 85.1 -1 923 gi|8 12391 12437 232 gi|22 32002 32048
msp 1158 s 426 79.3 -1 923 gi|8 12409 12707 232 gi|22 32003 32279
msp 1160 s 270 77.4 -1 923 gi|8 12659 12711 232 gi|22 32248 32300
msp 1162 s 254 87.8 1 923 gi|8 12663 12711 232 gi|22 32002 32050
msp 1727 s 1353 75.5 -1 896 gi|7 22788 23105 923 gi|8 12393 12710
msp 1729 p 629 76.7 1 896 gi|7 22789 23105 923 gi|8 12391 12707
msp 1739 s 516 78.6 1 896 gi|7 22905 23105 923 gi|8 12349 12539
msp 1741 s 337 80.4 -1 896 gi|7 22952 23053 923 gi|8 12613 12717
edge 2622 p 1 79 232 923
edge 2625 p 1 76 896 923
edge 2628 p 1 75 1061 923
