frag gi|8 19547 20973
img_no 11
flimg_no 2
edge_no 11
msp 447 p 12514 99.0 1 968 gi|2 31438 32870 929 gi|8 19544 20973
msp 715 p 12568 100.0 1 967 gi|1 36751 38151 929 gi|8 19574 20974
msp 801 s 264 75.5 1 972 gi|3 7319 7776 929 gi|8 20370 20833
msp 1174 p 12579 99.2 1 929 gi|8 19548 20973 966 gi|14 10078 11503
msp 1176 p 8910 99.6 -1 929 gi|8 19549 20576 977 gi|58 2880 3907
msp 1178 p 2527 100.0 -1 929 gi|8 19574 19856 969 gi|21 24877 25159
msp 1180 p 10055 100.0 -1 929 gi|8 19851 20973 211 gi|21 21311 22433
msp 1182 s 325 76.9 1 929 gi|8 20066 20867 974 gi|40 6824 7617
msp 1184 p 2561 96.4 -1 929 gi|8 20523 20858 976 gi|58 1 325
msp 1186 s 344 82.0 1 929 gi|8 20634 20833 971 gi|26 749 929
msp 1188 p 1051 100.0 -1 929 gi|8 20859 20973 975 gi|44 39886 40000
edge 1420 p -1 100 211 929
edge 1468 p 1 99 966 929
edge 1481 p 1 100 967 929
edge 1493 p 1 99 968 929
edge 1499 P -1 100 969 929
edge 1510 s 0 0 971 929
edge 1518 s 0 0 972 929
edge 1531 s 0 0 974 929
edge 1540 P -1 100 975 929
edge 1549 S -1 96 976 929
edge 1558 p -1 99 977 929
