frag gi|1 1671 1776
img_no 20
flimg_no 7
edge_no 15
msp 472 s 218 90.0 1 951 gi|1 1669 1734 67 gi|12 19709 19780
msp 474 p 339 84.3 1 951 gi|1 1669 1775 944 gi|9 22359 22470
msp 476 s 291 90.0 1 951 gi|1 1669 1726 933 gi|8 28247 28309
msp 478 p 276 78.3 1 951 gi|1 1669 1773 879 gi|60 5086 5199
msp 480 p 285 84.0 -1 951 gi|1 1669 1743 58 gi|12 8608 8675
msp 482 p 290 84.6 1 951 gi|1 1669 1733 424 gi|35 11402 11466
msp 484 s 280 80.7 -1 951 gi|1 1670 1726 37 gi|10 22964 23023
msp 486 p 293 81.4 1 951 gi|1 1670 1782 148 gi|18 21939 22052
msp 488 p 295 91.1 1 951 gi|1 1670 1714 161 gi|19 14813 14857
msp 490 s 275 80.0 -1 951 gi|1 1670 1769 489 gi|38 24046 24147
msp 492 p 372 77.5 -1 951 gi|1 1671 1772 669 gi|48 21740 21844
msp 494 s 288 81.2 -1 951 gi|1 1671 1739 647 gi|46 32543 32618
msp 496 s 264 69.6 -1 951 gi|1 1671 1772 148 gi|18 21940 22041
msp 498 s 373 80.8 -1 951 gi|1 1671 1774 944 gi|9 22357 22467
msp 500 p 306 76.8 -1 951 gi|1 1671 1782 701 gi|5 7014 7129
msp 502 s 279 75.0 1 951 gi|1 1671 1774 701 gi|5 7024 7131
msp 504 p 280 83.7 -1 951 gi|1 1671 1774 952 gi|39 33911 34020
msp 506 s 264 78.4 1 951 gi|1 1671 1772 952 gi|39 33913 34020
msp 508 p 355 83.0 1 951 gi|1 1674 1773 71 gi|12 28022 28121
msp 510 p 253 84.3 1 951 gi|1 1679 1780 647 gi|46 32517 32628
edge 957 s 0 0 951 37
edge 958 S -1 84 951 58
edge 959 s 0 0 951 67
edge 960 S 1 83 951 71
edge 961 S 1 81 951 148
edge 962 P 1 91 951 161
edge 963 S 1 84 951 424
edge 964 s 0 0 951 489
edge 966 P 1 84 951 647
edge 967 S -1 76 951 669
edge 968 S -1 76 951 701
edge 969 S 1 78 951 879
edge 970 s 0 0 951 933
edge 971 S 1 84 951 944
edge 989 S -1 83 952 951
