frag gi|39 33910 34103
img_no 29
flimg_no 1
edge_no 18
msp 505 p 280 83.7 -1 951 gi|1 1671 1774 952 gi|39 33911 34020
msp 507 s 264 78.4 1 951 gi|1 1671 1772 952 gi|39 33913 34020
msp 1225 s 316 93.3 -1 933 gi|8 28249 28293 952 gi|39 33976 34020
msp 1267 s 520 85.2 1 701 gi|5 7022 7129 952 gi|39 33911 34020
msp 1281 s 333 86.0 -1 701 gi|5 7024 7133 952 gi|39 33910 34020
msp 2005 s 262 83.2 1 39 gi|10 30478 30596 952 gi|39 33924 34028
msp 2103 s 281 80.2 -1 62 gi|12 11686 11791 952 gi|39 33913 34025
msp 2113 s 307 86.1 1 62 gi|12 11691 11791 952 gi|39 33913 34020
msp 2157 s 281 78.3 -1 67 gi|12 19682 19773 952 gi|39 33970 34058
msp 2191 s 384 73.3 1 71 gi|12 28020 28120 952 gi|39 33914 34020
msp 2439 p 474 83.8 1 944 gi|9 22356 22565 952 gi|39 33910 34103
msp 2457 s 359 87.2 -1 944 gi|9 22359 22467 952 gi|39 33913 34020
msp 2695 s 297 85.5 -1 121 gi|17 3039 3155 952 gi|39 33913 34025
msp 2763 s 446 86.4 1 121 gi|17 3047 3156 952 gi|39 33914 34021
msp 2953 s 308 80.4 -1 148 gi|18 21940 22041 952 gi|39 33913 34020
msp 2955 s 282 80.1 1 148 gi|18 21940 22080 952 gi|39 33913 34047
msp 4391 s 365 88.9 -1 433 gi|35 28722 28775 952 gi|39 33976 34029
msp 4471 s 339 82.2 -1 489 gi|38 24046 24146 952 gi|39 33913 34017
msp 4473 s 271 82.2 1 489 gi|38 24046 24146 952 gi|39 33916 34020
msp 4548 s 449 82.8 -1 952 gi|39 33910 34024 669 gi|48 21736 21848
msp 4550 s 344 87.8 1 952 gi|39 33910 34020 879 gi|60 5088 5198
msp 4552 s 397 80.2 -1 952 gi|39 33910 34083 879 gi|60 5038 5203
msp 4554 s 237 85.9 1 952 gi|39 33914 33991 953 gi|40 24381 24451
msp 4556 p 250 80.3 1 952 gi|39 33910 33985 694 gi|49 37731 37809
msp 4558 s 437 82.2 -1 952 gi|39 33912 34012 647 gi|46 32517 32619
msp 4560 s 281 75.7 1 952 gi|39 33913 34023 678 gi|49 2148 2250
msp 4562 s 464 91.7 1 952 gi|39 33913 34020 669 gi|48 21740 21844
msp 4564 s 269 89.0 1 952 gi|39 33921 34020 647 gi|46 32517 32618
msp 4566 s 320 93.3 -1 952 gi|39 33976 34020 694 gi|49 37734 37778
edge 972 s 0 0 952 39
edge 973 s 0 0 952 62
edge 974 s 0 0 952 67
edge 975 s 0 0 952 71
edge 976 s 0 0 952 121
edge 977 s 0 0 952 148
edge 978 s 0 0 952 433
edge 979 s 0 0 952 489
edge 981 s 0 0 952 647
edge 982 s 0 0 952 669
edge 983 s 0 0 952 678
edge 984 P 1 80 952 694
edge 985 s 0 0 952 701
edge 986 s 0 0 952 879
edge 987 s 0 0 952 933
edge 988 P 1 83 952 944
edge 989 S -1 83 952 951
edge 1001 s 0 0 953 952
