frag gi|14 17838 18691
img_no 8
edge_no 3
msp 2648 s 2410 91.5 -1 97 gi|14 17838 18204 421 gi|34 30416 30783
msp 2650 s 480 90.5 1 97 gi|14 17891 17964 418 gi|34 29924 29994
msp 2652 s 480 90.5 1 97 gi|14 17891 17964 421 gi|34 30382 30452
msp 2654 p 2919 82.6 -1 97 gi|14 17906 18691 415 gi|34 28978 29801
msp 2656 s 2463 94.7 -1 97 gi|14 17906 18204 418 gi|34 29958 30259
msp 2658 s 330 92.5 1 97 gi|14 18168 18220 415 gi|34 29740 29801
msp 2660 s 309 93.8 1 97 gi|14 18168 18231 418 gi|34 30198 30251
msp 2662 s 281 94.1 1 97 gi|14 18168 18201 421 gi|34 30656 30689
edge 2381 p -1 82 97 415
edge 2382 s 0 0 97 418
edge 2383 s 0 0 97 421
