frag gi|3 7229 7876
img_no 9
flimg_no 1
edge_no 9
msp 459 s 297 75.9 1 968 gi|2 32267 32730 972 gi|3 7319 7776
msp 733 s 297 75.9 1 967 gi|1 37547 38010 972 gi|3 7319 7776
msp 792 p 535 77.0 1 972 gi|3 7229 7877 974 gi|40 7028 7696
msp 794 s 326 75.1 1 972 gi|3 7272 7877 1073 gi|26 5940 6541
msp 796 s 264 75.5 -1 972 gi|3 7319 7776 211 gi|21 21451 21914
msp 798 s 264 75.5 1 972 gi|3 7319 7776 919 gi|8 9240 9703
msp 800 s 264 75.5 1 972 gi|3 7319 7776 929 gi|8 20370 20833
msp 802 s 264 75.5 1 972 gi|3 7319 7776 966 gi|14 10900 11363
msp 804 p 1988 81.3 1 972 gi|3 7367 7875 971 gi|26 527 1027
edge 1514 s 0 0 972 211
edge 1517 s 0 0 972 919
edge 1518 s 0 0 972 929
edge 1519 s 0 0 972 966
edge 1520 s 0 0 972 967
edge 1521 s 0 0 972 968
edge 1522 S 1 81 972 971
edge 1536 P 1 77 974 972
edge 2729 s 0 0 1073 972
