frag gi|40 6518 7695
img_no 14
flimg_no 1
edge_no 14
msp 457 s 325 76.9 1 968 gi|2 31963 32764 974 gi|40 6824 7617
msp 769 p 5366 81.7 1 1074 gi|3 4949 6135 974 gi|40 6517 7696
msp 793 p 535 77.0 1 972 gi|3 7229 7877 974 gi|40 7028 7696
msp 1119 s 325 76.9 1 919 gi|8 8936 9737 974 gi|40 6824 7617
msp 1183 s 325 76.9 1 929 gi|8 20066 20867 974 gi|40 6824 7617
msp 2635 s 325 76.9 1 966 gi|14 10596 11397 974 gi|40 6824 7617
msp 3241 s 325 76.9 -1 211 gi|21 21417 22218 974 gi|40 6824 7617
msp 3811 p 713 82.2 1 1072 gi|25 32240 32444 974 gi|40 7493 7696
msp 3815 p 425 78.3 1 971 gi|26 508 1024 974 gi|40 7143 7692
msp 3823 p 523 78.8 1 1076 gi|26 5657 5949 974 gi|40 6518 6805
msp 3825 p 2559 80.4 1 1073 gi|26 5848 6542 974 gi|40 6998 7695
msp 4574 p 282 81.3 1 974 gi|40 6519 6609 861 gi|59 25689 25779
msp 4576 s 397 73.2 -1 974 gi|40 7325 7578 976 gi|58 31 281
msp 5177 s 284 76.9 1 967 gi|1 37243 38138 974 gi|40 6824 7697
edge 1523 s 0 0 974 211
edge 1529 P 1 81 974 861
edge 1530 s 0 0 974 919
edge 1531 s 0 0 974 929
edge 1532 s 0 0 974 966
edge 1533 s 0 0 974 967
edge 1534 s 0 0 974 968
edge 1535 P 1 78 974 971
edge 1536 P 1 77 974 972
edge 1554 s 0 0 976 974
edge 2727 S 1 82 1072 974
edge 2730 P 1 80 1073 974
edge 2738 p 1 81 1074 974
edge 2742 P 1 78 1076 974
