frag gi|44 39886 40000
img_no 6
flimg_no 6
edge_no 6
msp 465 p 1048 100.0 -1 968 gi|2 32756 32870 975 gi|44 39886 40000
msp 739 p 909 94.8 -1 967 gi|1 38036 38152 975 gi|44 39886 40000
msp 1125 p 1051 100.0 -1 919 gi|8 9729 9843 975 gi|44 39886 40000
msp 1189 p 1051 100.0 -1 929 gi|8 20859 20973 975 gi|44 39886 40000
msp 2641 p 1051 100.0 -1 966 gi|14 11389 11503 975 gi|44 39886 40000
msp 3239 p 1051 100.0 1 211 gi|21 21311 21425 975 gi|44 39886 40000
edge 1538 S 1 100 975 211
edge 1539 S -1 100 975 919
edge 1540 P -1 100 975 929
edge 1541 S -1 100 975 966
edge 1542 S -1 94 975 967
edge 1543 S -1 100 975 968
