frag gi|58 2880 3908
img_no 7
flimg_no 4
edge_no 7
msp 449 p 8863 99.3 -1 968 gi|2 31442 32473 977 gi|58 2880 3909
msp 725 p 8910 99.9 -1 967 gi|1 36752 37753 977 gi|58 2880 3881
msp 1115 p 8923 98.7 -1 919 gi|8 8417 9446 977 gi|58 2880 3909
msp 1177 p 8910 99.6 -1 929 gi|8 19549 20576 977 gi|58 2880 3907
msp 2631 p 8887 99.4 -1 966 gi|14 10076 11106 977 gi|58 2880 3909
msp 3247 p 6439 100.0 1 211 gi|21 21708 22433 977 gi|58 2880 3605
msp 3259 p 2423 98.7 1 969 gi|21 24877 25186 977 gi|58 3600 3909
edge 1556 p 1 100 977 211
edge 1557 p -1 98 977 919
edge 1558 p -1 99 977 929
edge 1559 p -1 99 977 966
edge 1560 p -1 99 977 967
edge 1561 p -1 99 977 968
edge 1562 S 1 98 977 969
