frag gi|46 28705 28758
img_no 5
flimg_no 2
edge_no 5
msp 3401 p 291 92.2 -1 224 gi|22 6477 6533 980 gi|46 28705 28762
msp 3999 s 269 91.5 -1 318 gi|28 21351 21397 980 gi|46 28706 28747
msp 4861 p 192 86.0 1 583 gi|43 11818 11859 980 gi|46 28705 28752
msp 5020 p 257 85.5 1 980 gi|46 28706 28762 846 gi|58 37169 37234
msp 5022 p 265 82.7 -1 980 gi|46 28707 28758 654 gi|47 12957 13008
edge 1632 S -1 92 980 224
edge 1633 s 0 0 980 318
edge 1634 P 1 86 980 583
edge 1635 S -1 82 980 654
edge 1636 S 1 85 980 846
