frag gi|7 24982 25174
img_no 10
flimg_no 7
edge_no 5
msp 1788 p 588 80.2 1 984 gi|7 24984 25170 990 gi|32 16853 17042
msp 1790 s 415 76.6 -1 984 gi|7 24982 25172 990 gi|32 16853 17043
msp 1792 p 718 82.7 -1 984 gi|7 24981 25175 994 gi|31 18893 19087
msp 1794 p 483 78.3 1 984 gi|7 24979 25178 989 gi|31 6115 6314
msp 1796 p 630 76.0 -1 984 gi|7 24982 25175 997 gi|36 6462 6657
msp 1798 s 614 75.8 -1 984 gi|7 24978 25175 989 gi|31 6115 6312
msp 1800 s 384 81.9 1 984 gi|7 24979 25173 994 gi|31 18893 19087
msp 1802 s 270 79.0 -1 984 gi|7 24982 25105 987 gi|11 26940 27052
msp 1804 p 413 79.7 1 984 gi|7 24988 25172 997 gi|36 6472 6657
msp 1806 s 250 82.2 1 984 gi|7 25094 25179 987 gi|11 26974 27058
edge 1798 s 0 0 987 984
edge 1803 p 1 78 989 984
edge 1811 p 1 80 990 984
edge 1825 S -1 82 994 984
edge 1829 S 1 79 997 984
