frag gi|32 16854 17041
img_no 12
flimg_no 10
edge_no 6
msp 1717 s 532 78.7 -1 998 gi|7 14275 14464 990 gi|32 16855 17043
msp 1789 p 588 80.2 1 984 gi|7 24984 25170 990 gi|32 16853 17042
msp 1791 s 415 76.6 -1 984 gi|7 24982 25172 990 gi|32 16853 17043
msp 2331 s 349 87.0 1 987 gi|11 26997 27050 990 gi|32 16989 17042
msp 2333 s 266 87.3 -1 987 gi|11 26997 27051 990 gi|32 16855 16909
msp 4042 p 678 80.1 1 990 gi|32 16855 17043 997 gi|36 6466 6655
msp 4044 s 815 79.8 -1 990 gi|32 16856 17043 997 gi|36 6471 6654
msp 4063 p 780 77.7 -1 989 gi|31 6116 6306 990 gi|32 16856 17037
msp 4065 p 591 82.0 1 989 gi|31 6118 6307 990 gi|32 16853 17043
msp 4075 p 627 82.9 1 994 gi|31 18896 19086 990 gi|32 16853 17043
msp 4077 p 909 80.5 -1 994 gi|31 18898 19087 990 gi|32 16853 17042
msp 5185 p 828 85.6 1 998 gi|7 14276 14455 990 gi|32 16856 17043
edge 1811 p 1 80 990 984
edge 1813 s 0 0 990 987
edge 1814 p 1 82 990 989
edge 1827 S 1 82 994 990
edge 1832 S 1 80 997 990
edge 1841 p 1 85 998 990
