frag gi|31 18894 19085
img_no 10
flimg_no 9
edge_no 5
msp 1703 s 528 78.5 -1 998 gi|7 14273 14463 994 gi|31 18898 19079
msp 1793 p 718 82.7 -1 984 gi|7 24981 25175 994 gi|31 18893 19087
msp 1801 s 384 81.9 1 984 gi|7 24979 25173 994 gi|31 18893 19087
msp 2315 p 455 78.2 1 987 gi|11 26874 27050 994 gi|31 18893 19084
msp 2323 s 315 83.7 -1 987 gi|11 26892 27058 994 gi|31 18893 19066
msp 4070 p 790 79.1 1 994 gi|31 18893 19086 997 gi|36 6463 6657
msp 4072 s 419 77.9 -1 994 gi|31 18896 19087 997 gi|36 6466 6657
msp 4074 p 627 82.9 1 994 gi|31 18896 19086 990 gi|32 16853 17043
msp 4076 p 909 80.5 -1 994 gi|31 18898 19087 990 gi|32 16853 17042
msp 5189 p 297 84.1 1 998 gi|7 14273 14464 994 gi|31 18895 19081
edge 1825 S -1 82 994 984
edge 1826 P 1 78 994 987
edge 1827 S 1 82 994 990
edge 1834 S 1 79 997 994
edge 1842 S 1 84 998 994
