1 gi|1 1636 1828
2 gi|1 1927 2125
3 gi|1 2394 2738
4 gi|1 2854 3050
5 gi|1 5863 6487
6 gi|1 6458 7699
7 gi|1 14368 14626
8 gi|1 14849 15537
9 gi|1 18181 18452
10 gi|1 18881 19045
11 gi|1 22061 22734
12 gi|1 22802 23312
13 gi|1 24357 24499
14 gi|1 26628 26667
15 gi|1 32185 32249
16 gi|1 35162 35236
17 gi|1 37259 37504
18 gi|1 39261 39316
19 gi|10 451 571
20 gi|10 1645 1782
21 gi|10 2452 2628
22 gi|10 4029 4750
23 gi|10 4742 4911
24 gi|10 7185 7408
25 gi|10 8754 8978
26 gi|10 9354 9899
27 gi|10 9927 10078
28 gi|10 10222 11161
29 gi|10 11330 13161
30 gi|10 13527 14378
31 gi|10 14699 16258
32 gi|10 16544 16724
33 gi|10 16916 17497
34 gi|10 18246 18333
35 gi|10 18469 19177
36 gi|10 22272 23187
37 gi|10 25860 27342
38 gi|10 28878 30008
39 gi|10 35605 36599
40 gi|10 36719 36782
41 gi|10 36751 38171
42 gi|10 38520 38632
43 gi|10 38661 39990
44 gi|11 5226 5367
45 gi|11 17222 17493
46 gi|11 18317 18398
47 gi|11 28984 31551
48 gi|11 32185 32316
49 gi|11 33732 34633
50 gi|11 35251 35559
51 gi|12 1480 2255
52 gi|12 2336 2549
53 gi|12 3770 4023
54 gi|12 7537 7596
55 gi|12 7783 8870
56 gi|12 10037 10126
57 gi|12 10586 10761
58 gi|12 13011 13190
59 gi|12 13105 13295
60 gi|12 13337 14222
61 gi|12 14487 15329
62 gi|12 18724 18896
63 gi|12 18909 19084
64 gi|12 24556 24898
65 gi|12 25689 25779
66 gi|12 32960 33030
67 gi|12 36210 36270
68 gi|12 37214 39902
69 gi|13 60 441
70 gi|13 1484 1748
71 gi|13 1912 1970
72 gi|13 3368 3598
73 gi|13 3656 4314
74 gi|13 14887 15178
75 gi|13 15256 16063
76 gi|13 17299 17366
77 gi|13 17656 17828
78 gi|13 18013 18103
79 gi|13 20485 20753
80 gi|13 22759 23066
81 gi|13 26001 26483
82 gi|13 26644 27122
83 gi|13 30403 30647
84 gi|13 30885 31794
85 gi|13 31843 32694
86 gi|13 33972 34077
87 gi|13 36235 36438
88 gi|13 37002 37091
89 gi|13 38273 38844
90 gi|14 2910 3627
91 gi|14 5144 6124
92 gi|14 8773 9018
93 gi|14 12695 13027
94 gi|14 21638 21867
95 gi|14 27939 28433
96 gi|14 30767 30868
97 gi|14 32552 32650
98 gi|14 35072 35343
99 gi|14 35384 35549
100 gi|14 36038 36947
101 gi|14 37986 38209
102 gi|14 39661 39773
103 gi|15 2846 2924
104 gi|15 6835 6951
105 gi|15 7947 8047
106 gi|15 9457 9645
107 gi|15 12018 12073
108 gi|15 13037 13355
109 gi|15 14910 15143
110 gi|15 18883 18966
111 gi|15 23708 23819
112 gi|15 25332 25965
113 gi|15 26315 26384
114 gi|15 26973 27707
115 gi|15 29988 30103
116 gi|15 31074 31304
117 gi|15 36299 36438
118 gi|15 37444 37533
119 gi|15 38738 39240
120 gi|16 72 156
121 gi|16 7045 7221
122 gi|16 7900 8048
123 gi|16 10694 10896
124 gi|16 13932 14249
125 gi|16 17180 17292
126 gi|16 21510 22180
127 gi|16 22788 23106
128 gi|16 23175 23222
129 gi|16 23235 23309
130 gi|16 23328 23591
131 gi|16 29336 29501
132 gi|16 29562 29849
133 gi|16 30355 31140
134 gi|16 34402 35009
135 gi|16 37706 38026
136 gi|16 37897 38180
137 gi|16 38179 38428
138 gi|16 38579 38724
139 gi|17 1897 2103
140 gi|17 5669 5828
141 gi|17 6929 7168
142 gi|17 12864 13010
143 gi|17 16798 16859
144 gi|17 17024 18163
145 gi|17 18359 18476
146 gi|17 19404 20105
147 gi|17 21961 22111
148 gi|17 24243 24611
149 gi|17 34847 34939
150 gi|17 36057 36136
151 gi|17 39873 39983
152 gi|18 2663 2843
153 gi|18 2958 4366
154 gi|18 5578 5748
155 gi|18 11324 12201
156 gi|18 12596 12745
157 gi|18 13758 15190
158 gi|18 15221 15967
159 gi|18 16012 16075
160 gi|18 17137 17283
161 gi|18 19814 20506
162 gi|18 23536 23730
163 gi|18 25096 25510
164 gi|18 28260 28365
165 gi|18 35142 35234
166 gi|19 2285 2596
167 gi|19 4411 4512
168 gi|19 4574 5854
169 gi|19 6313 6469
170 gi|19 6598 6776
171 gi|19 8490 8652
172 gi|19 11118 11300
173 gi|19 12092 12289
174 gi|19 13388 13675
175 gi|19 13887 14394
176 gi|19 14459 14555
177 gi|19 16612 16706
178 gi|19 16848 17834
179 gi|19 29264 29336
180 gi|19 34320 34409
181 gi|19 35356 35560
182 gi|19 35491 35761
183 gi|19 35910 36048
184 gi|19 38428 38647
185 gi|19 38644 38931
186 gi|2 3686 3828
187 gi|2 4466 4641
188 gi|2 6711 6756
189 gi|2 7059 7808
190 gi|2 7977 8503
191 gi|2 8929 9053
192 gi|2 14312 14490
193 gi|2 21866 22245
194 gi|2 22564 22702
195 gi|2 27777 27850
196 gi|2 29125 29486
197 gi|2 31386 31460
198 gi|2 31970 34242
199 gi|2 35998 36210
200 gi|20 1 354
201 gi|20 290 3044
202 gi|20 2880 3945
203 gi|20 4029 9884
204 gi|20 10299 16174
205 gi|20 17053 17109
206 gi|20 17955 18006
207 gi|20 18451 18655
208 gi|20 19760 20410
209 gi|20 22854 24212
210 gi|20 24277 24621
211 gi|20 25143 25842
212 gi|20 26831 26975
213 gi|20 27769 28766
214 gi|20 30622 31285
215 gi|20 31580 32149
216 gi|20 32661 33145
217 gi|20 33013 33943
218 gi|20 37094 37354
219 gi|21 3692 3922
220 gi|21 4501 4913
221 gi|21 5468 6028
222 gi|21 9922 10948
223 gi|21 11464 13002
224 gi|21 13336 13513
225 gi|21 13674 13855
226 gi|21 18245 18296
227 gi|21 18312 18423
228 gi|21 22212 22294
229 gi|21 22853 22983
230 gi|21 25788 25962
231 gi|21 33777 33837
232 gi|21 35207 36369
233 gi|21 39837 39938
234 gi|22 508 1053
235 gi|22 5597 5949
236 gi|22 5848 6563
237 gi|22 11487 11549
238 gi|22 20240 20354
239 gi|22 20959 21432
240 gi|22 22525 24312
241 gi|22 27323 28912
242 gi|22 29141 29901
243 gi|22 30342 30728
244 gi|22 31300 31388
245 gi|22 33614 33755
246 gi|22 34047 34551
247 gi|22 36247 37855
248 gi|22 38407 39031
249 gi|22 39223 39784
250 gi|23 261 410
251 gi|23 2869 3356
252 gi|23 4809 5818
253 gi|23 7211 7978
254 gi|23 10410 10553
255 gi|23 19386 20421
256 gi|23 33793 34403
257 gi|23 34844 36169
258 gi|24 6022 6919
259 gi|24 7070 7293
260 gi|24 8139 8217
261 gi|24 15213 16353
262 gi|24 16430 17022
263 gi|24 17783 18156
264 gi|24 18516 18600
265 gi|24 28122 28210
266 gi|24 28493 28713
267 gi|24 28963 29518
268 gi|24 31579 33068
269 gi|24 35390 35529
270 gi|24 35495 35598
271 gi|25 1470 1547
272 gi|25 2024 2292
273 gi|25 2279 3886
274 gi|25 3856 3978
275 gi|25 5746 5865
276 gi|25 6927 7007
277 gi|25 15240 15429
278 gi|25 15780 15878
279 gi|25 21672 22065
280 gi|25 23033 24184
281 gi|25 24183 24535
282 gi|25 24498 24583
283 gi|25 28259 28373
284 gi|25 30899 31015
285 gi|25 31450 31858
286 gi|25 34856 35020
287 gi|25 35576 36254
288 gi|25 36410 36616
289 gi|25 37726 37809
290 gi|25 37826 38475
291 gi|25 39347 39997
292 gi|26 7073 8457
293 gi|26 9643 9819
294 gi|26 13066 13145
295 gi|26 13707 14593
296 gi|26 19152 19222
297 gi|26 19251 20064
298 gi|26 20427 21015
299 gi|26 21419 23011
300 gi|26 35036 35247
301 gi|26 37439 37698
302 gi|27 1 4586
303 gi|27 6976 7132
304 gi|27 7493 8298
305 gi|27 14030 14156
306 gi|27 14336 14706
307 gi|27 15695 15753
308 gi|27 17848 18191
309 gi|27 18355 18427
310 gi|27 19618 19934
311 gi|27 20091 20385
312 gi|27 22279 22597
313 gi|27 23575 23682
314 gi|27 23661 23786
315 gi|27 27217 27366
316 gi|27 36126 36223
317 gi|27 37825 37920
318 gi|27 38611 38796
319 gi|28 641 816
320 gi|28 5218 5638
321 gi|28 7907 7956
322 gi|28 14809 14858
323 gi|28 16180 16684
324 gi|28 18977 19803
325 gi|28 19955 21025
326 gi|28 31748 31991
327 gi|28 33787 33965
328 gi|28 35197 35363
329 gi|28 35890 36232
330 gi|28 36266 36378
331 gi|28 37024 37846
332 gi|29 730 916
333 gi|29 5104 5448
334 gi|29 5946 6457
335 gi|29 8608 8675
336 gi|29 8755 8884
337 gi|29 10140 10340
338 gi|29 11609 11819
339 gi|29 14356 14475
340 gi|29 14465 14834
341 gi|29 15421 15513
342 gi|29 15608 15836
343 gi|29 19434 19796
344 gi|29 25252 25504
345 gi|29 26398 27984
346 gi|29 27942 28296
347 gi|29 31933 32201
348 gi|29 32196 32303
349 gi|29 32958 33081
350 gi|29 33025 33143
351 gi|29 37666 38530
352 gi|29 38435 40000
353 gi|3 51 2552
354 gi|3 6000 6175
355 gi|3 6148 6217
356 gi|3 7305 7371
357 gi|3 9883 10120
358 gi|3 10138 11769
359 gi|3 12706 12765
360 gi|3 14275 15111
361 gi|3 15092 15198
362 gi|3 23734 23786
363 gi|3 26859 27648
364 gi|3 30188 30875
365 gi|3 30563 31354
366 gi|3 31108 31747
367 gi|3 31931 33472
368 gi|3 33891 34103
369 gi|3 34498 34557
370 gi|3 38858 39687
371 gi|30 3108 3793
372 gi|30 5896 6051
373 gi|30 13556 14317
374 gi|30 14448 20348
375 gi|30 20324 20518
376 gi|30 20994 21113
377 gi|30 23606 23693
378 gi|30 26015 26950
379 gi|30 27266 27692
380 gi|30 27671 27778
381 gi|30 27763 28076
382 gi|30 32239 32459
383 gi|31 3346 4288
384 gi|31 4839 5725
385 gi|31 14220 14366
386 gi|31 15993 16044
387 gi|31 20038 20075
388 gi|31 21281 21402
389 gi|31 21361 21459
390 gi|31 21816 21977
391 gi|31 26198 26471
392 gi|31 26880 27129
393 gi|31 28372 28495
394 gi|31 29153 29349
395 gi|31 33242 33336
396 gi|31 33387 33900
397 gi|31 33975 34218
398 gi|31 36794 37188
399 gi|32 346 430
400 gi|32 6052 6139
401 gi|32 7302 7429
402 gi|32 11595 11635
403 gi|32 15044 15139
404 gi|32 19988 20176
405 gi|32 20828 21011
406 gi|32 21768 21852
407 gi|32 25512 25618
408 gi|32 27082 27212
409 gi|32 28692 29578
410 gi|32 34879 35333
411 gi|32 36066 36117
412 gi|32 36870 37256
413 gi|32 39613 39708
414 gi|33 4943 6155
415 gi|33 6240 6404
416 gi|33 6485 6777
417 gi|33 7229 7893
418 gi|33 7958 8563
419 gi|33 9943 10239
420 gi|33 11256 11422
421 gi|33 14235 14348
422 gi|33 14398 14629
423 gi|33 17516 17803
424 gi|33 17795 18046
425 gi|33 18226 18303
426 gi|33 18300 18338
427 gi|33 19444 19621
428 gi|33 20497 20568
429 gi|33 22491 22568
430 gi|33 28744 28825
431 gi|33 29490 29615
432 gi|33 29652 29787
433 gi|33 38600 40000
434 gi|34 2 245
435 gi|34 2378 2487
436 gi|34 7990 8254
437 gi|34 9967 11734
438 gi|34 12167 13707
439 gi|34 13829 14891
440 gi|34 16023 16322
441 gi|34 16321 17107
442 gi|34 21130 21333
443 gi|34 22169 22388
444 gi|34 22991 23466
445 gi|34 23893 24016
446 gi|34 25487 25675
447 gi|34 26930 27017
448 gi|34 27546 28941
449 gi|34 29153 29291
450 gi|34 29264 30116
451 gi|34 30305 32011
452 gi|34 32634 32719
453 gi|34 33744 34738
454 gi|34 35405 35791
455 gi|34 35988 36150
456 gi|35 5218 5593
457 gi|35 5782 6219
458 gi|35 7888 8236
459 gi|35 16286 16359
460 gi|35 18041 18356
461 gi|35 23816 24720
462 gi|35 27302 27416
463 gi|35 29767 29863
464 gi|35 29833 29906
465 gi|35 30215 30321
466 gi|35 30291 30364
467 gi|35 30714 33413
468 gi|36 3646 4441
469 gi|36 5978 6070
470 gi|36 11783 12442
471 gi|36 16995 17250
472 gi|36 17885 18064
473 gi|36 22541 22801
474 gi|36 24188 24254
475 gi|36 25429 25527
476 gi|36 28717 28758
477 gi|36 29249 29406
478 gi|36 35669 36359
479 gi|36 36434 37147
480 gi|36 39616 39858
481 gi|37 18 1346
482 gi|37 3354 3549
483 gi|37 3565 5253
484 gi|37 10056 10240
485 gi|37 14455 15851
486 gi|37 17413 17530
487 gi|37 17877 18061
488 gi|37 19001 19334
489 gi|37 23508 23608
490 gi|37 24236 24284
491 gi|37 33983 34262
492 gi|37 34190 34678
493 gi|37 34610 34923
494 gi|37 35806 36048
495 gi|37 37500 38104
496 gi|38 7442 7605
497 gi|38 7588 8360
498 gi|38 11110 11277
499 gi|38 11242 11526
500 gi|38 13435 13514
501 gi|38 14216 14905
502 gi|38 15103 16351
503 gi|38 16508 17641
504 gi|38 17780 17949
505 gi|38 18912 19054
506 gi|38 19102 19221
507 gi|38 21244 21421
508 gi|38 22619 23088
509 gi|38 25616 25706
510 gi|38 27986 28218
511 gi|38 29686 29834
512 gi|38 35322 35850
513 gi|38 35909 36070
514 gi|38 36070 37846
515 gi|38 38033 38174
516 gi|38 39733 39884
517 gi|39 1596 1745
518 gi|39 5406 6072
519 gi|39 5985 7342
520 gi|39 7574 8994
521 gi|39 10751 10842
522 gi|39 10810 11144
523 gi|39 13733 13906
524 gi|39 16825 17633
525 gi|39 19955 20053
526 gi|39 20241 20577
527 gi|39 20679 20992
528 gi|39 21308 22433
529 gi|39 22134 24966
530 gi|39 24877 25228
531 gi|39 27934 29230
532 gi|39 30351 31027
533 gi|39 32951 33337
534 gi|39 37124 37293
535 gi|39 37556 37988
536 gi|39 38256 38342
537 gi|4 250 310
538 gi|4 6134 6231
539 gi|4 8846 8889
540 gi|4 13920 14062
541 gi|4 25176 25318
542 gi|4 25362 25452
543 gi|4 33409 33582
544 gi|40 3014 3191
545 gi|40 4619 4716
546 gi|40 4874 5259
547 gi|40 7391 7481
548 gi|40 9405 9627
549 gi|40 10131 10208
550 gi|40 10202 11214
551 gi|40 16532 17661
552 gi|40 17836 18381
553 gi|40 19156 19853
554 gi|40 20819 20981
555 gi|40 21003 21171
556 gi|40 27806 29119
557 gi|40 31419 32871
558 gi|40 33065 33924
559 gi|40 35249 35550
560 gi|41 5088 5851
561 gi|41 11402 11476
562 gi|41 15988 16078
563 gi|41 19546 19653
564 gi|41 19802 19983
565 gi|41 21108 21322
566 gi|41 24305 24733
567 gi|41 27661 27740
568 gi|41 28615 28790
569 gi|41 29623 29764
570 gi|41 29708 29869
571 gi|41 31618 31861
572 gi|41 34540 35792
573 gi|41 37004 37414
574 gi|41 37814 37991
575 gi|41 38022 38449
576 gi|41 38596 39520
577 gi|42 6546 7436
578 gi|42 11627 14534
579 gi|42 16034 16076
580 gi|42 32261 32336
581 gi|42 32926 33045
582 gi|42 34494 35807
583 gi|42 36186 36222
584 gi|42 38292 38552
585 gi|43 202 1059
586 gi|43 1273 1633
587 gi|43 1843 2024
588 gi|43 6667 6804
589 gi|43 9538 11263
590 gi|43 11531 11705
591 gi|43 11735 12674
592 gi|43 12290 13426
593 gi|43 15709 15961
594 gi|43 27032 27221
595 gi|43 31819 31905
596 gi|43 32229 32607
597 gi|43 33642 34696
598 gi|43 34949 35104
599 gi|43 35097 35384
600 gi|43 35640 36659
601 gi|43 38744 39387
602 gi|44 2732 2899
603 gi|44 3761 4088
604 gi|44 12253 12874
605 gi|44 12895 13459
606 gi|44 13560 13654
607 gi|44 13625 13724
608 gi|44 16384 16453
609 gi|44 18234 18698
610 gi|44 18941 19655
611 gi|44 23227 23649
612 gi|44 24352 24900
613 gi|44 27325 28128
614 gi|44 28134 28248
615 gi|44 28709 29204
616 gi|44 32171 32296
617 gi|44 32933 33807
618 gi|44 37847 38376
619 gi|44 38981 39529
620 gi|44 39618 39789
621 gi|45 3626 3776
622 gi|45 5172 5361
623 gi|45 8427 9261
624 gi|45 9469 10579
625 gi|45 14553 14665
626 gi|45 17411 17897
627 gi|45 22581 22686
628 gi|45 28593 29467
629 gi|45 30730 31058
630 gi|45 32133 32441
631 gi|45 34591 34814
632 gi|46 1751 1843
633 gi|46 4812 5050
634 gi|46 6602 7213
635 gi|46 7191 7449
636 gi|46 8165 8234
637 gi|46 8390 8686
638 gi|46 13219 13501
639 gi|46 13428 14147
640 gi|46 14996 15071
641 gi|46 22148 22308
642 gi|46 22847 23044
643 gi|46 24647 24891
644 gi|46 25515 26354
645 gi|46 26723 27189
646 gi|46 29106 29378
647 gi|46 29658 31078
648 gi|46 33856 33953
649 gi|46 34156 34533
650 gi|46 35970 36264
651 gi|46 36499 37992
652 gi|47 1611 1668
653 gi|47 2956 3269
654 gi|47 3953 5719
655 gi|47 7413 7487
656 gi|47 7767 7830
657 gi|47 11703 11763
658 gi|47 12134 12323
659 gi|47 12250 12480
660 gi|47 20819 20904
661 gi|47 20900 21016
662 gi|47 23565 23853
663 gi|47 24463 24754
664 gi|47 26041 26561
665 gi|47 26719 26815
666 gi|47 31796 33090
667 gi|47 32990 34873
668 gi|47 34874 36464
669 gi|47 36344 36821
670 gi|47 36815 36937
671 gi|48 10036 11536
672 gi|48 14085 15303
673 gi|48 19011 19112
674 gi|48 19675 19731
675 gi|48 21243 21344
676 gi|48 23116 23268
677 gi|48 27303 27833
678 gi|48 32055 32097
679 gi|48 39769 39998
680 gi|49 1 2048
681 gi|49 1908 2206
682 gi|49 12555 12588
683 gi|49 12590 12620
684 gi|49 17111 17269
685 gi|49 20327 20416
686 gi|49 29046 29131
687 gi|49 32467 32933
688 gi|49 33262 33343
689 gi|49 34426 35019
690 gi|49 35088 35196
691 gi|5 175 331
692 gi|5 909 1006
693 gi|5 1402 1549
694 gi|5 1832 2053
695 gi|5 2100 2184
696 gi|5 2262 2356
697 gi|5 2466 2570
698 gi|5 2635 2720
699 gi|5 2760 2851
700 gi|5 3437 3591
701 gi|5 4077 4185
702 gi|5 5200 5300
703 gi|5 5415 5492
704 gi|5 5491 5569
705 gi|5 5718 8607
706 gi|5 10099 10191
707 gi|5 10194 10255
708 gi|5 15291 15582
709 gi|5 28323 28616
710 gi|5 38893 39067
711 gi|50 1452 1701
712 gi|50 2420 2673
713 gi|50 4537 4768
714 gi|50 11020 11097
715 gi|50 15108 15605
716 gi|50 15394 16463
717 gi|50 19571 19943
718 gi|50 20103 21098
719 gi|50 21219 21518
720 gi|50 23299 23404
721 gi|50 23844 24036
722 gi|50 28180 28650
723 gi|50 29969 30353
724 gi|50 32822 32974
725 gi|50 32981 33442
726 gi|50 37082 37293
727 gi|50 39075 39227
728 gi|51 1896 2958
729 gi|51 10533 10581
730 gi|51 13981 14076
731 gi|51 16320 16642
732 gi|51 21150 21642
733 gi|51 22488 22719
734 gi|51 23235 24291
735 gi|51 24318 24512
736 gi|51 28332 28544
737 gi|51 28825 29631
738 gi|51 29873 29973
739 gi|52 3744 3930
740 gi|52 10272 10341
741 gi|52 15269 15366
742 gi|52 16894 17056
743 gi|52 19737 19849
744 gi|52 21352 21548
745 gi|52 23954 24626
746 gi|52 24813 25024
747 gi|52 35579 35874
748 gi|52 36277 36495
749 gi|52 37346 37508
750 gi|53 629 909
751 gi|53 3003 3096
752 gi|53 5003 5220
753 gi|53 8036 8097
754 gi|53 10160 10593
755 gi|53 10542 12395
756 gi|53 14165 14301
757 gi|53 25348 26232
758 gi|53 32710 32753
759 gi|53 34550 34658
760 gi|53 38406 38608
761 gi|54 1406 1565
762 gi|54 2993 3047
763 gi|54 3815 4415
764 gi|54 4833 5143
765 gi|54 5152 5234
766 gi|54 7498 7725
767 gi|54 10379 10481
768 gi|54 16658 16853
769 gi|54 17574 17711
770 gi|54 19148 19242
771 gi|54 19205 19296
772 gi|54 23359 24192
773 gi|54 24239 24870
774 gi|54 29560 30060
775 gi|54 32836 33102
776 gi|54 33453 34849
777 gi|54 35781 35970
778 gi|54 38258 38481
779 gi|54 38778 38869
780 gi|54 39724 40000
781 gi|55 14 97
782 gi|55 15726 15979
783 gi|55 24969 25070
784 gi|55 31736 32501
785 gi|55 32870 33302
786 gi|55 34685 34826
787 gi|56 2819 3131
788 gi|56 3097 3369
789 gi|56 5092 5252
790 gi|56 12948 13886
791 gi|56 14900 15022
792 gi|56 15144 15387
793 gi|56 18808 18859
794 gi|56 22222 22459
795 gi|56 22401 22591
796 gi|56 24695 24981
797 gi|56 26696 27426
798 gi|56 27780 28288
799 gi|56 28962 29982
800 gi|56 29982 30156
801 gi|56 30283 30414
802 gi|56 34463 36991
803 gi|56 37126 37773
804 gi|56 38951 39474
805 gi|56 39867 40000
806 gi|57 51 434
807 gi|57 441 528
808 gi|57 3155 4452
809 gi|57 4971 6825
810 gi|57 6808 6929
811 gi|57 7872 7989
812 gi|57 8062 8347
813 gi|57 8408 9844
814 gi|57 10085 11460
815 gi|57 12349 12717
816 gi|57 13025 13892
817 gi|57 14076 14429
818 gi|57 14768 14969
819 gi|57 15359 15979
820 gi|57 18740 19183
821 gi|57 19543 20974
822 gi|57 23195 23332
823 gi|57 25178 25220
824 gi|57 27367 27421
825 gi|57 28222 28329
826 gi|58 359 466
827 gi|58 3972 4093
828 gi|58 4475 4589
829 gi|58 8489 8567
830 gi|58 9255 9475
831 gi|58 13262 13331
832 gi|58 20970 21133
833 gi|58 23012 23784
834 gi|59 1530 1776
835 gi|59 1902 2029
836 gi|59 5183 5255
837 gi|59 5466 6130
838 gi|59 11270 11341
839 gi|59 20362 20493
840 gi|59 21684 22227
841 gi|59 27279 27624
842 gi|59 27789 27845
843 gi|59 28337 29275
844 gi|59 31062 31264
845 gi|59 31228 31481
846 gi|59 31910 32080
847 gi|59 33249 33394
848 gi|59 34815 34919
849 gi|59 38486 38583
850 gi|59 38785 39086
851 gi|6 26 84
852 gi|6 554 683
853 gi|6 4183 5017
854 gi|6 9424 9520
855 gi|6 19274 19449
856 gi|6 22831 23053
857 gi|6 25090 25150
858 gi|6 27591 28178
859 gi|6 29940 30008
860 gi|60 294 559
861 gi|60 10129 10256
862 gi|60 13461 13584
863 gi|60 13789 13865
864 gi|60 22625 22896
865 gi|60 23060 23476
866 gi|60 28406 28537
867 gi|60 32003 32716
868 gi|60 33111 33454
869 gi|60 34125 35984
870 gi|60 37070 37228
871 gi|60 38245 38375
872 gi|60 39360 39760
873 gi|7 11762 12033
874 gi|7 13278 13408
875 gi|7 15011 15678
876 gi|7 15777 15997
877 gi|7 16754 16921
878 gi|7 20979 21214
879 gi|7 21926 23369
880 gi|7 23531 23931
881 gi|7 26259 27851
882 gi|7 28200 28725
883 gi|7 32326 32363
884 gi|7 33784 34305
885 gi|7 34482 34602
886 gi|7 36615 36705
887 gi|7 39803 39901
888 gi|8 1711 1762
889 gi|8 1771 1822
890 gi|8 3146 3263
891 gi|8 6472 6535
892 gi|8 17064 17201
893 gi|8 17431 18128
894 gi|8 20155 20274
895 gi|8 21329 21450
896 gi|8 24229 24281
897 gi|8 26963 27893
898 gi|8 30193 30307
899 gi|8 31986 32300
900 gi|8 34538 34744
901 gi|8 36655 37448
902 gi|9 5246 5529
903 gi|9 8449 8679
904 gi|9 8968 9653
905 gi|9 13958 14144
906 gi|9 14758 15258
907 gi|9 16382 16512
908 gi|9 24375 24498
909 gi|9 25554 25802
910 gi|9 28690 28809
911 gi|9 30931 31060
912 gi|9 31027 31531
913 gi|9 32450 32697
914 gi|9 34461 34515
915 gi|9 34617 35762
916 gi|9 39181 39508
