264 897 gi|1 556 1439 
266 1383 gi|1 4734 5321 
268 284 gi|1 4903 5040 
270 282 gi|1 4903 5001 
274 255 gi|1 4903 5001 
272 264 gi|1 4903 4997 
276 312 gi|1 4904 5033 
280 295 gi|1 4906 5005 
278 311 gi|1 4906 5000 
282 270 gi|1 5184 5347 
284 320 gi|1 6507 6629 
286 292 gi|1 7921 8089 
288 1552 gi|1 8952 9281 
290 302 gi|1 13119 13271 
292 378 gi|1 20594 20722 
294 932 gi|1 20595 20749 
296 867 gi|1 20595 20749 
298 824 gi|1 20595 20749 
302 513 gi|1 20595 20742 
300 656 gi|1 20595 20741 
304 447 gi|1 20596 20746 
306 271 gi|1 20596 20724 
308 879 gi|1 20597 20749 
310 645 gi|1 20603 20749 
312 252 gi|1 22485 22519 
314 250 gi|1 23692 23759 
316 755 gi|1 27675 28127 
318 372 gi|1 29602 29898 
320 268 gi|1 32059 32206 
322 342 gi|1 32511 32742 
324 551 gi|1 33753 34224 
326 268 gi|1 34634 34824 
330 279 gi|1 34661 34824 
328 330 gi|1 34661 34815 
332 285 gi|1 34678 34849 
334 324 gi|1 34722 34815 
336 256 gi|1 34731 34853 
338 304 gi|1 34734 35186 
340 343 gi|1 34993 35265 
342 268 gi|1 35030 35179 
344 267 gi|1 35044 35164 
346 273 gi|1 35056 35152 
348 259 gi|1 35067 35125 
350 268 gi|1 35083 35165 
352 334 gi|1 35085 35160 
354 436 gi|1 35343 35638 
356 282 gi|1 35354 35520 
358 261 gi|1 35384 35522 
360 281 gi|1 35418 35600 
362 254 gi|1 35422 35523 
364 267 gi|1 35438 35524 
366 269 gi|1 35456 35882 
368 261 gi|1 35460 35611 
370 253 gi|1 35664 35935 
372 250 gi|1 35859 35914 
752 587 gi|10 764 1275 
754 2407 gi|10 1666 2497 
756 491 gi|10 12477 12893 
555 276 gi|10 15925 16103 
758 505 gi|10 18462 18689 
760 293 gi|10 19257 19385 
762 250 gi|10 19661 19753 
563 566 gi|10 19727 19928 
127 433 gi|10 19753 19924 
764 367 gi|10 19766 19930 
766 365 gi|10 19766 19927 
635 516 gi|10 19766 19912 
768 263 gi|10 19973 20067 
770 305 gi|10 19976 20068 
772 328 gi|10 22182 22452 
774 383 gi|10 23163 23453 
776 339 gi|10 23782 24440 
778 335 gi|10 27477 27685 
780 272 gi|10 27529 27765 
533 259 gi|10 27531 27754 
782 312 gi|10 27545 27792 
784 317 gi|10 27553 27718 
786 290 gi|10 27556 27661 
790 315 gi|10 27561 27744 
788 255 gi|10 27561 27640 
357 282 gi|10 27577 27743 
792 342 gi|10 29435 29657 
794 274 gi|10 29533 29681 
796 305 gi|10 32099 32406 
798 436 gi|10 32133 32643 
800 481 gi|10 32146 32777 
205 530 gi|10 32147 32643 
802 490 gi|10 32179 32727 
804 433 gi|10 32179 32643 
806 467 gi|10 32180 32727 
371 253 gi|10 32192 32467 
808 269 gi|10 32213 32629 
810 302 gi|10 32216 32729 
812 492 gi|10 32241 32727 
53 252 gi|10 32494 32628 
814 331 gi|10 32535 32727 
816 332 gi|10 32537 32643 
818 278 gi|10 32541 32681 
820 290 gi|10 32549 32719 
513 277 gi|10 32552 32643 
822 437 gi|10 32552 32643 
653 258 gi|10 32552 32624 
824 251 gi|10 33818 33895 
826 261 gi|10 34533 34645 
79 296 gi|10 39041 39180 
956 800 gi|11 177 874 
495 558 gi|11 188 673 
958 608 gi|11 193 786 
807 467 gi|11 194 753 
960 266 gi|11 206 769 
207 740 gi|11 220 804 
962 725 gi|11 220 772 
964 784 gi|11 221 738 
966 618 gi|11 259 913 
968 1091 gi|11 311 789 
71 256 gi|11 379 670 
970 319 gi|11 400 808 
972 350 gi|11 454 615 
355 436 gi|11 487 771 
974 402 gi|11 492 672 
976 453 gi|11 522 700 
978 389 gi|11 528 714 
980 364 gi|11 534 777 
982 254 gi|11 539 758 
984 409 gi|11 544 753 
707 519 gi|11 563 819 
327 268 gi|11 569 761 
986 323 gi|11 575 841 
171 333 gi|11 575 673 
691 345 gi|11 576 826 
988 320 gi|11 576 821 
791 315 gi|11 578 761 
273 264 gi|11 578 672 
907 15481 gi|11 1918 3613 
990 256 gi|11 1923 1975 
992 10159 gi|11 1933 3084 
943 15356 gi|11 1935 3608 
994 11596 gi|11 1940 3213 
996 4329 gi|11 3070 3601 
998 2662 gi|11 3320 3636 
1002 2641 gi|11 3320 3606 
1000 2648 gi|11 3320 3605 
1004 2617 gi|11 3320 3605 
1006 289 gi|11 3554 3601 
1008 565 gi|11 4871 5075 
1010 48151 gi|11 6328 11730 
1012 47864 gi|11 6350 11757 
1014 17279 gi|11 6441 8467 
1016 47510 gi|11 6478 11716 
1018 18135 gi|11 6483 8467 
1020 17706 gi|11 6515 8467 
1022 270 gi|11 6645 6716 
1024 270 gi|11 6645 6716 
1026 270 gi|11 6645 6716 
1028 281 gi|11 6678 6716 
1030 281 gi|11 6678 6716 
1032 281 gi|11 6678 6716 
1034 250 gi|11 8425 8468 
1036 250 gi|11 8425 8468 
1038 250 gi|11 8425 8468 
1040 250 gi|11 8425 8468 
1042 250 gi|11 8425 8468 
1044 250 gi|11 8425 8468 
1048 30209 gi|11 8474 11732 
1046 29784 gi|11 8474 11684 
1050 502 gi|11 8474 8534 
1052 456 gi|11 11803 12237 
1054 252 gi|11 20267 20339 
1056 255 gi|11 25989 26261 
181 274 gi|11 29974 30060 
1058 411 gi|11 30013 30096 
599 11063 gi|11 35850 37108 
1060 11318 gi|11 35869 37131 
1062 11310 gi|11 35870 37111 
1064 11322 gi|11 35870 37109 
679 11309 gi|11 35870 37108 
1066 277 gi|11 37072 37121 
1068 256 gi|11 37457 37633 
828 262 gi|12 1266 1369 
291 302 gi|12 1863 2009 
830 2609 gi|12 3916 4968 
832 2478 gi|12 5361 6384 
834 264 gi|12 5854 6006 
345 267 gi|12 6539 6659 
836 308 gi|12 6680 7105 
233 264 gi|12 6901 7072 
838 288 gi|12 6969 7072 
840 258 gi|12 13640 13722 
842 676 gi|12 16220 16339 
844 377 gi|12 16994 17600 
846 2034 gi|12 21847 22152 
403 256 gi|12 22645 22826 
848 1962 gi|12 22836 23083 
850 267 gi|12 22944 23035 
852 360 gi|12 23468 23723 
811 302 gi|12 23474 23987 
235 435 gi|12 26584 26871 
854 501 gi|12 26711 27862 
856 1842 gi|12 27086 28624 
858 289 gi|12 27259 27850 
245 434 gi|12 27402 27869 
860 921 gi|12 27427 28686 
493 828 gi|12 27894 28612 
862 438 gi|12 27912 28399 
203 2109 gi|12 27925 28643 
805 433 gi|12 27970 28414 
864 1581 gi|12 27989 28597 
866 579 gi|12 28005 28511 
969 1091 gi|12 28075 28531 
868 380 gi|12 28118 28592 
870 276 gi|12 28127 28594 
872 1187 gi|12 28149 28528 
874 277 gi|12 28253 28501 
876 381 gi|12 28287 28582 
878 319 gi|12 28291 28523 
880 332 gi|12 28306 28419 
882 544 gi|12 28308 28493 
331 279 gi|12 28310 28474 
884 262 gi|12 28316 28417 
657 253 gi|12 28318 28396 
886 419 gi|12 28319 28556 
159 393 gi|12 28319 28529 
888 371 gi|12 28319 28495 
275 255 gi|12 28319 28417 
709 326 gi|12 28320 28531 
890 384 gi|12 28320 28419 
693 291 gi|12 28323 28451 
365 267 gi|12 28335 28421 
892 252 gi|12 37816 37912 
894 251 gi|12 38037 38100 
1067 277 gi|12 38037 38089 
898 280 gi|12 38037 38081 
607 277 gi|12 38037 38076 
683 277 gi|12 38037 38076 
896 268 gi|12 38037 38073 
1 1371 gi|12 38290 38829 
3 802 gi|12 38654 38983 
1070 270 gi|13 12612 12840 
1072 252 gi|13 19560 19706 
725 398 gi|13 24397 24610 
1074 252 gi|13 25143 25188 
933 427 gi|13 25887 26274 
1076 679 gi|13 28027 28428 
91 280 gi|13 30936 31005 
1059 411 gi|13 31623 31712 
1078 985 gi|13 32851 33013 
1080 375 gi|13 33074 33167 
585 277 gi|13 33087 33147 
23 14922 gi|13 33104 34748 
1082 394 gi|13 33104 33167 
1084 416 gi|13 33105 33188 
1086 14796 gi|13 33106 34780 
1088 356 gi|13 33106 33188 
29 342 gi|13 33106 33188 
1090 13171 gi|13 33149 34814 
1092 376 gi|13 34663 34773 
37 360 gi|13 34663 34747 
1094 294 gi|13 34702 34747 
1096 301 gi|13 34710 34750 
595 298 gi|13 34712 34808 
1098 20645 gi|13 37976 40245 
1021 17706 gi|13 37987 39939 
1100 20140 gi|13 37992 40245 
1102 17401 gi|13 38012 39939 
1104 17368 gi|13 38022 39939 
1106 17449 gi|13 38022 39939 
1045 250 gi|13 38149 38188 
1108 258 gi|13 38149 38188 
1110 258 gi|13 38149 38188 
1112 258 gi|13 38149 38188 
1114 281 gi|13 38150 38188 
1116 281 gi|13 38150 38188 
1033 281 gi|13 39897 39939 
1118 287 gi|13 39897 39939 
1120 287 gi|13 39897 39939 
1122 287 gi|13 39897 39939 
1124 287 gi|13 39897 39939 
1126 287 gi|13 39897 39939 
1128 318 gi|13 39947 40026 
1130 318 gi|13 39947 40026 
1132 743 gi|13 39950 40031 
1134 743 gi|13 39950 40031 
1136 292 gi|13 39956 40013 
1138 292 gi|13 39956 40013 
1140 413 gi|13 40091 40169 
1144 413 gi|13 40091 40169 
1142 250 gi|13 40091 40162 
1146 406 gi|13 40093 40172 
1148 277 gi|13 40101 40151 
1150 277 gi|13 40101 40151 
1051 502 gi|13 40185 40245 
1152 499 gi|13 40185 40245 
1154 525 gi|13 40185 40245 
1156 499 gi|13 40185 40245 
1158 242277 gi|14 1 25962 
1160 339 gi|14 1534 1653 
1162 576 gi|14 2656 3092 
1164 539 gi|14 2673 3020 
1166 439 gi|14 2675 3006 
1168 439 gi|14 2675 3006 
1170 287 gi|14 6061 6150 
1172 2029 gi|14 11857 13354 
1174 286 gi|14 12125 12224 
1176 261 gi|14 16507 16589 
451 483 gi|14 16863 17011 
1178 270 gi|14 16946 17049 
1180 347 gi|14 16972 17049 
1182 415 gi|14 16975 17091 
1184 267 gi|14 17004 17049 
1186 267 gi|14 17004 17049 
1188 386 gi|14 17030 17151 
453 430 gi|14 17060 17113 
1190 1202 gi|14 17069 17560 
1192 385 gi|14 17077 17209 
1194 267 gi|14 17106 17151 
1196 267 gi|14 17106 17151 
1198 267 gi|14 17106 17151 
1200 329 gi|14 17114 17686 
1202 257 gi|14 17188 17252 
1204 325 gi|14 17286 17765 
1206 342 gi|14 17372 17766 
1208 822 gi|14 17469 17733 
1210 333 gi|14 17484 17974 
1212 298 gi|14 17496 17639 
1214 258 gi|14 17533 17611 
1216 800 gi|14 17612 17797 
1218 335 gi|14 17622 17802 
1220 299 gi|14 17622 17761 
1222 854 gi|14 17689 17798 
1224 254 gi|14 17774 17874 
1226 427 gi|14 17901 17972 
1228 732 gi|14 18228 18325 
1230 732 gi|14 18228 18325 
1232 324 gi|14 18233 18639 
1234 250 gi|14 18237 18339 
1236 391 gi|14 18273 19438 
1238 318 gi|14 18295 18429 
1240 315 gi|14 18316 18732 
1133 743 gi|14 18319 18400 
1242 718 gi|14 18319 18400 
1244 545 gi|14 18324 19187 
1246 276 gi|14 18325 18502 
1248 1155 gi|14 18336 19260 
1252 360 gi|14 18337 19042 
1254 341 gi|14 18337 18930 
1250 367 gi|14 18337 18751 
1256 404 gi|14 18350 19513 
1258 380 gi|14 18401 18554 
1260 504 gi|14 18402 18825 
1262 334 gi|14 18402 18497 
1264 311 gi|14 18406 18825 
1266 298 gi|14 18407 18935 
1268 833 gi|14 18420 18706 
1270 257 gi|14 18486 18561 
1272 538 gi|14 18487 19470 
1274 498 gi|14 18493 19005 
1276 470 gi|14 18576 19005 
1278 851 gi|14 18577 18688 
1280 1135 gi|14 18588 19513 
1282 927 gi|14 18589 19008 
1284 528 gi|14 18661 19519 
1286 317 gi|14 18661 18741 
1129 318 gi|14 18661 18740 
1288 255 gi|14 18759 18837 
1290 365 gi|14 18761 19471 
1137 292 gi|14 18761 18817 
1292 276 gi|14 18761 18817 
1294 1254 gi|14 18855 19268 
1296 919 gi|14 18868 19259 
1298 363 gi|14 18950 19519 
1300 316 gi|14 19022 19130 
1302 316 gi|14 19022 19130 
1304 324 gi|14 19022 19113 
1308 389 gi|14 19025 19144 
1306 416 gi|14 19025 19139 
1310 513 gi|14 19039 19512 
1312 285 gi|14 19109 19195 
1314 503 gi|14 19117 19522 
1316 326 gi|14 19117 19507 
1318 436 gi|14 19121 19513 
1322 544 gi|14 19127 19519 
1320 335 gi|14 19127 19305 
1324 343 gi|14 19129 19541 
1326 371 gi|14 19206 19438 
1149 277 gi|14 19209 19259 
1328 283 gi|14 19209 19259 
1330 381 gi|14 19244 19356 
1332 360 gi|14 19276 19362 
1334 335 gi|14 19282 19356 
1336 346 gi|14 19290 19360 
1338 346 gi|14 19290 19360 
1340 283 gi|14 19371 19548 
1342 395 gi|14 19371 19445 
1344 753 gi|14 19377 19519 
1348 284 gi|14 19383 19524 
1346 433 gi|14 19383 19512 
1141 413 gi|14 19444 19522 
1350 422 gi|14 19444 19522 
1352 2623 gi|14 25963 26244 
1354 30196 gi|14 27256 30551 
1356 30363 gi|14 27279 30551 
1049 30209 gi|14 27293 30551 
1358 29983 gi|14 27304 30551 
1360 49641 gi|14 27340 32802 
1099 20645 gi|14 30490 32761 
1362 406 gi|14 30564 30643 
1364 413 gi|14 30567 30645 
1366 250 gi|14 30574 30645 
1368 277 gi|14 30585 30635 
1370 743 gi|14 30705 30786 
1372 318 gi|14 30710 30789 
1374 292 gi|14 30723 30780 
1386 17531 gi|14 30797 32917 
1019 18135 gi|14 30797 32781 
1376 17806 gi|14 30797 32781 
1380 17725 gi|14 30797 32781 
1031 281 gi|14 30797 30839 
1115 281 gi|14 30797 30839 
1378 287 gi|14 30797 30839 
1382 287 gi|14 30797 30839 
1384 287 gi|14 30797 30839 
1388 287 gi|14 30797 30839 
1043 250 gi|14 32548 32587 
1390 258 gi|14 32548 32587 
1394 258 gi|14 32548 32587 
1396 258 gi|14 32548 32587 
1119 287 gi|14 32548 32586 
1392 281 gi|14 32548 32586 
379 326 gi|14 34868 35019 
581 277 gi|14 36443 36621 
1398 2584 gi|15 267 1238 
1400 260 gi|15 2816 2925 
1343 395 gi|15 2950 3024 
1402 376 gi|15 2950 3024 
1289 255 gi|15 2961 3036 
1404 259 gi|15 2961 3036 
1406 257 gi|15 2966 3017 
391 402 gi|15 3102 3879 
745 426 gi|15 3154 3490 
1408 719 gi|15 3159 3878 
1410 1115 gi|15 3241 3855 
519 601 gi|15 3243 3525 
1412 538 gi|15 3249 3799 
389 330 gi|15 5034 5239 
1414 284 gi|15 5056 5258 
1416 340 gi|15 5451 5705 
529 427 gi|15 5474 5777 
385 491 gi|15 5484 5706 
439 269 gi|15 5567 5748 
1418 276 gi|15 5573 5686 
1420 366 gi|15 14308 14643 
1422 252 gi|15 14309 14491 
69 314 gi|15 14406 14836 
1424 255 gi|15 14430 14506 
1426 258 gi|15 14628 14726 
1428 283 gi|15 14676 14756 
349 259 gi|15 14713 14771 
145 262 gi|15 14738 14854 
1430 322 gi|15 15155 15388 
1432 280 gi|15 15554 15785 
1434 257 gi|15 17181 17414 
661 255 gi|15 17822 17895 
1436 457 gi|15 24059 24320 
1438 583 gi|15 24066 24311 
1442 358 gi|15 24068 24304 
1440 483 gi|15 24068 24290 
1444 388 gi|15 24096 24317 
1446 287 gi|15 24671 25072 
857 1842 gi|15 24687 26299 
201 1461 gi|15 24687 25390 
957 800 gi|15 24695 25377 
1448 295 gi|15 24726 24990 
1450 359 gi|15 24729 25031 
801 481 gi|15 24763 25376 
1454 553 gi|15 24765 25873 
1452 481 gi|15 24765 24994 
1456 294 gi|15 24765 24991 
1458 1079 gi|15 24776 25378 
1460 568 gi|15 24783 25352 
837 308 gi|15 24783 25190 
1462 272 gi|15 24783 24988 
1466 338 gi|15 24816 25234 
1468 268 gi|15 24816 25014 
1464 376 gi|15 24816 24991 
1470 482 gi|15 24818 25003 
779 335 gi|15 24864 25072 
67 277 gi|15 24870 24994 
1472 253 gi|15 24892 24991 
1474 314 gi|15 24893 25467 
511 273 gi|15 24894 24990 
703 346 gi|15 24896 25043 
1476 343 gi|15 24912 25412 
655 314 gi|15 24915 24990 
243 451 gi|15 25658 25997 
1478 273 gi|15 25658 25873 
237 357 gi|15 26574 26806 
1480 259 gi|15 34593 34685 
1482 1467 gi|15 35939 36656 
1484 291 gi|15 38607 39070 
1486 263 gi|15 38651 38719 
1488 658 gi|16 25 449 
1490 262 gi|16 3029 3243 
1492 254 gi|16 5558 5640 
1494 254 gi|16 13109 13534 
1496 267 gi|16 13207 13439 
1498 416 gi|16 13637 14445 
1500 251 gi|16 16821 16879 
1502 384 gi|16 17117 17399 
983 254 gi|16 17145 17364 
1504 303 gi|16 23705 23977 
1506 422 gi|16 23719 23930 
549 333 gi|16 23736 23894 
1508 298 gi|16 23773 23876 
1510 268 gi|16 24525 24566 
841 258 gi|16 27736 27812 
1512 311 gi|16 28565 29060 
1514 1054 gi|16 28579 29455 
649 436 gi|16 28635 29078 
1516 763 gi|16 28668 29295 
1518 421 gi|16 28680 29177 
869 380 gi|16 28773 29258 
1520 499 gi|16 28857 29247 
973 350 gi|16 28862 29023 
227 353 gi|16 28948 29161 
1522 284 gi|16 28971 29181 
1524 274 gi|16 28977 29161 
1526 271 gi|16 28979 29161 
1528 283 gi|16 28980 29185 
1530 342 gi|16 28981 29161 
1532 284 gi|16 35681 35845 
1534 585 gi|16 36310 36473 
1536 454 gi|16 36328 36500 
1538 252 gi|16 38467 38537 
1540 412 gi|16 38899 39531 
249 277 gi|16 39785 39873 
1542 616 gi|16 39821 40122 
1544 369 gi|16 39972 40090 
1678 341 gi|17 1187 1721 
971 319 gi|17 1417 1825 
1680 268 gi|17 1422 1856 
711 299 gi|17 1422 1804 
1682 505 gi|17 1431 1943 
1521 499 gi|17 1469 1856 
1451 359 gi|17 1555 1857 
877 381 gi|17 1562 1857 
1684 405 gi|17 1585 1854 
1686 290 gi|17 1586 1864 
153 353 gi|17 1588 1863 
1688 291 gi|17 1592 1828 
1690 321 gi|17 1595 1833 
1692 265 gi|17 1598 1774 
209 629 gi|17 2080 2687 
1694 341 gi|17 2342 2522 
1696 363 gi|17 2381 2520 
1698 295 gi|17 2384 2615 
781 272 gi|17 2396 2623 
1525 274 gi|17 2419 2600 
1700 343 gi|17 2423 2634 
887 419 gi|17 2424 2664 
987 323 gi|17 2425 2688 
1702 266 gi|17 2425 2605 
1704 357 gi|17 2425 2522 
1449 295 gi|17 2426 2690 
1706 257 gi|17 2428 2603 
359 261 gi|17 2442 2586 
1708 5387 gi|17 6615 8294 
1710 3296 gi|17 6617 8291 
1712 1925 gi|17 6674 8268 
1714 4647 gi|17 6680 8316 
1716 5181 gi|17 6681 8329 
1718 1232 gi|17 6691 7222 
1720 488 gi|17 6730 6975 
473 2521 gi|17 6742 8293 
1722 2016 gi|17 6813 8278 
1724 1681 gi|17 6822 8315 
1726 1744 gi|17 7024 7334 
295 932 gi|17 7176 7330 
1728 634 gi|17 7308 7709 
1730 1828 gi|17 7554 8262 
1732 1058 gi|17 7714 8313 
87 774 gi|17 10826 11034 
1734 316 gi|17 10925 11033 
1736 1522 gi|17 11661 12595 
625 1320 gi|17 11663 12783 
1738 1207 gi|17 14313 15687 
1740 884 gi|17 14365 15879 
1742 767 gi|17 14383 15748 
1744 1334 gi|17 14399 15745 
459 1328 gi|17 14404 15231 
1746 942 gi|17 14539 15311 
1748 306 gi|17 14543 14675 
1750 1217 gi|17 14548 15306 
1752 1090 gi|17 14548 15243 
1754 541 gi|17 14616 14940 
1756 580 gi|17 14781 15059 
305 447 gi|17 14896 15045 
1758 324 gi|17 20764 20924 
13 258 gi|17 21192 21297 
1760 254 gi|17 21217 21298 
1762 527 gi|17 25888 26594 
1764 272 gi|17 26406 26585 
1766 300 gi|17 26461 26565 
1768 387 gi|17 27230 27453 
1770 384 gi|17 27318 27454 
1772 310 gi|17 27319 27454 
255 315 gi|17 27327 27453 
1774 272 gi|17 27330 27440 
1429 283 gi|17 29351 29416 
361 281 gi|17 29541 29715 
1776 993 gi|17 30355 30504 
1778 993 gi|17 30355 30504 
1305 324 gi|17 30369 30455 
1780 303 gi|17 30369 30455 
1333 360 gi|17 30376 30466 
1782 370 gi|17 30376 30466 
1179 270 gi|17 30382 30500 
1784 271 gi|17 30382 30500 
1199 267 gi|17 30382 30427 
1786 260 gi|17 30382 30427 
1788 421 gi|17 32514 32728 
1790 251 gi|17 33761 33832 
1622 335 gi|18 1742 2084 
1624 293 gi|18 2117 2272 
1626 1545 gi|18 2206 3458 
1741 884 gi|18 2280 3814 
1713 1925 gi|18 2308 3894 
1630 1810 gi|18 2314 3902 
1628 1587 gi|18 2314 3894 
1632 1996 gi|18 2321 3890 
461 1652 gi|18 2323 3893 
1634 1087 gi|18 2457 3564 
1636 1743 gi|18 2466 3430 
1638 574 gi|18 2546 2867 
1640 655 gi|18 2623 2929 
685 319 gi|18 2884 2997 
1642 457 gi|18 2945 3246 
1644 307 gi|18 3179 3626 
1646 358 gi|18 3344 3686 
1648 269 gi|18 3610 3741 
575 776 gi|18 3877 5168 
1650 272 gi|18 5648 5767 
1652 254 gi|18 6992 7085 
541 269 gi|18 8623 8672 
325 551 gi|18 9613 10087 
323 342 gi|18 9890 10115 
321 268 gi|18 10565 10714 
835 264 gi|18 10831 10978 
1654 283 gi|18 10917 11000 
1656 2875 gi|18 12937 14913 
903 2921 gi|18 12956 14641 
1658 410 gi|18 14766 14855 
1660 259 gi|18 19639 19772 
1662 250 gi|18 21325 21384 
1537 454 gi|18 23590 23759 
545 320 gi|18 23594 23820 
1664 466 gi|18 23596 23811 
1507 422 gi|18 23602 23814 
1666 251 gi|18 23678 23844 
1668 319 gi|18 23923 24010 
1670 279 gi|18 25166 25511 
1672 585 gi|18 25205 25625 
1674 516 gi|18 25209 25602 
1676 404 gi|18 25231 25452 
1546 415 gi|19 2900 3155 
1548 310 gi|19 2913 3171 
1721 488 gi|19 2927 3171 
469 422 gi|19 2929 3158 
1749 306 gi|19 3023 3155 
1550 349 gi|19 3028 3171 
1552 301 gi|19 3381 3510 
741 250 gi|19 4242 4392 
1554 2668 gi|19 4507 4806 
1556 2633 gi|19 4507 4806 
921 2648 gi|19 4509 4806 
1001 2648 gi|19 4521 4806 
1558 2648 gi|19 4521 4806 
947 2576 gi|19 4521 4806 
1560 2227 gi|19 4525 4806 
1562 289 gi|19 4525 4572 
55 259 gi|19 9984 10106 
353 334 gi|19 10343 10415 
1627 1545 gi|19 11167 12416 
1739 1207 gi|19 11174 12572 
893 252 gi|19 11179 11282 
1564 5773 gi|19 11210 12842 
1566 3675 gi|19 11211 12878 
1715 4647 gi|19 11267 12909 
1568 5889 gi|19 11268 12841 
1570 1062 gi|19 11321 11812 
471 2609 gi|19 11326 12837 
1572 2390 gi|19 11365 12838 
1574 1495 gi|19 11421 12706 
1576 1279 gi|19 11603 11911 
301 656 gi|19 11774 11920 
1578 844 gi|19 11919 12287 
1580 1867 gi|19 12116 12843 
1582 536 gi|19 12301 12841 
105 261 gi|19 13945 14056 
1584 401 gi|19 13951 14092 
1586 266 gi|19 14626 14778 
1588 301 gi|19 18380 18598 
1590 276 gi|19 18421 18597 
1592 282 gi|19 18876 19020 
1501 251 gi|19 18878 18936 
1683 505 gi|19 19137 19643 
1594 312 gi|19 19170 19565 
1596 380 gi|19 19217 19796 
1598 344 gi|19 19244 19612 
1529 283 gi|19 19279 19483 
1421 366 gi|19 19302 19640 
1600 299 gi|19 19351 19482 
1602 252 gi|19 19378 19476 
1604 290 gi|19 19380 19545 
225 322 gi|19 19380 19520 
881 332 gi|19 19380 19499 
1473 253 gi|19 19380 19479 
1695 341 gi|19 19382 19554 
535 259 gi|19 19383 19470 
1606 270 gi|19 19435 19519 
283 270 gi|19 19690 19844 
61 257 gi|19 19768 19823 
1427 258 gi|19 20863 20962 
1608 5768 gi|19 21609 22976 
1610 1111 gi|19 22009 23039 
1612 1111 gi|19 22009 23039 
1614 547 gi|19 22060 22898 
347 273 gi|19 25552 25649 
373 250 gi|19 25583 25641 
485 384 gi|19 32781 32903 
103 337 gi|19 33129 33258 
1399 2584 gi|19 33434 34403 
1616 1886 gi|19 36993 38159 
1618 1560 gi|19 37056 38145 
1620 250 gi|19 38039 38185 
1077 679 gi|19 39707 40112 
374 330 gi|2 2061 2203 
376 552 gi|2 4249 4505 
378 326 gi|2 5769 5910 
380 424 gi|2 8739 8972 
382 403 gi|2 8784 9419 
384 491 gi|2 8817 9042 
386 464 gi|2 8828 9416 
388 330 gi|2 9257 9462 
390 402 gi|2 10243 10997 
392 789 gi|2 10315 10806 
394 549 gi|2 10382 10818 
396 279 gi|2 10578 10799 
398 363 gi|2 10613 10816 
400 253 gi|2 17517 17567 
402 256 gi|2 19831 20012 
404 278 gi|2 23524 23642 
406 918 gi|2 27146 27282 
408 22598 gi|2 27167 29835 
416 22784 gi|2 27168 29847 
410 23195 gi|2 27168 29839 
412 23195 gi|2 27168 29839 
414 23020 gi|2 27168 29836 
418 22136 gi|2 27263 29839 
420 833 gi|2 27573 28405 
422 286 gi|2 28867 29097 
424 2100 gi|2 29551 29881 
426 2382 gi|2 34683 34978 
428 2396 gi|2 34685 34984 
430 257 gi|2 34916 34985 
432 4047 gi|2 35942 36777 
434 467 gi|2 38330 38476 
436 515 gi|2 38630 39136 
438 269 gi|2 39413 39597 
1792 228590 gi|20 55 24567 
1794 447 gi|20 55 173 
1796 406 gi|20 55 173 
1798 285 gi|20 3116 3219 
1301 316 gi|20 3161 3267 
1800 308 gi|20 3161 3267 
1779 993 gi|20 3166 3316 
1337 346 gi|20 3190 3264 
1802 363 gi|20 3190 3264 
1185 267 gi|20 3194 3239 
1195 267 gi|20 3194 3239 
1804 260 gi|20 3194 3239 
1806 260 gi|20 3194 3239 
1808 274 gi|20 4994 5383 
1810 983 gi|20 7093 9060 
1167 439 gi|20 8729 9060 
1812 464 gi|20 8729 9060 
729 488 gi|20 9620 10026 
1814 277 gi|20 10571 10671 
1816 586 gi|20 10861 11512 
1818 345 gi|20 11725 11876 
1820 22770 gi|20 12400 15067 
111 22974 gi|20 12409 15062 
1822 22677 gi|20 12410 15065 
413 23195 gi|20 12410 15064 
1824 930 gi|20 12410 12524 
1826 22111 gi|20 12505 15064 
1828 821 gi|20 12810 13629 
1830 285 gi|20 14091 14322 
1832 2007 gi|20 14803 15065 
1834 310 gi|20 17754 17893 
1836 265 gi|20 17781 17893 
1838 1127 gi|20 21681 22874 
1840 45501 gi|20 24568 29375 
1842 398 gi|20 24817 24941 
1613 1111 gi|20 26008 27016 
1844 1180 gi|20 26129 27013 
1846 454 gi|20 26129 26821 
1848 41552 gi|20 30617 35002 
1231 732 gi|20 32745 32840 
1850 732 gi|20 32745 32840 
1852 335 gi|20 33064 33303 
1854 263 gi|20 33176 33295 
1890 282 gi|21 11296 11736 
1892 541 gi|21 12230 13117 
267 1383 gi|21 15389 15965 
1894 262 gi|21 15421 15643 
1463 272 gi|21 15438 15640 
819 278 gi|21 15495 15650 
979 389 gi|21 15501 15713 
221 267 gi|21 15546 15716 
885 262 gi|21 15546 15647 
173 286 gi|21 15547 15756 
1896 271 gi|21 15554 15700 
1898 264 gi|21 15562 15669 
759 505 gi|21 18973 19201 
317 755 gi|21 20298 20750 
1900 396 gi|21 24435 24552 
1691 321 gi|21 24684 24921 
1902 865 gi|21 24712 25330 
211 1036 gi|21 24712 25246 
1904 950 gi|21 24713 25815 
959 608 gi|21 24713 25276 
873 1187 gi|21 24713 25092 
1906 524 gi|21 24716 25085 
713 368 gi|21 24735 24923 
1910 417 gi|21 24742 25272 
1908 438 gi|21 24742 25099 
1423 252 gi|21 24745 24932 
813 492 gi|21 24746 25214 
1531 342 gi|21 24746 24923 
161 332 gi|21 24779 24921 
1601 299 gi|21 24793 24923 
1912 392 gi|21 24806 25317 
697 271 gi|21 24806 24931 
509 343 gi|21 24823 24921 
1705 357 gi|21 24824 24921 
1914 270 gi|21 24826 24954 
335 324 gi|21 24828 24921 
367 269 gi|21 24838 25210 
1916 351 gi|21 24839 25210 
789 255 gi|21 24839 24918 
1918 304 gi|21 25190 25287 
1920 281 gi|21 25350 25675 
1479 273 gi|21 25500 25715 
1922 423 gi|21 29411 29580 
1924 460 gi|21 29475 29765 
623 1335 gi|21 38303 38459 
1926 9617 gi|21 38496 39707 
619 1787 gi|21 38759 38983 
613 5204 gi|21 39060 39700 
1928 784 gi|21 39436 39696 
1930 697 gi|22 2792 3417 
1541 412 gi|22 7286 7900 
931 253 gi|22 7958 8041 
1543 616 gi|22 8199 8506 
1771 384 gi|22 8279 8415 
1932 412 gi|22 8282 8562 
1485 291 gi|22 9537 10000 
1934 482 gi|22 10312 10523 
1936 596 gi|22 10781 11431 
1585 401 gi|22 13216 13355 
99 473 gi|22 13222 13342 
487 419 gi|22 13224 13429 
1938 253 gi|22 15676 15806 
443 313 gi|22 15898 15991 
351 268 gi|22 20708 20790 
63 273 gi|22 20755 20805 
1940 611 gi|22 21056 21390 
1942 820 gi|22 21086 22170 
1944 466 gi|22 21958 22182 
1946 268 gi|22 21968 22119 
1948 285 gi|22 22001 22181 
1950 299 gi|22 26433 26662 
1952 963 gi|22 26678 27443 
1954 272 gi|22 26882 26971 
1956 306 gi|22 27225 27514 
491 539 gi|22 31842 32383 
1513 311 gi|22 31850 32362 
1903 865 gi|22 31856 32494 
1958 574 gi|22 31868 32497 
197 1246 gi|22 31877 32677 
1459 1079 gi|22 31897 32500 
803 490 gi|22 31918 32460 
963 725 gi|22 31945 32480 
865 1581 gi|22 31954 32544 
1960 567 gi|22 32100 32499 
1595 312 gi|22 32193 32587 
1962 264 gi|22 32200 32406 
73 267 gi|22 32204 32362 
165 282 gi|22 32242 32389 
1964 340 gi|22 32243 32588 
1425 255 gi|22 32252 32337 
1966 263 gi|22 32256 32367 
785 317 gi|22 32280 32442 
1968 594 gi|22 32282 32518 
1895 262 gi|22 32285 32510 
1703 266 gi|22 32285 32465 
329 330 gi|22 32285 32439 
1970 310 gi|22 32288 32527 
1972 252 gi|22 32288 32406 
1589 301 gi|22 32293 32512 
667 1196 gi|22 32753 33463 
1974 254 gi|22 32843 32908 
855 501 gi|22 32954 34101 
241 449 gi|22 33601 34078 
1921 281 gi|22 33770 34098 
859 289 gi|22 34161 34766 
247 319 gi|22 34343 34635 
1976 250 gi|22 34549 34640 
669 1247 gi|22 34868 35646 
1978 396 gi|22 35009 35568 
583 262 gi|22 36476 36556 
827 261 gi|23 184 312 
1856 257 gi|23 6522 6629 
1497 267 gi|23 15024 15283 
1499 416 gi|23 15650 16499 
1495 254 gi|23 16690 17136 
97 263 gi|23 18785 19111 
1858 389 gi|23 23942 24168 
1860 483 gi|23 27377 27681 
1862 5732 gi|23 32663 33924 
1401 260 gi|23 36778 36884 
1864 305 gi|24 2093 2413 
1655 283 gi|24 2220 2296 
1866 529 gi|24 3076 3509 
1821 22770 gi|24 5967 8645 
1868 22789 gi|24 5967 8645 
1870 22520 gi|24 5973 8642 
107 23023 gi|24 5973 8640 
417 22784 gi|24 5977 8649 
1872 930 gi|24 5977 6091 
1874 22146 gi|24 6072 8640 
1876 875 gi|24 6374 7207 
1878 325 gi|24 7669 7900 
1880 2083 gi|24 8381 8641 
1882 564 gi|24 11446 12213 
731 363 gi|24 14133 14429 
1855 263 gi|24 14713 14825 
1884 277 gi|24 14713 14825 
405 278 gi|24 14723 14830 
1886 373 gi|24 16360 16463 
1649 269 gi|24 20704 20843 
935 327 gi|24 27782 28014 
1888 252 gi|24 28698 28811 
2142 315 gi|25 1290 1453 
2144 2149 gi|25 5295 6808 
2146 677 gi|25 8129 8765 
1835 310 gi|25 8345 8484 
2148 323 gi|25 8345 8484 
2150 285 gi|25 9131 9460 
2152 250 gi|25 9991 10118 
1837 265 gi|25 10481 10593 
2154 267 gi|25 10481 10593 
489 321 gi|25 14478 15004 
1475 314 gi|25 14550 15090 
1515 1054 gi|25 14584 15433 
2156 363 gi|25 14686 15293 
1597 380 gi|25 14697 15250 
2158 360 gi|25 14697 14878 
2160 274 gi|25 14779 15260 
1681 268 gi|25 14821 15255 
2162 286 gi|25 15881 16022 
2164 365 gi|25 25582 25690 
2166 323 gi|25 25592 26117 
1867 529 gi|25 26345 26784 
797 305 gi|25 28279 28581 
1959 574 gi|25 28298 28963 
193 259 gi|25 28304 28581 
1913 392 gi|25 28313 28863 
2168 348 gi|25 28346 28861 
1461 568 gi|25 28363 28959 
1493 254 gi|25 28365 28447 
965 784 gi|25 28385 28911 
867 579 gi|25 28409 28942 
223 419 gi|25 28689 28880 
503 319 gi|25 28717 28847 
269 284 gi|25 28722 28845 
2170 386 gi|25 28740 28851 
2174 329 gi|25 28743 29006 
695 343 gi|25 28743 28869 
2172 370 gi|25 28743 28843 
721 340 gi|25 28743 28843 
2176 364 gi|25 28745 28843 
787 290 gi|25 28746 28851 
821 290 gi|25 28747 28909 
1567 3675 gi|25 30898 32579 
1711 3296 gi|25 30912 32583 
2178 1135 gi|25 30912 31654 
2180 3911 gi|25 30919 32581 
2182 1824 gi|25 30923 32592 
457 3129 gi|25 30926 32514 
1631 1810 gi|25 30930 32515 
2184 3736 gi|25 30934 32598 
2186 395 gi|25 30939 31465 
2188 3064 gi|25 30980 32593 
1745 1334 gi|25 31151 32515 
2190 492 gi|25 31568 31883 
2192 1400 gi|25 31875 32232 
311 645 gi|25 31875 32021 
2194 894 gi|25 31950 32307 
1551 349 gi|25 32222 32366 
441 375 gi|25 34933 35299 
2196 7257 gi|25 36846 38159 
2072 260 gi|26 5201 5280 
81 477 gi|26 12728 13012 
2074 281 gi|26 12935 13000 
2076 251 gi|26 13703 13850 
2078 274 gi|26 13821 14048 
77 436 gi|26 13844 14263 
2080 273 gi|26 14003 14052 
2082 268 gi|26 14154 14238 
83 321 gi|26 14368 14643 
2084 336 gi|26 14388 14558 
2086 292 gi|26 14852 15138 
2088 420 gi|26 18860 19294 
2090 1155 gi|26 19652 20552 
2092 1118 gi|26 19764 20642 
261 531 gi|26 19779 20126 
2094 683 gi|26 19788 20258 
2096 807 gi|26 19807 20269 
2098 516 gi|26 20128 20277 
1175 286 gi|26 24029 24122 
2100 299 gi|26 24029 24122 
1853 335 gi|26 25716 25942 
2102 343 gi|26 25716 25942 
431 257 gi|26 27457 27525 
427 2382 gi|26 28609 28903 
429 2396 gi|26 29717 30016 
2193 1400 gi|26 30953 31319 
1641 655 gi|26 30983 31294 
2104 602 gi|26 31002 31333 
477 986 gi|26 31010 31335 
1577 1279 gi|26 31010 31321 
2106 812 gi|26 31018 31219 
1727 1744 gi|26 31021 31329 
1757 580 gi|26 31061 31339 
309 879 gi|26 31173 31325 
2108 484 gi|26 31300 31436 
1581 1867 gi|26 31310 32039 
2179 1135 gi|26 31312 32063 
1645 307 gi|26 31331 31796 
1731 1828 gi|26 31332 32034 
2110 739 gi|26 31515 32044 
481 791 gi|26 31648 32048 
2112 481 gi|26 31721 32110 
2185 3736 gi|26 32267 33925 
2114 1618 gi|26 32279 33918 
2116 1091 gi|26 32279 32880 
455 2655 gi|26 32315 33800 
1743 767 gi|26 32321 33713 
1569 5889 gi|26 32329 33918 
1717 5181 gi|26 32339 33971 
1629 1587 gi|26 32340 33920 
299 824 gi|26 32834 32988 
2118 850 gi|26 32966 33296 
2120 711 gi|26 33444 33935 
1709 5387 gi|26 34163 35832 
2181 3911 gi|26 34165 35837 
1565 5773 gi|26 34170 35812 
2122 1976 gi|26 34172 35886 
1633 1996 gi|26 34236 35809 
467 3014 gi|26 34286 35803 
2124 1277 gi|26 34316 34773 
1747 942 gi|26 34376 35148 
297 867 gi|26 34727 34881 
2126 891 gi|26 34859 35189 
2128 784 gi|26 35241 35830 
2189 3064 gi|26 36013 37646 
2130 1024 gi|26 36073 36902 
1547 415 gi|26 36132 36384 
1573 2390 gi|26 36201 37680 
1723 2016 gi|26 36239 37694 
475 2149 gi|26 36239 37672 
1635 1087 gi|26 36248 37367 
1751 1217 gi|26 36257 37018 
2132 781 gi|26 36326 36650 
293 378 gi|26 36626 36754 
2134 366 gi|26 36756 37070 
2136 419 gi|26 37180 37590 
2138 303 gi|26 37385 37680 
687 354 gi|26 38550 39017 
2140 272 gi|26 40078 40243 
641 255 gi|26 40173 40243 
1980 299 gi|27 2614 2699 
1815 277 gi|27 13545 13645 
1817 586 gi|27 13791 14456 
1982 628 gi|27 13791 14456 
1819 345 gi|27 14657 14808 
1984 381 gi|27 14657 14808 
1986 551 gi|27 15223 15729 
1988 325 gi|27 18484 18795 
1990 920 gi|27 18486 19145 
1992 916 gi|27 18661 19141 
2095 683 gi|27 18669 19145 
263 539 gi|27 18810 19144 
1441 483 gi|27 21950 22181 
1443 358 gi|27 22998 23238 
1994 289 gi|27 23696 23781 
1996 2618 gi|27 23699 24015 
999 2662 gi|27 23702 24015 
919 2677 gi|27 23714 24015 
945 2581 gi|27 23727 24015 
1998 2641 gi|27 23729 24015 
1559 2648 gi|27 23730 24015 
2000 2227 gi|27 23734 24015 
1437 457 gi|27 25496 25766 
1445 388 gi|27 26469 26699 
2002 430 gi|27 27287 27678 
2004 302 gi|27 27373 27876 
2006 267 gi|27 27398 27510 
1439 583 gi|27 28449 28703 
2008 261 gi|27 36479 36630 
2010 269 gi|27 36504 36627 
1947 268 gi|27 36543 36694 
2012 690 gi|27 36880 37527 
1949 285 gi|27 37318 37513 
571 251 gi|27 37501 37630 
2014 317 gi|27 37867 37967 
2093 1118 gi|27 38551 39438 
2016 428 gi|27 38679 39060 
2018 827 gi|27 38815 39414 
2020 651 gi|27 38906 39410 
19 358 gi|27 39765 39842 
287 292 gi|27 39972 40135 
1893 541 gi|28 900 1795 
1477 343 gi|28 5654 6148 
863 438 gi|28 5670 6148 
199 340 gi|28 5674 6148 
339 304 gi|28 5710 6150 
809 269 gi|28 5745 6149 
1517 763 gi|28 5748 6380 
2159 360 gi|28 5769 5950 
2022 286 gi|28 6055 6149 
659 253 gi|28 6056 6145 
2024 324 gi|28 6069 6175 
177 281 gi|28 6069 6145 
2026 293 gi|28 6070 6152 
2163 286 gi|28 9865 10006 
2028 253 gi|28 12750 12818 
2030 269 gi|28 12772 12818 
2032 710 gi|28 13087 14048 
2034 397 gi|28 13109 13978 
1651 272 gi|28 13188 13292 
2005 302 gi|28 13278 13781 
2036 325 gi|28 15056 15254 
2038 712 gi|28 16475 17254 
1625 293 gi|28 17757 17917 
2040 328 gi|28 17793 18119 
1623 335 gi|28 17850 18193 
2042 273 gi|28 17985 18080 
2044 844 gi|28 20088 20674 
51 583 gi|28 20104 20663 
49 1495 gi|28 20107 22234 
65 305 gi|28 21700 21961 
2046 289 gi|28 21702 22210 
2048 365 gi|28 23848 24301 
1053 456 gi|28 27990 28429 
1091 13171 gi|28 28413 30087 
2052 447 gi|28 28484 28574 
2050 322 gi|28 28484 28528 
1085 416 gi|28 28489 28574 
2054 260 gi|28 28489 28531 
33 13146 gi|28 28490 30135 
2056 13054 gi|28 28490 30102 
41 431 gi|28 28490 28574 
593 276 gi|28 28490 28525 
2058 3385 gi|28 30089 30801 
1081 375 gi|28 30733 30833 
2060 358 gi|28 30733 30801 
43 358 gi|28 30733 30801 
2062 354 gi|28 30764 30831 
1097 301 gi|28 30764 30804 
27 323 gi|28 30764 30802 
591 310 gi|28 30766 30805 
2064 18143 gi|28 30821 33063 
2066 18124 gi|28 30823 33074 
2068 503 gi|28 30983 31395 
739 314 gi|28 38065 38357 
1009 565 gi|28 38964 39168 
1171 287 gi|28 40144 40212 
2070 272 gi|28 40144 40212 
1353 2623 gi|29 1 281 
84 279 gi|3 966 1080 
86 774 gi|3 972 1183 
88 279 gi|3 4008 4237 
90 280 gi|3 4208 4272 
92 250 gi|3 4294 4423 
94 606 gi|3 5915 6367 
96 263 gi|3 9484 9813 
100 265 gi|3 17633 17799 
98 473 gi|3 17633 17753 
102 337 gi|3 17638 17762 
104 261 gi|3 17654 17765 
106 23023 gi|3 17976 20643 
108 22974 gi|3 17979 20643 
110 22974 gi|3 17979 20643 
415 23020 gi|3 17980 20642 
112 23444 gi|3 17980 20641 
114 922 gi|3 17980 18094 
116 22911 gi|3 18075 20651 
118 815 gi|3 18378 18779 
120 287 gi|3 18991 19210 
122 276 gi|3 19685 19903 
124 2001 gi|3 20384 20643 
126 433 gi|3 22409 22580 
128 751 gi|3 22411 22700 
130 1085 gi|3 22413 23062 
134 566 gi|3 22422 23058 
132 872 gi|3 22422 22700 
136 418 gi|3 22439 22701 
138 270 gi|3 22463 22704 
140 352 gi|3 22483 22839 
142 597 gi|3 22863 23130 
144 262 gi|3 22989 23108 
146 482 gi|3 24152 24856 
148 679 gi|3 24180 24915 
150 309 gi|3 24228 24671 
154 381 gi|3 24243 24516 
152 353 gi|3 24243 24509 
156 357 gi|3 24245 24514 
158 393 gi|3 24302 24503 
160 332 gi|3 24360 24502 
162 263 gi|3 24397 24505 
164 282 gi|3 24398 24540 
166 259 gi|3 24403 24509 
168 277 gi|3 24404 24503 
170 333 gi|3 24404 24502 
172 286 gi|3 24406 24624 
277 312 gi|3 24406 24535 
174 272 gi|3 24406 24517 
176 281 gi|3 24426 24502 
178 276 gi|3 24453 24499 
180 274 gi|3 25606 25689 
182 352 gi|3 27609 27744 
184 257 gi|3 27837 27901 
186 575 gi|3 30289 31115 
188 581 gi|3 34057 34589 
190 609 gi|3 34067 34699 
192 259 gi|3 34073 34345 
194 389 gi|3 34074 34586 
196 1246 gi|3 34080 34877 
198 340 gi|3 34087 34570 
200 1461 gi|3 34089 34795 
202 2109 gi|3 34096 34813 
204 530 gi|3 34104 34585 
206 740 gi|3 34148 34717 
208 629 gi|3 34152 34753 
210 1036 gi|3 34155 34700 
212 400 gi|3 34282 34805 
214 602 gi|3 34282 34590 
216 555 gi|3 34327 34591 
218 303 gi|3 34404 34699 
220 267 gi|3 34412 34588 
222 419 gi|3 34432 34614 
224 322 gi|3 34451 34590 
226 353 gi|3 34456 34666 
228 254 gi|3 34474 34766 
230 292 gi|3 34494 34624 
232 264 gi|3 34495 34666 
234 435 gi|3 35030 35332 
236 357 gi|3 35058 35284 
238 302 gi|3 35714 36159 
240 449 gi|3 35814 36300 
242 451 gi|3 35820 36155 
244 434 gi|3 35854 36317 
246 319 gi|3 35882 36171 
250 284 gi|3 38697 39061 
248 277 gi|3 38697 38797 
252 260 gi|3 38720 38982 
254 315 gi|3 38873 38993 
256 1285 gi|3 39874 40245 
258 1145 gi|3 39875 40245 
260 531 gi|3 39901 40245 
262 539 gi|3 39911 40236 
1653 254 gi|30 5118 5216 
1539 252 gi|30 5723 5789 
2067 18124 gi|30 12999 15250 
2198 20850 gi|30 13007 15250 
2200 561 gi|30 14716 15091 
2202 251 gi|30 23607 23686 
2059 3385 gi|30 25882 26601 
1083 394 gi|30 26533 26603 
45 394 gi|30 26533 26603 
2204 375 gi|30 26533 26602 
21 345 gi|30 26557 26618 
1095 294 gi|30 26557 26601 
2206 313 gi|30 26557 26601 
587 293 gi|30 26560 26601 
2051 322 gi|30 26563 26610 
557 738 gi|30 30216 30546 
131 1085 gi|30 30248 30901 
633 637 gi|30 30248 30861 
2208 1018 gi|30 30251 30942 
767 365 gi|30 30257 30418 
2210 392 gi|30 30268 30850 
163 263 gi|30 30439 30547 
651 409 gi|30 30465 30922 
769 263 gi|30 30766 30861 
631 300 gi|30 31973 32316 
149 679 gi|30 31997 32729 
2212 845 gi|30 32056 32698 
645 277 gi|30 32056 32346 
2214 477 gi|30 32069 32724 
139 270 gi|30 32070 32311 
1973 252 gi|30 32186 32313 
1679 341 gi|30 32187 32724 
2216 282 gi|30 32216 32329 
2218 278 gi|30 32217 32319 
771 305 gi|30 32542 32634 
2220 283 gi|30 32599 32657 
2222 385 gi|30 34801 35110 
2007 267 gi|30 34962 35071 
847 2034 gi|30 35351 35656 
849 1962 gi|30 35651 35903 
2224 278 gi|30 35878 35923 
991 256 gi|30 35879 35923 
2226 266 gi|30 35880 35923 
1841 45501 gi|31 1 4808 
1843 398 gi|31 250 374 
1611 1111 gi|31 1441 2449 
2228 1180 gi|31 1562 2446 
2230 454 gi|31 1562 2254 
1849 41552 gi|31 4798 9183 
1229 732 gi|31 6926 7021 
2103 343 gi|31 7245 7484 
1885 277 gi|31 7357 7476 
1355 30196 gi|31 9126 12425 
1013 47864 gi|31 9137 14544 
2232 48612 gi|31 9170 14422 
2234 48037 gi|31 9184 14422 
2236 29670 gi|31 9216 12425 
1155 525 gi|31 12365 12425 
1025 270 gi|31 12400 12474 
1111 258 gi|31 12431 12474 
1391 258 gi|31 12431 12474 
2238 262 gi|31 12431 12474 
2240 262 gi|31 12431 12474 
2242 262 gi|31 12431 12474 
2244 17381 gi|31 12432 14533 
1377 17806 gi|31 12432 14418 
1107 17449 gi|31 12432 14351 
1039 250 gi|31 14183 14222 
2248 258 gi|31 14183 14222 
2250 258 gi|31 14183 14222 
1125 287 gi|31 14183 14221 
1379 287 gi|31 14183 14221 
2246 281 gi|31 14183 14221 
1159 242277 gi|31 14427 40245 
2252 339 gi|31 15960 16079 
2254 576 gi|31 17082 17518 
2256 539 gi|31 17099 17446 
1813 464 gi|31 17101 17432 
2258 439 gi|31 17101 17432 
2071 272 gi|31 20487 20576 
2260 2000 gi|31 26261 27752 
2101 299 gi|31 26526 26625 
2262 261 gi|31 30792 30874 
447 483 gi|31 31147 31295 
1785 271 gi|31 31230 31333 
1191 1202 gi|31 31251 31754 
1335 335 gi|31 31256 31333 
1307 416 gi|31 31259 31375 
1805 260 gi|31 31288 31333 
2264 267 gi|31 31288 31333 
1331 381 gi|31 31314 31435 
449 430 gi|31 31344 31397 
1309 389 gi|31 31361 31493 
1787 260 gi|31 31390 31435 
1807 260 gi|31 31390 31435 
2266 267 gi|31 31390 31435 
1211 333 gi|31 31398 31970 
2268 257 gi|31 31472 31536 
1267 298 gi|31 31570 32049 
1265 311 gi|31 31656 32050 
1269 833 gi|31 31753 32017 
1201 329 gi|31 31768 32258 
1239 318 gi|31 31780 31923 
2270 258 gi|31 31817 31895 
2272 800 gi|31 31896 32081 
1321 335 gi|31 31906 32086 
2274 299 gi|31 31906 32045 
1279 851 gi|31 31973 32082 
1235 250 gi|31 32058 32158 
2276 427 gi|31 32185 32256 
1851 732 gi|31 32511 32608 
1317 326 gi|31 32516 32922 
1225 254 gi|31 32520 32622 
1257 404 gi|31 32556 33721 
1213 298 gi|31 32578 32712 
2278 315 gi|31 32599 33015 
1135 743 gi|31 32602 32683 
1371 743 gi|31 32602 32683 
2280 718 gi|31 32602 32683 
1285 528 gi|31 32607 33470 
1273 538 gi|31 32608 33584 
1341 283 gi|31 32608 32785 
1281 1135 gi|31 32619 33543 
1291 365 gi|31 32620 33325 
1299 363 gi|31 32620 33213 
1325 343 gi|31 32620 33034 
1237 391 gi|31 32633 33796 
2282 380 gi|31 32684 32837 
1315 503 gi|31 32685 33108 
2284 334 gi|31 32685 32780 
1207 342 gi|31 32689 33108 
1205 325 gi|31 32690 33218 
1209 822 gi|31 32703 32989 
2286 257 gi|31 32769 32844 
1311 513 gi|31 32776 33288 
2288 470 gi|31 32859 33288 
1223 854 gi|31 32860 32971 
1249 1155 gi|31 32871 33796 
2290 927 gi|31 32872 33291 
1245 545 gi|31 32944 33802 
2292 317 gi|31 32944 33024 
1131 318 gi|31 32944 33023 
1373 318 gi|31 32944 33023 
1405 259 gi|31 33042 33120 
1253 360 gi|31 33044 33754 
1139 292 gi|31 33044 33100 
1375 292 gi|31 33044 33100 
2294 276 gi|31 33044 33100 
2296 1254 gi|31 33138 33551 
2298 919 gi|31 33151 33542 
1255 341 gi|31 33233 33802 
1801 308 gi|31 33305 33413 
2300 316 gi|31 33305 33413 
1781 303 gi|31 33305 33396 
1193 385 gi|31 33308 33427 
1183 415 gi|31 33308 33422 
1275 498 gi|31 33322 33795 
2302 285 gi|31 33392 33478 
1261 504 gi|31 33400 33805 
1233 324 gi|31 33400 33790 
2304 436 gi|31 33404 33796 
2306 544 gi|31 33410 33802 
1219 335 gi|31 33410 33588 
1251 367 gi|31 33412 33824 
2308 371 gi|31 33489 33721 
1151 277 gi|31 33492 33542 
1369 277 gi|31 33492 33542 
2310 283 gi|31 33492 33542 
1189 386 gi|31 33527 33639 
1783 370 gi|31 33559 33645 
1181 347 gi|31 33565 33639 
1803 363 gi|31 33573 33643 
2312 346 gi|31 33573 33643 
1247 276 gi|31 33654 33831 
1403 376 gi|31 33654 33728 
2314 753 gi|31 33660 33802 
2318 284 gi|31 33666 33807 
2316 433 gi|31 33666 33795 
1145 413 gi|31 33727 33805 
1365 413 gi|31 33727 33805 
2320 422 gi|31 33727 33805 
2374 257 gi|32 5 366 
1621 250 gi|32 3617 3766 
1943 820 gi|32 5817 6886 
75 269 gi|32 5833 5953 
1945 466 gi|32 5834 6058 
2013 690 gi|32 5847 6495 
537 290 gi|32 5861 6022 
2011 269 gi|32 5914 6033 
1593 282 gi|32 6329 6467 
2015 317 gi|32 6365 6465 
1963 264 gi|32 6616 6810 
1941 611 gi|32 6638 6968 
1469 268 gi|32 6669 6858 
2009 261 gi|32 6748 6896 
929 257 gi|32 18646 18821 
2083 268 gi|32 23003 23087 
2075 281 gi|32 23007 23075 
2376 294 gi|32 25467 25649 
737 1429 gi|32 27205 27540 
1069 256 gi|32 39856 40035 
1877 875 gi|33 2003 2851 
1829 821 gi|33 2004 2851 
2326 763 gi|33 2004 2851 
421 833 gi|33 2004 2851 
119 815 gi|33 2004 2401 
2322 781 gi|33 2004 2401 
2324 790 gi|33 2004 2401 
121 287 gi|33 2629 2851 
2328 287 gi|33 2629 2851 
2330 287 gi|33 2629 2851 
1831 285 gi|33 3436 3658 
1879 325 gi|33 3436 3658 
2332 295 gi|33 3436 3658 
2334 284 gi|33 3436 3658 
2336 284 gi|33 3436 3658 
423 286 gi|33 3436 3658 
123 276 gi|33 3443 3658 
2338 48149 gi|33 3807 9122 
1357 30363 gi|33 3854 7123 
1011 48151 gi|33 3867 9271 
2233 48612 gi|33 3867 9120 
1153 499 gi|33 7063 7123 
1023 270 gi|33 7098 7172 
1109 258 gi|33 7129 7172 
1395 258 gi|33 7129 7172 
2249 258 gi|33 7129 7172 
2340 262 gi|33 7129 7172 
1381 17725 gi|33 7130 9116 
1105 17368 gi|33 7130 9049 
1035 250 gi|33 8881 8920 
2239 262 gi|33 8881 8920 
2342 258 gi|33 8881 8920 
1121 287 gi|33 8881 8919 
1383 287 gi|33 8881 8919 
2344 323 gi|33 9289 9502 
1277 470 gi|33 12493 12916 
2289 470 gi|33 12493 12916 
1217 800 gi|33 12497 12674 
2273 800 gi|33 12497 12674 
1345 753 gi|33 12503 12647 
2315 753 gi|33 12503 12647 
1323 544 gi|33 12507 12921 
2307 544 gi|33 12507 12921 
1297 919 gi|33 12507 12916 
2299 919 gi|33 12507 12916 
1241 315 gi|33 12556 12995 
2279 315 gi|33 12556 12995 
1147 406 gi|33 12568 12648 
1363 406 gi|33 12568 12648 
1295 1254 gi|33 12571 13001 
2297 1254 gi|33 12571 13001 
1319 436 gi|33 12576 12993 
2305 436 gi|33 12576 12993 
1283 927 gi|33 12586 12995 
2291 927 gi|33 12586 12995 
1347 433 gi|33 12586 12716 
2317 433 gi|33 12586 12716 
1349 284 gi|33 12661 12833 
2319 284 gi|33 12661 12833 
1259 380 gi|33 12757 12917 
2283 380 gi|33 12757 12917 
2346 265 gi|33 12758 12842 
1221 299 gi|33 12768 12923 
2275 299 gi|33 12768 12923 
1327 371 gi|33 12771 12993 
2309 371 gi|33 12771 12993 
1143 250 gi|33 12853 12926 
1367 250 gi|33 12853 12926 
1407 257 gi|33 12942 12993 
1361 49641 gi|33 13003 18459 
1047 29784 gi|33 13003 16210 
2237 29670 gi|33 13003 16210 
2348 29646 gi|33 13007 16210 
1101 20140 gi|33 16149 18405 
1351 422 gi|33 16226 16304 
2321 422 gi|33 16226 16304 
1329 283 gi|33 16244 16294 
2311 283 gi|33 16244 16294 
1243 718 gi|33 16364 16445 
2281 718 gi|33 16364 16445 
1287 317 gi|33 16369 16449 
2293 317 gi|33 16369 16449 
1293 276 gi|33 16382 16439 
2295 276 gi|33 16382 16439 
2245 17381 gi|33 16456 18564 
1015 17279 gi|33 16456 18474 
2350 17258 gi|33 16456 18443 
1029 281 gi|33 16456 16498 
1117 281 gi|33 16456 16498 
1393 281 gi|33 16456 16498 
2247 281 gi|33 16456 16498 
2352 287 gi|33 16456 16498 
1037 250 gi|33 18207 18246 
2241 262 gi|33 18207 18246 
2354 258 gi|33 18207 18246 
1123 287 gi|33 18207 18245 
1385 287 gi|33 18207 18245 
2356 405 gi|33 19041 19260 
1969 594 gi|33 20592 20825 
1907 524 gi|33 20629 20983 
1471 482 gi|33 20649 20834 
883 544 gi|33 20649 20834 
333 285 gi|33 20685 20856 
977 453 gi|33 20697 20875 
363 254 gi|33 20708 20806 
2171 386 gi|33 20719 20830 
2358 389 gi|33 20721 20990 
217 555 gi|33 20722 20983 
2217 282 gi|33 20722 20837 
1605 290 gi|33 20723 20885 
2360 283 gi|33 20723 20869 
719 325 gi|33 20724 20905 
501 278 gi|33 20724 20858 
2362 254 gi|33 20724 20824 
2364 524 gi|33 20727 21036 
1697 363 gi|33 20727 20863 
699 336 gi|33 20727 20831 
279 311 gi|33 20728 20822 
823 437 gi|33 20728 20819 
2023 286 gi|33 20742 20836 
179 276 gi|33 20773 20819 
2221 283 gi|33 21105 21163 
673 11706 gi|33 23905 25171 
2366 11700 gi|33 23925 25186 
2368 11270 gi|33 23926 25186 
603 10967 gi|33 23928 25171 
1063 11310 gi|33 23933 25174 
895 251 gi|33 25135 25188 
2370 333 gi|33 31866 32002 
1767 300 gi|33 31886 31990 
1773 310 gi|33 32438 32579 
1933 412 gi|33 32445 32723 
1545 369 gi|33 32520 32641 
2069 503 gi|33 34363 34778 
2201 561 gi|33 34363 34741 
2372 554 gi|33 34363 34741 
2087 292 gi|33 35175 35433 
763 250 gi|33 36231 36319 
831 2609 gi|33 38399 39460 
833 2478 gi|33 38457 39490 
539 270 gi|34 2534 2701 
2378 1822 gi|34 5204 6587 
2380 251 gi|34 8129 8276 
2382 293 gi|34 15611 15820 
2384 368 gi|34 17707 18112 
2386 512 gi|34 17716 18048 
1411 1115 gi|34 17814 18431 
749 406 gi|34 17823 18043 
395 549 gi|34 17864 18312 
523 415 gi|34 17879 18423 
387 464 gi|34 19285 19870 
527 363 gi|34 19653 19869 
1419 276 gi|34 19736 19855 
1173 2029 gi|34 20561 22070 
2261 2000 gi|34 20561 22070 
2388 281 gi|34 23233 23373 
2117 1091 gi|34 24636 25178 
1719 1232 gi|34 24700 25178 
463 1089 gi|34 24702 25185 
1571 1062 gi|34 24732 25178 
2125 1277 gi|34 24768 25178 
2195 894 gi|34 24849 25197 
2390 744 gi|34 24858 25217 
1755 541 gi|34 24858 25179 
2133 781 gi|34 24859 25186 
1639 574 gi|34 24870 25179 
2107 812 gi|34 24977 25178 
1643 457 gi|34 25155 25450 
1729 634 gi|34 25160 25537 
2119 850 gi|34 25160 25474 
2127 891 gi|34 25160 25474 
2191 492 gi|34 25165 25461 
479 321 gi|34 25167 25257 
2392 267 gi|34 25172 25437 
1579 844 gi|34 25174 25536 
2135 366 gi|34 25178 25483 
2109 484 gi|34 25350 25486 
2129 784 gi|34 25408 26003 
1733 1058 gi|34 25427 26038 
1647 358 gi|34 25446 25800 
2111 739 gi|34 25453 25989 
2187 395 gi|34 25460 25989 
1583 536 gi|34 25469 25984 
2121 711 gi|34 25517 26007 
483 491 gi|34 25665 25976 
2139 303 gi|34 25696 25985 
85 279 gi|34 26000 26121 
1735 316 gi|34 26007 26121 
1203 257 gi|34 26049 26118 
2269 257 gi|34 26049 26118 
1227 427 gi|34 26123 26194 
2277 427 gi|34 26123 26194 
955 1092 gi|34 30151 30845 
1071 270 gi|34 31202 31451 
1789 421 gi|35 1207 1436 
1791 251 gi|35 2667 2732 
573 11940 gi|35 7099 8466 
2394 285 gi|35 10486 10664 
601 10919 gi|35 11622 12894 
899 280 gi|35 11635 11682 
2369 11270 gi|35 11636 12896 
675 11254 gi|35 11640 12896 
1065 11322 gi|35 11645 12884 
2396 11238 gi|35 11646 12884 
2033 710 gi|35 13116 14095 
2398 1410 gi|35 13140 13762 
577 2225 gi|35 14074 14836 
579 561 gi|35 15471 16056 
1073 252 gi|35 16226 16368 
2400 259 gi|35 16298 16365 
2402 294 gi|35 16778 17169 
2404 462 gi|35 17845 18194 
2406 411 gi|35 26114 26717 
927 592 gi|35 26278 26682 
777 339 gi|35 26812 27467 
775 383 gi|35 27793 28075 
773 328 gi|35 28813 29080 
2408 332 gi|35 32795 32864 
1075 252 gi|35 33151 33194 
2065 18143 gi|35 34609 36850 
2199 20850 gi|35 34611 36853 
2373 554 gi|35 34769 35144 
1861 483 gi|35 36966 37270 
17 1882 gi|36 145 365 
1591 276 gi|36 6957 7136 
2428 299 gi|36 6964 7143 
1707 257 gi|36 6964 7142 
1693 265 gi|36 6966 7142 
1603 252 gi|36 7041 7142 
175 272 gi|36 7049 7158 
639 260 gi|36 7050 7142 
1161 339 gi|36 7376 7496 
2253 339 gi|36 7376 7496 
1919 304 gi|36 7384 7481 
2395 285 gi|36 7575 7749 
1669 319 gi|36 8276 8363 
543 293 gi|36 8292 8385 
1661 259 gi|36 10114 10235 
531 516 gi|36 14851 15061 
383 403 gi|36 14888 15529 
1417 340 gi|36 14922 15179 
1415 284 gi|36 15345 15532 
2430 437 gi|36 15978 16566 
1409 719 gi|36 15986 16688 
525 366 gi|36 16312 16478 
747 338 gi|36 16351 16622 
2387 512 gi|36 16378 16705 
629 878 gi|36 16760 17515 
2209 1018 gi|36 16838 17529 
133 872 gi|36 16844 17122 
765 367 gi|36 16844 17008 
561 778 gi|36 16845 17130 
151 309 gi|36 16857 17300 
643 256 gi|36 16861 17169 
2215 477 gi|36 16884 17536 
143 597 gi|36 17291 17555 
147 482 gi|36 18649 19342 
553 552 gi|36 18681 19008 
2211 392 gi|36 18713 19295 
637 463 gi|36 18717 19106 
2213 845 gi|36 18729 19368 
647 656 gi|36 18735 19164 
989 320 gi|36 18755 18988 
1971 310 gi|36 18756 18986 
783 312 gi|36 18761 19005 
141 352 gi|36 18763 19125 
1453 481 gi|36 18769 18993 
879 319 gi|36 18792 19021 
231 292 gi|36 18844 18986 
1915 270 gi|36 18894 19013 
2432 286 gi|36 18894 18988 
1897 271 gi|36 18900 19052 
2027 293 gi|36 18902 18988 
1057 255 gi|36 22116 22439 
735 296 gi|36 22348 22461 
2167 323 gi|36 27924 28444 
1953 963 gi|36 30872 31626 
2434 333 gi|36 31077 31405 
2436 335 gi|36 31540 31753 
1163 576 gi|36 32149 32589 
2255 576 gi|36 32149 32589 
2055 260 gi|36 34705 34746 
2409 332 gi|36 34714 34779 
213 400 gi|36 34901 35445 
1689 291 gi|36 35005 35241 
1701 343 gi|36 35029 35240 
1523 284 gi|36 35033 35254 
981 364 gi|36 35039 35285 
715 275 gi|36 35052 35251 
853 360 gi|36 35053 35307 
889 371 gi|36 35060 35239 
1465 376 gi|36 35060 35238 
2438 302 gi|36 35065 35396 
2359 389 gi|36 35136 35403 
2177 364 gi|36 35143 35242 
799 436 gi|36 35144 35648 
281 295 gi|36 35144 35243 
1917 351 gi|36 35156 35539 
1967 263 gi|36 35156 35261 
1899 264 gi|36 35158 35264 
2440 446 gi|36 35169 35442 
1607 270 gi|36 35194 35283 
2357 405 gi|36 37066 37283 
2037 325 gi|36 38349 38547 
1759 324 gi|37 1807 1967 
1987 551 gi|37 9590 10098 
2091 1155 gi|37 10388 11307 
2410 1370 gi|37 10398 10808 
1991 920 gi|37 10496 11146 
2019 827 gi|37 10556 11146 
257 1285 gi|37 10811 11182 
2077 251 gi|37 11659 11825 
2412 1117 gi|37 11877 12259 
2021 651 gi|37 12101 12599 
2097 807 gi|37 12125 12587 
1993 916 gi|37 12128 12599 
259 1145 gi|37 12268 12638 
2079 274 gi|37 13002 13227 
2085 336 gi|37 13070 13249 
2081 273 gi|37 13186 13238 
755 2407 gi|37 16478 17291 
1891 282 gi|37 16691 17104 
1489 658 gi|37 18732 19159 
1165 539 gi|37 22628 22979 
2257 539 gi|37 22628 22979 
1811 983 gi|37 22634 24566 
2414 1009 gi|37 22634 24566 
2145 2149 gi|37 25374 26930 
2147 677 gi|37 25381 26004 
2151 285 gi|37 26352 26693 
425 2100 gi|37 27628 27962 
2416 2074 gi|37 27662 27926 
2418 2074 gi|37 27663 27962 
1833 2007 gi|37 27664 27926 
2420 2018 gi|37 27664 27926 
1881 2083 gi|37 27666 27926 
125 2001 gi|37 27667 27926 
1503 384 gi|37 27936 28215 
875 277 gi|37 27936 28184 
1699 295 gi|37 27962 28196 
1457 294 gi|37 28000 28229 
57 258 gi|37 28001 28119 
761 293 gi|37 33724 33849 
2424 252 gi|37 36529 36629 
1995 289 gi|37 36529 36616 
939 296 gi|37 36529 36612 
2426 276 gi|37 36529 36577 
1007 289 gi|37 36529 36575 
1563 289 gi|37 36529 36575 
2422 289 gi|37 36529 36575 
925 289 gi|37 36529 36575 
617 697 gi|37 38254 38479 
1929 784 gi|37 38255 38479 
1927 9617 gi|37 38496 39699 
621 1774 gi|37 38754 38975 
615 4918 gi|37 39053 39681 
2460 673 gi|38 6574 6804 
1951 299 gi|38 8267 8484 
1955 272 gi|38 8506 8595 
2435 333 gi|38 8507 8850 
407 918 gi|38 8860 8989 
2462 891 gi|38 8873 8989 
115 922 gi|38 8874 8989 
1825 930 gi|38 8874 8989 
1873 930 gi|38 8874 8989 
2464 940 gi|38 8874 8989 
2367 11700 gi|38 8974 10236 
1061 11318 gi|38 8981 10251 
677 11657 gi|38 8982 10240 
605 10982 gi|38 8982 10235 
2397 11238 gi|38 8982 10220 
897 268 gi|38 10184 10220 
117 22911 gi|38 10221 12809 
2466 22344 gi|38 10221 12806 
419 22136 gi|38 10221 12804 
1827 22111 gi|38 10221 12803 
2468 22127 gi|38 10221 12803 
1875 22146 gi|38 10221 12801 
2325 790 gi|38 10525 10926 
2331 287 gi|38 11138 11357 
2335 284 gi|38 11838 12069 
2419 2074 gi|38 12515 12806 
1957 306 gi|38 12795 13057 
2437 335 gi|38 12906 13139 
2345 323 gi|38 13569 13785 
2470 757 gi|38 15358 16291 
1093 376 gi|38 16879 16988 
2053 447 gi|38 16900 16988 
25 14826 gi|38 16904 18548 
2205 375 gi|38 16904 16966 
1087 14796 gi|38 16905 18579 
31 367 gi|38 16905 16988 
2061 358 gi|38 16905 16966 
597 266 gi|38 16905 16939 
2057 13054 gi|38 16929 18547 
1089 356 gi|38 18463 18547 
39 385 gi|38 18463 18547 
2207 313 gi|38 18502 18547 
2063 354 gi|38 18510 18575 
589 291 gi|38 18512 18547 
843 676 gi|38 20932 21036 
1981 299 gi|38 21745 21828 
5 754 gi|38 21746 21881 
951 11577 gi|38 22453 23728 
995 11596 gi|38 22453 23727 
911 11594 gi|38 22453 23726 
2472 1115 gi|38 22453 22596 
2474 10251 gi|38 22582 23727 
2225 278 gi|38 23692 23735 
285 320 gi|38 23795 23918 
2073 260 gi|38 24327 24405 
2165 365 gi|38 26853 26961 
1657 2875 gi|38 31647 33584 
901 3823 gi|38 31731 33326 
663 253 gi|38 32808 32896 
2476 369 gi|38 33425 33578 
1587 266 gi|38 33944 34089 
1935 482 gi|38 34317 34525 
1937 596 gi|38 34635 35276 
2041 328 gi|38 35315 35646 
2377 294 gi|38 37362 37556 
1505 303 gi|38 38627 38897 
1665 466 gi|38 38632 38850 
1535 585 gi|38 38653 38825 
1533 284 gi|38 39266 39436 
627 2637 gi|39 22 1119 
1737 1522 gi|39 183 1120 
569 281 gi|39 5851 5993 
2478 262 gi|39 6097 6317 
845 377 gi|39 10047 10656 
753 587 gi|39 14650 15179 
757 491 gi|39 14775 15206 
1859 389 gi|39 22031 22258 
967 618 gi|39 25991 26597 
1965 340 gi|39 25996 26347 
2157 363 gi|39 25997 26616 
2480 451 gi|39 26037 26436 
1685 405 gi|39 26037 26309 
1599 344 gi|39 26067 26438 
507 487 gi|39 26103 26299 
1519 421 gi|39 26105 26613 
1911 417 gi|39 26117 26659 
2429 299 gi|39 26118 26297 
2169 348 gi|39 26186 26668 
2025 324 gi|39 26193 26299 
215 602 gi|39 26200 26511 
2361 283 gi|39 26200 26352 
167 259 gi|39 26200 26306 
2219 278 gi|39 26200 26301 
891 384 gi|39 26200 26299 
2482 520 gi|39 26202 26467 
705 303 gi|39 26204 26308 
723 257 gi|39 26204 26302 
2433 286 gi|39 26204 26298 
369 261 gi|39 26220 26378 
2441 446 gi|39 26227 26517 
2484 297 gi|39 27190 27458 
793 342 gi|39 29559 29757 
795 274 gi|39 29605 29755 
851 267 gi|39 29991 30066 
1487 263 gi|39 30349 30421 
2427 276 gi|39 30589 30638 
913 4346 gi|39 30591 31122 
949 4302 gi|39 30591 31122 
997 4329 gi|39 30591 31122 
1561 2227 gi|39 30591 30872 
2001 2227 gi|39 30591 30872 
2486 2213 gi|39 30591 30872 
2488 2188 gi|39 30591 30872 
2031 269 gi|39 30606 30656 
2473 1115 gi|39 30979 31122 
1663 250 gi|39 32320 32388 
445 699 gi|39 39788 40092 
0 1371 gi|4 1397 1935 
2 802 gi|4 1940 2269 
4 754 gi|4 2331 2449 
6 17038 gi|4 3935 5866 
8 312 gi|4 8501 8768 
10 5625 gi|4 15785 19246 
12 258 gi|4 23170 23250 
14 259 gi|4 26193 26513 
16 1882 gi|4 26797 27017 
289 1552 gi|4 27045 27373 
18 358 gi|4 27363 27435 
20 345 gi|4 32223 32281 
22 14922 gi|4 32235 33880 
24 14826 gi|4 32235 33879 
26 323 gi|4 32235 32273 
32 13146 gi|4 32236 33903 
28 342 gi|4 32236 32320 
30 367 gi|4 32236 32320 
34 296 gi|4 32236 32271 
36 360 gi|4 33795 33878 
38 385 gi|4 33795 33878 
40 431 gi|4 33795 33878 
44 394 gi|4 33817 33880 
42 358 gi|4 33817 33878 
46 275 gi|4 33844 33878 
48 1495 gi|4 34997 37135 
50 583 gi|4 35012 35555 
52 252 gi|4 35296 35421 
54 259 gi|4 35335 35458 
56 258 gi|4 35343 35461 
58 924 gi|4 36550 37130 
343 268 gi|4 36569 36709 
60 257 gi|4 36595 36650 
62 273 gi|4 36621 36671 
64 305 gi|4 36874 37131 
66 277 gi|4 36920 37045 
68 314 gi|4 37464 37912 
70 256 gi|4 37646 37931 
72 267 gi|4 37764 37913 
74 269 gi|4 37817 37931 
76 436 gi|4 39267 39670 
78 296 gi|4 39276 39415 
80 477 gi|4 39278 39571 
82 321 gi|4 39278 39547 
1839 1127 gi|40 3801 4940 
2442 1002 gi|40 3801 4940 
2485 297 gi|40 7243 7506 
1387 17531 gi|40 9822 11924 
2339 48149 gi|40 9932 15240 
1017 47510 gi|40 9933 15173 
2235 48037 gi|40 9934 15173 
2351 17258 gi|40 9935 11924 
1103 17401 gi|40 9994 11924 
1041 250 gi|40 10134 10173 
2243 262 gi|40 10134 10173 
2341 262 gi|40 10134 10173 
1127 287 gi|40 10135 10173 
1389 287 gi|40 10135 10173 
2353 287 gi|40 10135 10173 
1027 270 gi|40 11882 11956 
1113 258 gi|40 11882 11925 
1397 258 gi|40 11882 11925 
2251 258 gi|40 11882 11925 
2343 258 gi|40 11882 11925 
2355 258 gi|40 11882 11925 
1359 29983 gi|40 11931 15178 
2349 29646 gi|40 11931 15135 
1157 499 gi|40 11931 11991 
567 259 gi|40 18546 18631 
1055 252 gi|40 18957 19027 
2417 2074 gi|40 22116 22380 
2467 22344 gi|40 22117 24652 
1871 22520 gi|40 22118 24750 
1823 22677 gi|40 22118 24747 
2444 22707 gi|40 22118 24747 
409 22598 gi|40 22123 24748 
113 23444 gi|40 22123 24747 
2333 295 gi|40 22823 23054 
2329 287 gi|40 23516 23735 
2323 781 gi|40 23947 24348 
2463 891 gi|40 24633 24748 
435 467 gi|40 29440 29586 
953 10174 gi|40 31412 32595 
2227 266 gi|40 31437 31485 
909 10289 gi|40 31440 32595 
993 10159 gi|40 31442 32595 
2475 10251 gi|40 31450 32595 
187 575 gi|40 33266 34096 
1435 257 gi|40 34682 34889 
1925 460 gi|40 34942 35231 
2153 250 gi|41 3428 3561 
2446 250 gi|41 4997 5108 
2448 266 gi|41 6316 6452 
2450 313 gi|41 13879 14235 
2452 251 gi|41 14579 14753 
2454 390 gi|41 14637 14773 
1215 258 gi|41 16393 16474 
2271 258 gi|41 16393 16474 
1271 257 gi|41 16398 16475 
2287 257 gi|41 16398 16475 
1863 5732 gi|41 18611 19865 
2381 251 gi|41 19850 19996 
2379 1822 gi|41 22702 24090 
2456 275 gi|41 24138 24297 
1931 697 gi|41 31466 32093 
2458 265 gi|41 35768 36208 
1677 404 gi|41 35773 36006 
2477 369 gi|41 39991 40144 
1659 410 gi|41 40049 40138 
2431 437 gi|42 439 1004 
393 789 gi|42 525 983 
1413 538 gi|42 526 1040 
2385 368 gi|42 757 1158 
521 365 gi|42 768 1002 
751 338 gi|42 799 905 
377 552 gi|42 2682 2923 
923 257 gi|42 7278 7354 
315 250 gi|42 7587 7652 
2403 294 gi|42 17861 18273 
2405 462 gi|42 18952 19290 
2407 411 gi|42 19953 20546 
1939 253 gi|42 21214 21331 
829 262 gi|42 22729 22814 
1799 285 gi|42 32164 32275 
2498 273 gi|42 32164 32275 
1079 985 gi|42 32170 32333 
7 17038 gi|42 32465 34428 
905 417 gi|42 36180 36416 
1883 564 gi|43 601 1358 
2500 265 gi|43 4084 4213 
2502 287 gi|43 10433 10868 
1675 516 gi|43 10478 10867 
2459 265 gi|43 10497 10910 
2504 276 gi|43 10502 10899 
1177 261 gi|43 12717 12811 
2263 261 gi|43 12717 12811 
1865 305 gi|43 12726 13054 
1673 585 gi|43 24015 24443 
93 250 gi|43 27353 27485 
89 279 gi|43 27698 27918 
15 259 gi|43 29748 30058 
2183 1824 gi|43 31668 33348 
2123 1976 gi|43 31673 33395 
2115 1618 gi|43 31673 33333 
2131 1024 gi|43 31711 32528 
465 1332 gi|43 31743 33333 
1549 310 gi|43 31776 32024 
1725 1681 gi|43 31871 33394 
1575 1495 gi|43 31880 33192 
1637 1743 gi|43 31880 32859 
1753 1090 gi|43 31880 32563 
2391 744 gi|43 31948 32308 
2105 602 gi|43 32046 32388 
307 271 gi|43 32262 32381 
2393 267 gi|43 32376 32665 
2137 419 gi|43 32815 33237 
2113 481 gi|43 32991 33396 
2035 397 gi|43 34048 34916 
2399 1410 gi|43 34295 34914 
2003 430 gi|43 34445 34830 
2223 385 gi|43 34452 34758 
1765 272 gi|43 37433 37612 
253 260 gi|43 38036 38313 
1769 387 gi|43 38094 38330 
2506 328 gi|43 38183 38313 
2043 273 gi|43 39159 39256 
2039 712 gi|43 39475 40245 
689 2489 gi|44 14 1710 
1467 338 gi|44 56 498 
871 276 gi|44 110 597 
505 272 gi|44 287 415 
985 409 gi|44 293 498 
229 254 gi|44 303 598 
815 331 gi|44 306 498 
2173 370 gi|44 315 415 
839 288 gi|44 392 498 
341 343 gi|44 879 1173 
2141 272 gi|44 889 1065 
195 389 gi|44 928 1467 
961 266 gi|44 1000 1566 
2161 274 gi|44 1146 1641 
1909 438 gi|44 1177 1554 
717 640 gi|44 1192 1554 
2481 451 gi|44 1232 1634 
1447 287 gi|44 1288 1689 
2175 329 gi|44 1367 1615 
1527 271 gi|44 1368 1550 
2363 254 gi|44 1370 1470 
517 332 gi|44 1375 1467 
1617 1886 gi|44 2293 3450 
1619 1560 gi|44 3673 4753 
375 330 gi|44 5647 5786 
1761 254 gi|44 11675 11762 
401 253 gi|44 11820 11870 
59 924 gi|44 16431 17014 
2045 844 gi|44 16455 17036 
2047 289 gi|44 16481 17013 
609 395 gi|44 18088 18192 
611 2035 gi|44 18309 19641 
2449 266 gi|44 19462 19609 
941 2604 gi|44 21549 21847 
1555 2668 gi|44 21549 21844 
915 2652 gi|44 21549 21842 
1003 2641 gi|44 21549 21835 
1999 2641 gi|44 21549 21835 
2487 2213 gi|44 21549 21830 
2423 289 gi|44 21783 21830 
1979 396 gi|44 21932 22479 
671 349 gi|44 22239 22482 
1901 396 gi|44 22412 22526 
861 921 gi|44 22675 23939 
1687 290 gi|44 22779 23059 
1455 553 gi|44 22823 23873 
497 548 gi|44 22835 23389 
1961 567 gi|44 22835 23234 
1905 950 gi|44 22841 23997 
191 609 gi|44 22841 23470 
2439 302 gi|44 22885 23213 
2483 520 gi|44 22952 23214 
975 402 gi|44 22952 23126 
2365 524 gi|44 22954 23275 
701 280 gi|44 22954 23048 
817 332 gi|44 22955 23061 
1977 250 gi|44 23634 23728 
239 302 gi|44 23654 24135 
2197 7257 gi|44 25368 26693 
2490 319 gi|44 28378 28950 
1615 547 gi|44 28412 29255 
1847 454 gi|44 28549 29253 
2231 454 gi|44 28549 29253 
1511 268 gi|44 32433 32474 
1667 251 gi|44 32990 33156 
547 262 gi|44 33021 33163 
1509 298 gi|44 33075 33179 
2425 252 gi|44 33793 33880 
1997 2618 gi|44 33801 34114 
937 2678 gi|44 33804 34114 
1557 2633 gi|44 33817 34114 
917 2624 gi|44 33821 34114 
2029 253 gi|44 33821 33898 
1005 2617 gi|44 33829 34114 
2489 2188 gi|44 33833 34114 
2501 265 gi|44 39559 39692 
1313 285 gi|45 6350 6435 
2303 285 gi|45 6350 6435 
1263 334 gi|45 6358 6454 
2285 334 gi|45 6358 6454 
2347 265 gi|45 6358 6441 
1763 527 gi|45 9494 10182 
2371 333 gi|45 10032 10165 
251 284 gi|45 10677 11061 
2507 328 gi|45 10852 10982 
1775 272 gi|45 10876 10986 
733 251 gi|45 10995 11097 
2492 280 gi|45 12788 12863 
1889 252 gi|45 15780 15910 
2401 259 gi|45 19375 19445 
1483 1467 gi|45 19988 20694 
185 257 gi|45 24162 24223 
2494 592 gi|45 28486 29436 
2451 313 gi|45 28540 28904 
2455 390 gi|45 29315 29448 
2143 315 gi|45 30679 30836 
265 897 gi|45 34877 35733 
2447 250 gi|45 36996 37086 
2089 420 gi|46 65 484 
1923 423 gi|46 1717 1873 
1553 301 gi|46 9382 9526 
1609 5768 gi|46 9746 11117 
1845 1180 gi|46 9830 10717 
2229 1180 gi|46 9830 10717 
2491 319 gi|46 10130 10702 
2471 757 gi|46 11942 12884 
825 251 gi|46 14026 14090 
2461 673 gi|46 14352 14580 
1797 406 gi|46 15503 15622 
1795 447 gi|46 15609 15728 
1793 228590 gi|46 15716 40245 
2499 273 gi|46 18794 18897 
1303 316 gi|46 18839 18945 
2301 316 gi|46 18839 18945 
1777 993 gi|46 18844 18994 
1339 346 gi|46 18868 18942 
2313 346 gi|46 18868 18942 
1187 267 gi|46 18872 18917 
1197 267 gi|46 18872 18917 
2265 267 gi|46 18872 18917 
2267 267 gi|46 18872 18917 
2496 274 gi|46 20672 21061 
2415 1009 gi|46 22771 24738 
1169 439 gi|46 24407 24738 
2259 439 gi|46 24407 24738 
727 488 gi|46 25298 25704 
1983 628 gi|46 26539 27190 
1985 381 gi|46 27403 27554 
1869 22789 gi|46 28078 30745 
109 22974 gi|46 28087 30740 
2445 22707 gi|46 28088 30743 
411 23195 gi|46 28088 30742 
2465 940 gi|46 28088 28202 
2469 22127 gi|46 28183 30742 
2327 763 gi|46 28488 29307 
2337 284 gi|46 29769 30000 
2421 2018 gi|46 30481 30743 
2149 323 gi|46 33432 33571 
2155 267 gi|46 33459 33571 
2443 1002 gi|46 37359 38552 
1887 373 gi|47 805 905 
2493 280 gi|47 841 916 
1433 280 gi|47 4431 4674 
1431 322 gi|47 4837 5070 
437 515 gi|47 13749 14265 
2457 275 gi|47 14213 14369 
1809 274 gi|47 18662 19055 
2497 274 gi|47 18662 19055 
319 372 gi|47 20006 20292 
2383 293 gi|47 21249 21451 
2203 251 gi|47 24944 25015 
2049 365 gi|47 25268 25718 
2375 257 gi|47 25354 25715 
1857 257 gi|47 30119 30222 
2495 592 gi|47 31072 32025 
2453 251 gi|47 31077 31244 
1491 262 gi|47 31137 31345 
1481 259 gi|47 32663 32747 
2099 516 gi|48 2 151 
2411 1370 gi|48 3 413 
2017 428 gi|48 4 401 
1989 325 gi|48 6 317 
2413 1117 gi|48 10 391 
1975 254 gi|48 4748 4812 
2503 287 gi|48 10537 10990 
1671 279 gi|48 10629 10985 
2505 276 gi|48 19436 19786 
2389 281 gi|48 34317 34478 
2479 262 gi|48 38699 38932 
440 375 gi|5 5304 5664 
442 313 gi|5 5445 5538 
444 699 gi|5 5809 6114 
446 483 gi|5 7548 7693 
450 483 gi|5 7548 7693 
448 430 gi|5 7548 7598 
452 430 gi|5 7548 7598 
454 2655 gi|5 7979 9452 
456 3129 gi|5 8004 9580 
458 1328 gi|5 8006 8830 
460 1652 gi|5 8010 9572 
462 1089 gi|5 8012 8545 
464 1332 gi|5 8013 9567 
466 3014 gi|5 8048 9559 
468 422 gi|5 8048 8277 
470 2609 gi|5 8052 9562 
472 2521 gi|5 8058 9598 
474 2149 gi|5 8129 9563 
476 986 gi|5 8329 8654 
303 513 gi|5 8499 8646 
478 321 gi|5 8638 8728 
480 791 gi|5 9170 9580 
482 491 gi|5 9241 9558 
484 384 gi|5 10043 10172 
486 419 gi|5 10323 10528 
101 265 gi|5 10410 10576 
488 321 gi|5 14568 15114 
490 539 gi|5 14638 15199 
189 581 gi|5 14644 15199 
492 828 gi|5 14660 15390 
494 558 gi|5 14705 15199 
496 548 gi|5 14749 15312 
498 275 gi|5 14886 15206 
337 256 gi|5 15064 15185 
500 278 gi|5 15065 15199 
502 319 gi|5 15078 15200 
504 272 gi|5 15079 15196 
169 277 gi|5 15100 15199 
271 282 gi|5 15100 15198 
506 487 gi|5 15101 15291 
508 343 gi|5 15101 15199 
510 273 gi|5 15102 15198 
514 263 gi|5 15104 15206 
516 332 gi|5 15104 15196 
512 277 gi|5 15104 15195 
518 601 gi|5 16246 16536 
520 365 gi|5 16291 16528 
522 415 gi|5 16305 16813 
397 279 gi|5 16309 16557 
524 366 gi|5 16380 16555 
526 363 gi|5 18160 18373 
528 427 gi|5 18165 18465 
381 424 gi|5 18233 18463 
530 516 gi|5 18245 18461 
532 259 gi|5 19219 19434 
536 290 gi|5 19253 19414 
534 259 gi|5 19253 19340 
538 270 gi|5 22846 22997 
540 269 gi|5 22925 22975 
542 293 gi|5 23915 24009 
544 320 gi|5 24506 24734 
546 262 gi|5 24516 24658 
548 333 gi|5 24552 24710 
550 268 gi|5 25660 25967 
552 552 gi|5 25674 26014 
155 381 gi|5 25676 25952 
554 276 gi|5 25688 25866 
556 738 gi|5 25690 26013 
558 555 gi|5 25690 25976 
560 778 gi|5 25691 25976 
129 751 gi|5 25699 25988 
562 566 gi|5 25815 26014 
11 5625 gi|5 26884 30353 
564 348 gi|5 32374 32473 
566 259 gi|5 37378 37454 
568 281 gi|5 38431 38577 
570 251 gi|5 38700 38817 
726 488 gi|6 4441 4847 
728 488 gi|6 4441 4847 
95 606 gi|6 9669 10121 
730 363 gi|6 12149 12442 
732 251 gi|6 12241 12337 
734 296 gi|6 16077 16189 
9 312 gi|6 16636 16913 
736 1429 gi|6 17615 17953 
738 314 gi|6 23622 23891 
740 250 gi|6 28739 28891 
183 352 gi|6 29642 29777 
742 336 gi|6 36710 37004 
744 426 gi|6 37117 37461 
746 338 gi|6 37188 37459 
748 406 gi|6 37213 37427 
399 363 gi|6 37250 37456 
750 338 gi|6 37344 37450 
628 878 gi|7 941 1686 
630 300 gi|7 967 1302 
632 637 gi|7 1006 1619 
135 566 gi|7 1015 1651 
634 516 gi|7 1015 1161 
559 555 gi|7 1016 1303 
157 357 gi|7 1042 1317 
636 463 gi|7 1048 1419 
638 260 gi|7 1207 1299 
640 255 gi|7 1594 1664 
551 268 gi|7 2829 3136 
642 256 gi|7 2836 3144 
137 418 gi|7 2836 3098 
644 277 gi|7 2843 3134 
646 656 gi|7 2852 3281 
648 436 gi|7 3011 3472 
650 409 gi|7 3027 3484 
652 258 gi|7 3028 3103 
658 253 gi|7 3030 3120 
656 253 gi|7 3030 3108 
654 314 gi|7 3030 3105 
660 255 gi|7 3384 3457 
662 253 gi|7 6388 6483 
664 259 gi|7 6398 6508 
666 1196 gi|7 7163 7875 
668 1247 gi|7 7173 7950 
670 349 gi|7 7558 7810 
672 11706 gi|7 15705 16984 
674 11254 gi|7 15733 16990 
676 11657 gi|7 15746 16997 
680 10979 gi|7 15746 16990 
678 11309 gi|7 15746 16984 
682 277 gi|7 16948 16987 
684 319 gi|7 34028 34136 
686 354 gi|7 35942 36391 
688 2489 gi|7 37012 38691 
690 345 gi|7 37132 37382 
692 291 gi|7 37252 37380 
694 343 gi|7 37262 37388 
696 271 gi|7 37268 37393 
515 263 gi|7 37276 37380 
702 346 gi|7 37288 37440 
698 336 gi|7 37288 37392 
704 303 gi|7 37288 37392 
700 280 gi|7 37288 37382 
706 519 gi|7 38141 38397 
708 326 gi|7 38171 38385 
710 299 gi|7 38173 38573 
219 303 gi|7 38174 38481 
712 368 gi|7 38196 38387 
714 275 gi|7 38200 38398 
716 640 gi|7 38203 38568 
499 275 gi|7 38278 38609 
718 325 gi|7 38287 38481 
720 340 gi|7 38290 38390 
722 257 gi|7 38290 38388 
724 398 gi|7 39172 39391 
572 11940 gi|8 901 2267 
565 348 gi|8 3148 3247 
574 776 gi|8 5345 6618 
576 2225 gi|8 15267 16027 
578 561 gi|8 16659 17207 
580 277 gi|8 17509 17688 
582 262 gi|8 17523 17596 
584 277 gi|8 19060 19120 
586 293 gi|8 19060 19099 
594 298 gi|8 19064 19154 
590 310 gi|8 19064 19103 
35 296 gi|8 19064 19099 
588 291 gi|8 19064 19099 
592 276 gi|8 19064 19099 
47 275 gi|8 19065 19099 
596 266 gi|8 19065 19099 
598 11063 gi|8 19535 20781 
600 10919 gi|8 19551 20804 
602 10967 gi|8 19559 20781 
604 10982 gi|8 19564 20796 
681 10979 gi|8 19564 20788 
606 277 gi|8 20745 20784 
608 395 gi|8 20882 20986 
610 2035 gi|8 21034 22432 
612 5204 gi|8 37379 38010 
614 4918 gi|8 37389 38009 
616 697 gi|8 37392 37633 
618 1787 gi|8 38007 38235 
620 1774 gi|8 38007 38235 
622 1335 gi|8 38210 38366 
624 1320 gi|8 38412 39539 
626 2637 gi|8 38440 39540 
900 3823 gi|9 1 1599 
902 2921 gi|9 18 1652 
665 259 gi|9 402 518 
313 252 gi|9 1448 1482 
904 417 gi|9 3845 4069 
906 15481 gi|9 5800 7494 
908 10289 gi|9 5810 6963 
910 11594 gi|9 5820 7092 
912 4346 gi|9 6949 7480 
918 2677 gi|9 7199 7498 
914 2652 gi|9 7199 7490 
920 2648 gi|9 7199 7490 
916 2624 gi|9 7199 7489 
922 257 gi|9 7414 7490 
924 289 gi|9 7433 7480 
743 336 gi|9 10033 10321 
926 592 gi|9 11648 12051 
433 4047 gi|9 12509 13352 
928 257 gi|9 18409 18617 
930 253 gi|9 20485 20569 
932 427 gi|9 22266 22659 
934 327 gi|9 28146 28381 
936 2678 gi|9 28892 29209 
938 296 gi|9 28892 28975 
940 2604 gi|9 28907 29209 
942 15356 gi|9 28921 30594 
944 2581 gi|9 28921 29209 
946 2576 gi|9 28924 29209 
948 4302 gi|9 28928 29459 
950 11577 gi|9 29316 30591 
952 10174 gi|9 29445 30636 
954 1092 gi|9 36941 37638 
