240 330 gi|1 2061 2203 
242 552 gi|1 4249 4505 
244 326 gi|1 5769 5910 
246 424 gi|1 8739 8972 
248 403 gi|1 8784 9419 
250 491 gi|1 8817 9042 
252 464 gi|1 8828 9416 
254 330 gi|1 9257 9462 
256 402 gi|1 10243 10997 
258 789 gi|1 10315 10806 
260 549 gi|1 10382 10818 
262 279 gi|1 10578 10799 
264 363 gi|1 10613 10816 
266 253 gi|1 17517 17567 
268 256 gi|1 19831 20012 
270 278 gi|1 23524 23642 
272 921 gi|1 27146 27275 
274 22598 gi|1 27167 29835 
282 22784 gi|1 27168 29847 
276 23195 gi|1 27168 29839 
278 23195 gi|1 27168 29839 
280 23020 gi|1 27168 29836 
284 22136 gi|1 27263 29839 
286 833 gi|1 27573 28405 
288 286 gi|1 28867 29097 
290 2100 gi|1 29551 29881 
292 2382 gi|1 34683 34978 
294 2396 gi|1 34685 34984 
296 257 gi|1 34916 34985 
298 4047 gi|1 35942 36777 
300 467 gi|1 38330 38476 
302 515 gi|1 38630 39136 
304 269 gi|1 39413 39597 
626 267 gi|10 7074 7258 
628 541 gi|10 12230 13117 
630 1328 gi|10 15389 15965 
632 262 gi|10 15421 15643 
469 272 gi|10 15438 15640 
634 255 gi|10 15495 15650 
636 364 gi|10 15501 15713 
933 267 gi|10 15546 15716 
638 279 gi|10 15546 15647 
883 286 gi|10 15547 15756 
640 271 gi|10 15554 15700 
642 264 gi|10 15562 15669 
644 453 gi|10 18973 19201 
646 687 gi|10 20298 20750 
648 396 gi|10 24435 24552 
650 315 gi|10 24684 24921 
652 865 gi|10 24712 25330 
925 1036 gi|10 24712 25246 
656 950 gi|10 24713 25815 
658 594 gi|10 24713 25276 
654 1225 gi|10 24713 25092 
39 500 gi|10 24716 25085 
660 330 gi|10 24735 24923 
664 417 gi|10 24742 25272 
662 438 gi|10 24742 25099 
417 252 gi|10 24745 24932 
666 387 gi|10 24746 25214 
668 294 gi|10 24746 24923 
873 332 gi|10 24779 24921 
670 299 gi|10 24793 24923 
672 392 gi|10 24806 25317 
674 343 gi|10 24823 24921 
676 393 gi|10 24824 24921 
678 270 gi|10 24826 24954 
680 337 gi|10 24828 24921 
682 351 gi|10 24839 25210 
684 304 gi|10 25190 25287 
686 281 gi|10 25350 25675 
495 273 gi|10 25500 25715 
688 423 gi|10 29411 29580 
690 460 gi|10 29475 29765 
692 1336 gi|10 38303 38459 
235 9623 gi|10 38496 39707 
694 1789 gi|10 38759 38983 
696 5206 gi|10 39060 39700 
233 779 gi|10 39436 39696 
629 541 gi|11 900 1795 
899 11019 gi|11 4338 5582 
698 11096 gi|11 4345 5589 
845 11100 gi|11 4353 5589 
549 11133 gi|11 4354 5588 
700 11080 gi|11 4354 5582 
702 11086 gi|11 4355 5584 
377 11074 gi|11 4355 5582 
704 327 gi|11 5546 5591 
489 343 gi|11 5654 6148 
706 519 gi|11 5670 6148 
915 340 gi|11 5674 6148 
708 375 gi|11 5710 6150 
710 285 gi|11 5745 6149 
712 770 gi|11 5748 6380 
714 376 gi|11 5769 5950 
716 254 gi|11 6056 6145 
718 309 gi|11 6059 6164 
720 324 gi|11 6069 6175 
889 281 gi|11 6069 6145 
722 293 gi|11 6070 6152 
724 262 gi|11 6072 6149 
726 253 gi|11 9865 10006 
728 253 gi|11 12750 12818 
730 254 gi|11 12772 12818 
732 254 gi|11 12772 12818 
734 269 gi|11 12772 12818 
736 254 gi|11 12772 12818 
738 710 gi|11 13087 14048 
740 397 gi|11 13109 13978 
742 265 gi|11 13188 13292 
744 337 gi|11 13278 13781 
746 325 gi|11 15056 15254 
748 712 gi|11 16475 17254 
750 300 gi|11 17757 17917 
752 328 gi|11 17793 18119 
754 335 gi|11 17850 18193 
756 273 gi|11 17985 18080 
758 844 gi|11 20088 20674 
760 578 gi|11 20104 20663 
762 1450 gi|11 20107 22234 
764 312 gi|11 21700 21961 
766 289 gi|11 21702 22210 
768 260 gi|11 21827 21910 
770 365 gi|11 23848 24301 
772 444 gi|11 27990 28429 
774 13174 gi|11 28413 30087 
776 447 gi|11 28484 28574 
577 317 gi|11 28484 28528 
778 431 gi|11 28489 28574 
780 260 gi|11 28489 28531 
782 13160 gi|11 28490 30135 
786 13054 gi|11 28490 30102 
784 441 gi|11 28490 28574 
788 286 gi|11 28490 28525 
561 3334 gi|11 30089 30801 
790 384 gi|11 30733 30833 
792 358 gi|11 30733 30801 
794 358 gi|11 30733 30801 
800 354 gi|11 30764 30831 
796 299 gi|11 30764 30804 
798 323 gi|11 30764 30802 
802 316 gi|11 30766 30805 
804 18143 gi|11 30821 33063 
555 18144 gi|11 30823 33074 
91 530 gi|11 30983 31395 
523 314 gi|11 38065 38357 
806 524 gi|11 38964 39168 
129 287 gi|11 40144 40212 
808 272 gi|11 40144 40212 
972 256 gi|12 184 312 
974 257 gi|12 6522 6629 
976 459 gi|12 15650 16499 
978 271 gi|12 16690 17136 
819 263 gi|12 18785 19111 
980 440 gi|12 19874 19950 
982 389 gi|12 23942 24168 
984 483 gi|12 27377 27681 
986 5732 gi|12 32663 33924 
393 260 gi|12 36778 36884 
970 2623 gi|13 1 281 
1022 265 gi|14 3428 3561 
1024 250 gi|14 4997 5108 
1026 266 gi|14 6316 6452 
1028 313 gi|14 13879 14235 
1030 251 gi|14 14579 14753 
1032 390 gi|14 14637 14773 
981 440 gi|14 16397 16474 
987 5732 gi|14 18611 19865 
1034 251 gi|14 19850 19996 
1036 1823 gi|14 22702 24090 
1038 275 gi|14 24138 24297 
1040 615 gi|14 31466 32093 
1042 255 gi|14 34928 34974 
1044 265 gi|14 35768 36208 
1046 408 gi|14 35773 36006 
1048 358 gi|14 39991 40144 
1050 416 gi|14 40049 40138 
1052 260 gi|15 5201 5280 
1054 455 gi|15 12728 13012 
1056 255 gi|15 12865 13016 
1058 281 gi|15 12935 13000 
155 254 gi|15 13703 13850 
165 287 gi|15 13821 14048 
1060 412 gi|15 13844 14263 
169 268 gi|15 14003 14052 
1062 268 gi|15 14154 14238 
1064 317 gi|15 14368 14643 
167 335 gi|15 14388 14558 
93 288 gi|15 14852 15138 
1066 420 gi|15 18860 19294 
145 1211 gi|15 19652 20552 
1068 1118 gi|15 19764 20642 
967 531 gi|15 19779 20126 
1070 683 gi|15 19788 20258 
161 853 gi|15 19807 20269 
1072 516 gi|15 20128 20277 
1074 299 gi|15 24029 24122 
133 286 gi|15 24029 24122 
113 335 gi|15 25716 25942 
381 335 gi|15 25716 25942 
1076 253 gi|15 27255 27361 
297 257 gi|15 27457 27525 
293 2382 gi|15 28609 28903 
295 2396 gi|15 29717 30016 
1078 1426 gi|15 30953 31319 
1080 688 gi|15 30983 31294 
1082 602 gi|15 31002 31333 
1086 999 gi|15 31010 31335 
1084 1309 gi|15 31010 31321 
1088 812 gi|15 31018 31219 
1090 1761 gi|15 31021 31329 
1092 594 gi|15 31061 31339 
1094 890 gi|15 31173 31325 
1096 484 gi|15 31300 31436 
1098 1827 gi|15 31310 32039 
1100 1157 gi|15 31312 32063 
1102 316 gi|15 31331 31796 
1104 1845 gi|15 31332 32034 
1106 739 gi|15 31515 32044 
1108 746 gi|15 31648 32048 
1110 481 gi|15 31721 32110 
1112 3915 gi|15 32267 33925 
1114 1618 gi|15 32279 33918 
1116 1091 gi|15 32279 32880 
1118 2671 gi|15 32315 33800 
1120 834 gi|15 32321 33713 
1122 5968 gi|15 32329 33918 
1124 5312 gi|15 32339 33971 
1126 1740 gi|15 32340 33920 
1128 836 gi|15 32834 32988 
1130 850 gi|15 32966 33296 
1132 711 gi|15 33444 33935 
1134 5455 gi|15 34163 35832 
1136 4002 gi|15 34165 35837 
1138 5792 gi|15 34170 35812 
1140 1976 gi|15 34172 35886 
1142 2067 gi|15 34236 35809 
1144 2937 gi|15 34286 35803 
1146 1277 gi|15 34316 34773 
1148 977 gi|15 34376 35148 
1150 872 gi|15 34727 34881 
1152 891 gi|15 34859 35189 
1154 784 gi|15 35241 35830 
1156 3206 gi|15 36013 37646 
1158 1024 gi|15 36073 36902 
1160 450 gi|15 36132 36384 
1162 2399 gi|15 36201 37680 
1164 2140 gi|15 36239 37694 
1166 2083 gi|15 36239 37672 
1168 1135 gi|15 36248 37367 
1170 1209 gi|15 36257 37018 
1172 781 gi|15 36326 36650 
1174 394 gi|15 36626 36754 
1176 366 gi|15 36756 37070 
1178 419 gi|15 37180 37590 
1180 303 gi|15 37385 37680 
1182 362 gi|15 38550 39017 
1184 272 gi|15 40078 40243 
1186 267 gi|15 40173 40243 
988 270 gi|16 12612 12840 
990 252 gi|16 19560 19706 
992 262 gi|16 19770 19863 
994 380 gi|16 24397 24610 
996 252 gi|16 25143 25188 
998 383 gi|16 25887 26274 
1000 679 gi|16 28027 28428 
815 280 gi|16 30936 31005 
1002 405 gi|16 31623 31712 
1004 985 gi|16 32851 33013 
323 288 gi|16 32863 33077 
791 384 gi|16 33074 33167 
1006 289 gi|16 33087 33147 
1008 14935 gi|16 33104 34748 
565 390 gi|16 33104 33167 
779 431 gi|16 33105 33188 
1012 14796 gi|16 33106 34780 
1010 356 gi|16 33106 33188 
1014 356 gi|16 33106 33188 
775 13174 gi|16 33149 34814 
1018 376 gi|16 34663 34773 
1016 338 gi|16 34663 34747 
571 288 gi|16 34702 34747 
797 299 gi|16 34710 34750 
1020 309 gi|16 34712 34808 
1041 615 gi|17 2792 3417 
1188 477 gi|17 7286 7900 
1190 295 gi|17 7958 8041 
1192 606 gi|17 8199 8506 
1194 409 gi|17 8279 8415 
83 402 gi|17 8282 8562 
503 291 gi|17 9537 10000 
1196 482 gi|17 10312 10523 
1198 596 gi|17 10781 11431 
1200 389 gi|17 13216 13355 
821 473 gi|17 13222 13342 
1202 422 gi|17 13224 13429 
1204 253 gi|17 15676 15806 
1206 314 gi|17 15898 15991 
1208 267 gi|17 20708 20790 
1210 274 gi|17 20755 20805 
1212 611 gi|17 21056 21390 
1214 820 gi|17 21086 22170 
1216 466 gi|17 21958 22182 
1218 268 gi|17 21968 22119 
1220 285 gi|17 22001 22181 
1222 299 gi|17 26433 26662 
1224 963 gi|17 26678 27443 
1226 272 gi|17 26882 26971 
1228 306 gi|17 27225 27514 
1230 570 gi|17 31842 32383 
1232 271 gi|17 31850 32362 
653 865 gi|17 31856 32494 
1234 574 gi|17 31868 32497 
913 1246 gi|17 31877 32677 
463 1079 gi|17 31897 32500 
1236 485 gi|17 31918 32460 
1238 771 gi|17 31945 32480 
1240 1624 gi|17 31954 32544 
1242 567 gi|17 32100 32499 
1244 350 gi|17 32193 32587 
1246 264 gi|17 32200 32406 
1248 269 gi|17 32204 32362 
875 282 gi|17 32242 32389 
1250 340 gi|17 32243 32588 
421 255 gi|17 32252 32337 
1252 263 gi|17 32256 32367 
1254 320 gi|17 32280 32442 
37 529 gi|17 32282 32518 
633 262 gi|17 32285 32510 
1256 307 gi|17 32285 32465 
1258 324 gi|17 32285 32439 
1260 268 gi|17 32286 32382 
1262 310 gi|17 32288 32527 
1264 281 gi|17 32293 32512 
1266 1162 gi|17 32753 33463 
1268 254 gi|17 32843 32908 
1270 539 gi|17 32954 34101 
953 449 gi|17 33601 34078 
687 281 gi|17 33770 34098 
1272 286 gi|17 34161 34766 
957 319 gi|17 34343 34635 
1274 250 gi|17 34549 34640 
1276 1275 gi|17 34868 35646 
1278 396 gi|17 35009 35568 
117 157276 gi|18 1 16966 
1280 339 gi|18 1534 1653 
1282 576 gi|18 2656 3092 
175 533 gi|18 2673 3020 
1284 439 gi|18 2675 3006 
329 464 gi|18 2675 3006 
809 272 gi|18 6061 6150 
1286 2029 gi|18 11857 13354 
1075 299 gi|18 12125 12224 
1288 261 gi|18 16507 16589 
137 2280 gi|18 17987 18236 
139 60529 gi|18 19537 25962 
971 2623 gi|18 25963 26244 
245 326 gi|18 34868 35019 
1290 277 gi|18 36443 36621 
1292 878 gi|19 941 1686 
599 279 gi|19 967 1302 
583 630 gi|19 1006 1619 
853 566 gi|19 1015 1651 
1294 516 gi|19 1015 1161 
1296 573 gi|19 1016 1303 
869 357 gi|19 1042 1317 
1298 463 gi|19 1048 1419 
1300 260 gi|19 1207 1299 
1187 267 gi|19 1594 1664 
1302 264 gi|19 2829 3136 
1304 256 gi|19 2836 3144 
855 418 gi|19 2836 3098 
605 270 gi|19 2843 3134 
1306 656 gi|19 2852 3281 
1308 436 gi|19 3011 3472 
595 418 gi|19 3027 3484 
1310 258 gi|19 3028 3103 
717 254 gi|19 3030 3120 
1312 253 gi|19 3030 3108 
491 307 gi|19 3030 3105 
1314 253 gi|19 6388 6483 
1316 259 gi|19 6398 6508 
1267 1162 gi|19 7163 7875 
1277 1275 gi|19 7173 7950 
1318 349 gi|19 7558 7810 
1043 255 gi|19 28992 29033 
1320 319 gi|19 34028 34136 
1183 362 gi|19 35942 36391 
1322 2489 gi|19 37012 38691 
1324 345 gi|19 37132 37382 
1326 291 gi|19 37252 37380 
1328 343 gi|19 37262 37388 
1330 287 gi|19 37276 37380 
487 338 gi|19 37288 37440 
1334 303 gi|19 37288 37392 
67 279 gi|19 37288 37392 
1332 280 gi|19 37288 37382 
1336 519 gi|19 38141 38397 
1338 326 gi|19 38171 38385 
1340 299 gi|19 38173 38573 
931 303 gi|19 38174 38481 
661 330 gi|19 38196 38387 
1342 275 gi|19 38200 38398 
1344 640 gi|19 38203 38568 
1346 310 gi|19 38278 38609 
1348 340 gi|19 38290 38390 
1350 257 gi|19 38290 38388 
995 380 gi|19 39172 39391 
100 45519 gi|2 1 4810 
102 398 gi|2 250 374 
104 1139 gi|2 1441 2449 
106 1180 gi|2 1562 2446 
108 454 gi|2 1562 2254 
110 41556 gi|2 4796 9183 
112 335 gi|2 7245 7484 
114 263 gi|2 7357 7476 
116 157276 gi|2 14427 31250 
118 339 gi|2 15960 16079 
120 576 gi|2 17082 17518 
122 539 gi|2 17099 17446 
124 439 gi|2 17101 17432 
126 439 gi|2 17101 17432 
128 287 gi|2 20487 20576 
130 2000 gi|2 26261 27752 
132 286 gi|2 26526 26625 
134 261 gi|2 30792 30874 
136 2280 gi|2 32271 32519 
138 60529 gi|2 33820 40245 
1352 305 gi|20 2093 2413 
1354 284 gi|20 2220 2296 
1356 529 gi|20 3076 3509 
1358 22789 gi|20 5967 8645 
337 22770 gi|20 5967 8645 
1360 22520 gi|20 5973 8642 
829 23023 gi|20 5973 8640 
283 22784 gi|20 5977 8649 
1362 933 gi|20 5977 6084 
1364 22146 gi|20 6072 8640 
1 800 gi|20 6374 7207 
19 319 gi|20 7669 7900 
195 2093 gi|20 8381 8641 
1366 564 gi|20 11446 12213 
1368 256 gi|20 14023 14200 
513 363 gi|20 14133 14429 
115 263 gi|20 14713 14825 
383 263 gi|20 14713 14825 
271 278 gi|20 14723 14830 
1370 373 gi|20 16360 16463 
1372 268 gi|20 20704 20843 
1374 330 gi|20 27782 28014 
1376 252 gi|20 28698 28811 
1378 266 gi|21 2534 2701 
1037 1823 gi|21 5204 6587 
1035 251 gi|21 8129 8276 
1380 293 gi|21 15611 15820 
1382 368 gi|21 17707 18112 
1384 512 gi|21 17716 18048 
399 1115 gi|21 17814 18431 
535 406 gi|21 17823 18043 
261 549 gi|21 17864 18312 
1386 390 gi|21 17879 18423 
253 464 gi|21 19285 19870 
1388 355 gi|21 19653 19869 
411 276 gi|21 19736 19855 
1287 2029 gi|21 20561 22070 
131 2000 gi|21 20561 22070 
1390 281 gi|21 23233 23373 
1117 1091 gi|21 24636 25178 
1392 1245 gi|21 24700 25178 
1394 1088 gi|21 24702 25185 
1396 1088 gi|21 24732 25178 
1147 1277 gi|21 24768 25178 
1398 917 gi|21 24849 25197 
1402 744 gi|21 24858 25217 
1400 569 gi|21 24858 25179 
1173 781 gi|21 24859 25186 
1404 604 gi|21 24870 25179 
1089 812 gi|21 24977 25178 
1406 432 gi|21 25155 25450 
1408 611 gi|21 25160 25537 
1131 850 gi|21 25160 25474 
1153 891 gi|21 25160 25474 
1410 487 gi|21 25165 25461 
1412 307 gi|21 25167 25257 
1414 267 gi|21 25172 25437 
1416 823 gi|21 25174 25536 
1177 366 gi|21 25178 25483 
1097 484 gi|21 25350 25486 
1155 784 gi|21 25408 26003 
1418 1066 gi|21 25427 26038 
1420 337 gi|21 25446 25800 
1107 739 gi|21 25453 25989 
1422 388 gi|21 25460 25989 
1424 526 gi|21 25469 25984 
1133 711 gi|21 25517 26007 
1426 490 gi|21 25665 25976 
1181 303 gi|21 25696 25985 
1428 1059 gi|21 30151 30845 
989 270 gi|21 31202 31451 
1430 11940 gi|22 901 2267 
1432 334 gi|22 3148 3247 
1434 776 gi|22 5345 6618 
1436 2225 gi|22 15267 16027 
1438 561 gi|22 16659 17207 
1291 277 gi|22 17509 17688 
1007 289 gi|22 19060 19120 
575 299 gi|22 19060 19099 
1021 309 gi|22 19064 19154 
803 316 gi|22 19064 19103 
1440 291 gi|22 19064 19099 
1442 291 gi|22 19064 19099 
789 286 gi|22 19064 19099 
1444 266 gi|22 19065 19099 
1446 266 gi|22 19065 19099 
1448 395 gi|22 20882 20986 
1450 2035 gi|22 21034 22432 
697 5206 gi|22 37379 38010 
239 4921 gi|22 37389 38009 
231 688 gi|22 37392 37633 
237 1776 gi|22 38007 38235 
695 1789 gi|22 38007 38235 
693 1336 gi|22 38210 38366 
1452 1320 gi|22 38412 39539 
1454 2637 gi|22 38440 39540 
1456 299 gi|23 2614 2699 
211 258 gi|23 13374 13466 
331 277 gi|23 13545 13645 
1458 628 gi|23 13791 14456 
333 586 gi|23 13791 14456 
1460 381 gi|23 14657 14808 
335 345 gi|23 14657 14808 
143 561 gi|23 15223 15729 
1462 325 gi|23 18484 18795 
149 910 gi|23 18486 19145 
163 955 gi|23 18661 19141 
1071 683 gi|23 18669 19145 
969 539 gi|23 18810 19144 
439 483 gi|23 21950 22181 
441 358 gi|23 22998 23238 
215 286 gi|23 23696 23781 
1464 2618 gi|23 23699 24015 
1466 2661 gi|23 23702 24015 
1468 2682 gi|23 23714 24015 
1470 2587 gi|23 23727 24015 
1472 2641 gi|23 23729 24015 
1474 2648 gi|23 23730 24015 
1476 2227 gi|23 23734 24015 
733 254 gi|23 23749 23799 
435 457 gi|23 25496 25766 
443 388 gi|23 26469 26699 
1478 430 gi|23 27287 27678 
745 337 gi|23 27373 27876 
617 260 gi|23 27398 27510 
437 583 gi|23 28449 28703 
1480 261 gi|23 36479 36630 
1482 269 gi|23 36504 36627 
1219 268 gi|23 36543 36694 
1484 690 gi|23 36880 37527 
1221 285 gi|23 37318 37513 
1486 317 gi|23 37867 37967 
1069 1118 gi|23 38551 39438 
1488 428 gi|23 38679 39060 
151 823 gi|23 38815 39414 
159 693 gi|23 38906 39410 
1490 367 gi|23 39765 39842 
1492 286 gi|23 39972 40135 
451 849 gi|24 177 874 
1540 536 gi|24 188 673 
659 594 gi|24 193 786 
1542 426 gi|24 194 753 
1544 266 gi|24 206 769 
921 740 gi|24 220 804 
1239 771 gi|24 220 772 
1546 784 gi|24 221 738 
1548 618 gi|24 259 913 
1550 1091 gi|24 311 789 
1552 266 gi|24 379 670 
1554 319 gi|24 400 808 
1556 350 gi|24 454 615 
1558 395 gi|24 487 771 
1560 402 gi|24 492 672 
47 466 gi|24 522 700 
637 364 gi|24 528 714 
1562 364 gi|24 534 777 
1564 254 gi|24 539 758 
1566 409 gi|24 544 753 
1337 519 gi|24 563 819 
719 309 gi|24 564 670 
1568 323 gi|24 575 841 
881 333 gi|24 575 673 
1325 345 gi|24 576 826 
1570 320 gi|24 576 821 
1572 293 gi|24 578 761 
1574 250 gi|24 578 672 
1467 2661 gi|24 3320 3636 
1576 2672 gi|24 3320 3613 
1578 2587 gi|24 3320 3608 
1582 2641 gi|24 3320 3606 
1580 2648 gi|24 3320 3605 
1584 2617 gi|24 3320 3605 
1586 2227 gi|24 3320 3601 
731 254 gi|24 3536 3586 
227 289 gi|24 3554 3601 
807 524 gi|24 4871 5075 
31 287 gi|24 6328 6470 
773 444 gi|24 11803 12237 
1588 252 gi|24 20267 20339 
1590 255 gi|24 25989 26261 
891 274 gi|24 29974 30060 
1003 405 gi|24 30013 30096 
1592 256 gi|24 37457 37633 
1494 673 gi|25 6574 6804 
1223 299 gi|25 8267 8484 
1227 272 gi|25 8506 8595 
1496 304 gi|25 8507 8850 
273 921 gi|25 8860 8981 
1498 883 gi|25 8873 8981 
1363 933 gi|25 8874 8981 
1500 933 gi|25 8874 8981 
343 933 gi|25 8874 8981 
835 925 gi|25 8874 8981 
837 22911 gi|25 10221 12809 
1502 22344 gi|25 10221 12806 
285 22136 gi|25 10221 12804 
1504 22127 gi|25 10221 12803 
345 22111 gi|25 10221 12803 
1365 22146 gi|25 10221 12801 
3 790 gi|25 10525 10926 
13 287 gi|25 11138 11357 
21 284 gi|25 11838 12069 
189 2074 gi|25 12515 12806 
1229 306 gi|25 12795 13057 
1506 356 gi|25 12906 13139 
33 323 gi|25 13569 13785 
1508 757 gi|25 15358 16291 
1019 376 gi|25 16879 16988 
777 447 gi|25 16900 16988 
1510 14823 gi|25 16904 18548 
567 375 gi|25 16904 16966 
1013 14796 gi|25 16905 18579 
1512 385 gi|25 16905 16988 
795 358 gi|25 16905 16966 
1447 266 gi|25 16905 16939 
787 13054 gi|25 16929 18547 
1015 356 gi|25 18463 18547 
1514 367 gi|25 18463 18547 
573 313 gi|25 18502 18547 
801 354 gi|25 18510 18575 
1443 291 gi|25 18512 18547 
1516 678 gi|25 20932 21036 
1457 299 gi|25 21745 21828 
1518 753 gi|25 21746 21881 
1520 326 gi|25 23795 23918 
1053 260 gi|25 24327 24405 
1522 346 gi|25 26853 26961 
1524 2831 gi|25 31647 33584 
1526 3827 gi|25 31731 33326 
1315 253 gi|25 32808 32896 
1049 358 gi|25 33425 33578 
1528 278 gi|25 33944 34089 
1197 482 gi|25 34317 34525 
1199 596 gi|25 34635 35276 
753 328 gi|25 35315 35646 
1530 305 gi|25 37362 37556 
1532 362 gi|25 38627 38897 
1534 483 gi|25 38632 38850 
1536 585 gi|25 38653 38825 
1538 276 gi|25 39266 39436 
1690 897 gi|26 556 1439 
631 1328 gi|26 4734 5321 
1692 284 gi|26 4903 5040 
1694 282 gi|26 4903 5001 
1696 255 gi|26 4903 5001 
1261 268 gi|26 4903 4999 
1575 250 gi|26 4903 4997 
887 321 gi|26 4904 5033 
1698 295 gi|26 4906 5005 
71 284 gi|26 4906 5000 
1700 270 gi|26 5184 5347 
1521 326 gi|26 6507 6629 
1493 286 gi|26 7921 8089 
1702 1552 gi|26 8952 9281 
1704 302 gi|26 13119 13271 
1175 394 gi|26 20594 20722 
1129 836 gi|26 20595 20749 
1151 872 gi|26 20595 20749 
1706 932 gi|26 20595 20749 
1710 513 gi|26 20595 20742 
1708 656 gi|26 20595 20741 
1712 447 gi|26 20596 20746 
1714 271 gi|26 20596 20724 
1095 890 gi|26 20597 20749 
1716 645 gi|26 20603 20749 
1718 252 gi|26 22485 22519 
1720 250 gi|26 23692 23759 
647 687 gi|26 27675 28127 
1722 372 gi|26 29602 29898 
1724 268 gi|26 32059 32206 
1726 342 gi|26 32511 32742 
1728 551 gi|26 33753 34224 
1730 279 gi|26 34661 34824 
1259 324 gi|26 34661 34815 
45 250 gi|26 34678 34849 
681 337 gi|26 34722 34815 
1732 256 gi|26 34731 34853 
709 375 gi|26 34734 35186 
769 260 gi|26 34735 34818 
1734 343 gi|26 34993 35265 
1736 268 gi|26 35030 35179 
1738 267 gi|26 35044 35164 
1740 273 gi|26 35056 35152 
1209 267 gi|26 35083 35165 
1742 334 gi|26 35085 35160 
1559 395 gi|26 35343 35638 
1744 282 gi|26 35354 35520 
1746 261 gi|26 35384 35522 
1748 281 gi|26 35418 35600 
935 256 gi|26 35438 35600 
1750 267 gi|26 35438 35524 
1752 261 gi|26 35460 35611 
1754 253 gi|26 35664 35935 
1756 250 gi|26 35859 35914 
1371 373 gi|27 805 905 
1758 278 gi|27 841 916 
431 280 gi|27 4431 4674 
429 322 gi|27 4837 5070 
303 515 gi|27 13749 14265 
1039 275 gi|27 14213 14369 
1760 352 gi|27 18662 19055 
327 274 gi|27 18662 19055 
1723 372 gi|27 20006 20292 
1381 293 gi|27 21249 21451 
559 251 gi|27 24944 25015 
771 365 gi|27 25268 25718 
1762 306 gi|27 25354 25715 
975 257 gi|27 30119 30222 
1764 636 gi|27 31072 32025 
1031 251 gi|27 31077 31244 
499 259 gi|27 32663 32747 
1594 587 gi|28 764 1275 
171 2130 gi|28 1666 2497 
1596 491 gi|28 12477 12893 
1598 282 gi|28 15925 16103 
645 453 gi|28 18462 18689 
213 285 gi|28 19257 19385 
95 251 gi|28 19661 19753 
1600 583 gi|28 19727 19928 
847 433 gi|28 19753 19924 
1602 367 gi|28 19766 19930 
587 371 gi|28 19766 19927 
1295 516 gi|28 19766 19912 
597 275 gi|28 19973 20067 
613 289 gi|28 19976 20068 
1604 328 gi|28 22182 22452 
1606 383 gi|28 23163 23453 
1608 339 gi|28 23782 24440 
477 317 gi|28 27477 27685 
1610 272 gi|28 27529 27765 
1612 260 gi|28 27531 27754 
1614 312 gi|28 27545 27792 
1255 320 gi|28 27553 27718 
1616 290 gi|28 27556 27661 
1573 293 gi|28 27561 27744 
1745 282 gi|28 27577 27743 
1618 342 gi|28 29435 29657 
1620 274 gi|28 29533 29681 
1622 305 gi|28 32099 32406 
1624 436 gi|28 32133 32643 
457 475 gi|28 32146 32777 
919 530 gi|28 32147 32643 
1237 485 gi|28 32179 32727 
1626 433 gi|28 32179 32643 
1543 426 gi|28 32180 32727 
1755 253 gi|28 32192 32467 
711 285 gi|28 32213 32629 
1628 302 gi|28 32216 32729 
667 387 gi|28 32241 32727 
1630 251 gi|28 32494 32628 
1632 331 gi|28 32535 32727 
1634 332 gi|28 32537 32643 
635 255 gi|28 32541 32681 
1636 290 gi|28 32549 32719 
1638 295 gi|28 32552 32643 
69 407 gi|28 32552 32643 
1311 258 gi|28 32552 32624 
1640 251 gi|28 33818 33895 
973 256 gi|28 34533 34645 
1057 255 gi|28 39039 39193 
1642 314 gi|28 39041 39180 
1455 2637 gi|29 22 1119 
1644 1621 gi|29 183 1120 
1646 298 gi|29 5851 5993 
1648 262 gi|29 6097 6317 
1650 375 gi|29 10047 10656 
1595 587 gi|29 14650 15179 
1597 491 gi|29 14775 15206 
983 389 gi|29 22031 22258 
1549 618 gi|29 25991 26597 
1251 340 gi|29 25996 26347 
1652 371 gi|29 25997 26616 
1654 451 gi|29 26037 26436 
1656 391 gi|29 26037 26309 
1658 382 gi|29 26067 26438 
1660 455 gi|29 26103 26299 
1662 383 gi|29 26105 26613 
665 417 gi|29 26117 26659 
1664 297 gi|29 26118 26297 
1666 354 gi|29 26186 26668 
721 324 gi|29 26193 26299 
929 602 gi|29 26200 26511 
55 283 gi|29 26200 26352 
877 259 gi|29 26200 26306 
611 278 gi|29 26200 26301 
1668 428 gi|29 26200 26299 
1670 520 gi|29 26202 26467 
1335 303 gi|29 26204 26308 
1351 257 gi|29 26204 26302 
1672 281 gi|29 26204 26298 
1753 261 gi|29 26220 26378 
1674 446 gi|29 26227 26517 
1676 297 gi|29 27190 27458 
1619 342 gi|29 29559 29757 
1621 274 gi|29 29605 29755 
505 263 gi|29 30349 30421 
229 276 gi|29 30589 30638 
1477 2227 gi|29 30591 30872 
1587 2227 gi|29 30591 30872 
1678 2213 gi|29 30591 30872 
1680 2188 gi|29 30591 30872 
1682 2213 gi|29 30591 30872 
1684 2213 gi|29 30591 30872 
1686 2172 gi|29 30591 30872 
735 269 gi|29 30606 30656 
1688 688 gi|29 39788 40092 
0 800 gi|3 2003 2851 
10 763 gi|3 2004 2851 
287 833 gi|3 2004 2851 
8 763 gi|3 2004 2851 
2 790 gi|3 2004 2401 
4 781 gi|3 2004 2401 
6 774 gi|3 2004 2401 
12 287 gi|3 2629 2851 
14 287 gi|3 2629 2851 
16 287 gi|3 2629 2851 
18 319 gi|3 3436 3658 
20 284 gi|3 3436 3658 
22 295 gi|3 3436 3658 
24 284 gi|3 3436 3658 
26 284 gi|3 3436 3658 
289 286 gi|3 3436 3658 
28 260 gi|3 3443 3658 
30 287 gi|3 9128 9271 
32 323 gi|3 9289 9502 
34 405 gi|3 19041 19260 
36 529 gi|3 20592 20825 
38 500 gi|3 20629 20983 
40 551 gi|3 20649 20834 
42 444 gi|3 20649 20834 
44 250 gi|3 20685 20856 
46 466 gi|3 20697 20875 
48 333 gi|3 20719 20830 
50 389 gi|3 20721 20990 
52 508 gi|3 20722 20983 
56 276 gi|3 20723 20885 
54 283 gi|3 20723 20869 
60 269 gi|3 20724 20858 
58 254 gi|3 20724 20824 
62 524 gi|3 20727 21036 
64 365 gi|3 20727 20863 
66 279 gi|3 20727 20831 
70 284 gi|3 20728 20822 
68 407 gi|3 20728 20819 
72 253 gi|3 20773 20819 
74 286 gi|3 21105 21163 
76 333 gi|3 31866 32002 
78 281 gi|3 31886 31990 
80 307 gi|3 32438 32579 
82 402 gi|3 32445 32723 
84 349 gi|3 32520 32641 
90 530 gi|3 34363 34778 
86 570 gi|3 34363 34741 
88 554 gi|3 34363 34741 
92 288 gi|3 35175 35433 
94 251 gi|3 36231 36319 
96 2547 gi|3 38399 39460 
98 2430 gi|3 38457 39490 
1367 564 gi|30 601 1358 
1838 265 gi|30 4084 4213 
1840 287 gi|30 10433 10868 
1842 487 gi|30 10478 10867 
1045 265 gi|30 10497 10910 
1844 276 gi|30 10502 10899 
1289 261 gi|30 12717 12811 
135 261 gi|30 12717 12811 
1353 305 gi|30 12726 13054 
1846 597 gi|30 24015 24443 
817 250 gi|30 27353 27485 
813 279 gi|30 27698 27918 
1848 272 gi|30 29748 30058 
1850 1896 gi|30 31668 33348 
1141 1976 gi|30 31673 33395 
1115 1618 gi|30 31673 33333 
1159 1024 gi|30 31711 32528 
1852 1279 gi|30 31743 33333 
1854 349 gi|30 31776 32024 
1856 1758 gi|30 31871 33394 
1862 1517 gi|30 31880 33192 
1858 1788 gi|30 31880 32859 
1860 1058 gi|30 31880 32563 
1403 744 gi|30 31948 32308 
1083 602 gi|30 32046 32388 
1715 271 gi|30 32262 32381 
1415 267 gi|30 32376 32665 
1179 419 gi|30 32815 33237 
1111 481 gi|30 32991 33396 
741 397 gi|30 34048 34916 
1864 1386 gi|30 34295 34914 
1479 430 gi|30 34445 34830 
615 385 gi|30 34452 34758 
1866 255 gi|30 36888 37072 
1868 252 gi|30 37433 37612 
963 260 gi|30 38036 38313 
1870 358 gi|30 38094 38330 
1872 328 gi|30 38183 38313 
757 273 gi|30 39159 39256 
749 712 gi|30 39475 40245 
1786 1869 gi|31 145 365 
1788 263 gi|31 2218 2273 
1790 321 gi|31 2222 2276 
1665 297 gi|31 6964 7143 
1792 261 gi|31 6964 7142 
1794 251 gi|31 6966 7142 
1796 258 gi|31 7041 7142 
209 257 gi|31 7042 7142 
1798 252 gi|31 7048 7142 
885 272 gi|31 7049 7158 
1301 260 gi|31 7050 7142 
119 339 gi|31 7376 7496 
1281 339 gi|31 7376 7496 
1800 275 gi|31 7381 7553 
685 304 gi|31 7384 7481 
1802 322 gi|31 8276 8363 
1804 306 gi|31 8292 8385 
1806 275 gi|31 10114 10235 
1808 533 gi|31 14851 15061 
249 403 gi|31 14888 15529 
407 340 gi|31 14922 15179 
405 284 gi|31 15345 15532 
1810 437 gi|31 15978 16566 
397 719 gi|31 15986 16688 
1812 360 gi|31 16312 16478 
533 338 gi|31 16351 16622 
1385 512 gi|31 16378 16705 
1293 878 gi|31 16760 17515 
585 1018 gi|31 16838 17529 
851 872 gi|31 16844 17122 
1603 367 gi|31 16844 17008 
1814 739 gi|31 16845 17130 
863 309 gi|31 16857 17300 
1305 256 gi|31 16861 17169 
607 477 gi|31 16884 17536 
859 597 gi|31 17291 17555 
861 482 gi|31 18649 19342 
1816 508 gi|31 18681 19008 
589 392 gi|31 18713 19295 
1299 463 gi|31 18717 19106 
603 845 gi|31 18729 19368 
1307 656 gi|31 18735 19164 
1571 320 gi|31 18755 18988 
1263 310 gi|31 18756 18986 
1615 312 gi|31 18761 19005 
857 352 gi|31 18763 19125 
459 481 gi|31 18769 18993 
1818 318 gi|31 18792 19021 
945 292 gi|31 18844 18986 
679 270 gi|31 18894 19013 
1673 281 gi|31 18894 18988 
641 271 gi|31 18900 19052 
723 293 gi|31 18902 18988 
1591 255 gi|31 22116 22439 
517 296 gi|31 22348 22461 
1820 333 gi|31 27924 28444 
1225 963 gi|31 30872 31626 
1497 304 gi|31 31077 31405 
1507 356 gi|31 31540 31753 
121 576 gi|31 32149 32589 
1283 576 gi|31 32149 32589 
781 260 gi|31 34705 34746 
1822 332 gi|31 34714 34779 
927 400 gi|31 34901 35445 
1824 309 gi|31 35005 35241 
1826 357 gi|31 35029 35240 
1563 364 gi|31 35039 35285 
1343 275 gi|31 35052 35251 
1828 365 gi|31 35053 35307 
1830 390 gi|31 35060 35239 
471 376 gi|31 35060 35238 
1832 302 gi|31 35065 35396 
51 389 gi|31 35136 35403 
1834 347 gi|31 35143 35242 
1625 436 gi|31 35144 35648 
1699 295 gi|31 35144 35243 
683 351 gi|31 35156 35539 
1253 263 gi|31 35156 35261 
643 264 gi|31 35158 35264 
1675 446 gi|31 35169 35442 
1836 285 gi|31 35194 35283 
35 405 gi|31 37066 37283 
747 325 gi|31 38349 38547 
1766 1002 gi|32 3801 4940 
357 1127 gi|32 3801 4940 
1768 273 gi|32 5044 5135 
1677 297 gi|32 7243 7506 
385 48037 gi|32 9934 15173 
387 262 gi|32 10134 10173 
389 258 gi|32 11882 11925 
1589 252 gi|32 18957 19027 
187 2074 gi|32 22116 22380 
1503 22344 gi|32 22117 24652 
1361 22520 gi|32 22118 24750 
1770 22707 gi|32 22118 24747 
341 22677 gi|32 22118 24747 
275 22598 gi|32 22123 24748 
833 23444 gi|32 22123 24747 
23 295 gi|32 22823 23054 
15 287 gi|32 23516 23735 
5 781 gi|32 23947 24348 
1499 883 gi|32 24640 24748 
301 467 gi|32 29440 29586 
625 266 gi|32 31437 31485 
1772 10151 gi|32 31442 32595 
1774 10126 gi|32 31442 32595 
903 575 gi|32 33266 34096 
433 257 gi|32 34682 34889 
691 460 gi|32 34942 35231 
1763 306 gi|33 5 366 
1215 820 gi|33 5817 6886 
1776 256 gi|33 5833 5953 
1217 466 gi|33 5834 6058 
1778 269 gi|33 5836 5951 
1485 690 gi|33 5847 6495 
1780 292 gi|33 5861 6022 
1483 269 gi|33 5914 6033 
1782 284 gi|33 6329 6467 
1487 317 gi|33 6365 6465 
1247 264 gi|33 6616 6810 
1213 611 gi|33 6638 6968 
475 268 gi|33 6669 6858 
1481 261 gi|33 6748 6896 
1784 262 gi|33 18646 18821 
1063 268 gi|33 23003 23087 
1059 281 gi|33 23007 23075 
1531 305 gi|33 25467 25649 
521 1429 gi|33 27205 27540 
1593 256 gi|33 39856 40035 
1067 420 gi|34 65 484 
689 423 gi|34 1717 1873 
375 11723 gi|34 3925 5210 
543 11704 gi|34 3957 5213 
1874 11743 gi|34 3958 5213 
895 11271 gi|34 3966 5210 
843 11671 gi|34 3970 5213 
1876 11663 gi|34 3970 5209 
701 11080 gi|34 3970 5209 
1878 302 gi|34 9382 9526 
1880 5669 gi|34 9746 11117 
107 1180 gi|34 9830 10717 
361 1180 gi|34 9830 10717 
1882 343 gi|34 10130 10702 
1509 757 gi|34 11942 12884 
1641 251 gi|34 14026 14090 
1495 673 gi|34 14352 14580 
315 771 gi|34 15429 15515 
311 1511 gi|34 15449 15622 
309 1552 gi|34 15555 15728 
307 232346 gi|34 15662 40245 
313 600 gi|34 15768 15834 
1884 343 gi|34 18568 18710 
351 282 gi|34 18585 18636 
1886 285 gi|34 18794 18897 
1888 318 gi|34 18930 18994 
1761 352 gi|34 20672 21061 
177 1009 gi|34 22771 24738 
127 439 gi|34 24407 24738 
1285 439 gi|34 24407 24738 
507 488 gi|34 25298 25704 
1459 628 gi|34 26539 27190 
1461 381 gi|34 27403 27554 
1359 22789 gi|34 28078 30745 
831 22974 gi|34 28087 30740 
1771 22707 gi|34 28088 30743 
277 23195 gi|34 28088 30742 
1501 933 gi|34 28088 28195 
1505 22127 gi|34 28183 30742 
9 763 gi|34 28488 29307 
25 284 gi|34 29769 30000 
191 2018 gi|34 30481 30743 
1890 312 gi|34 32309 32391 
1892 290 gi|34 32315 32391 
1077 253 gi|34 32327 32439 
319 279 gi|34 32330 32381 
1894 310 gi|34 33432 33571 
1896 265 gi|34 33459 33571 
1767 1002 gi|34 37359 38552 
755 335 gi|35 1742 2084 
751 300 gi|35 2117 2272 
1924 1545 gi|35 2206 3458 
1926 864 gi|35 2280 3814 
1928 1926 gi|35 2308 3894 
1930 1810 gi|35 2314 3902 
1127 1740 gi|35 2314 3894 
1143 2067 gi|35 2321 3890 
1932 1567 gi|35 2323 3893 
1169 1135 gi|35 2457 3564 
1859 1788 gi|35 2466 3430 
1405 604 gi|35 2546 2867 
1081 688 gi|35 2623 2929 
1321 319 gi|35 2884 2997 
1407 432 gi|35 2945 3246 
1103 316 gi|35 3179 3626 
1421 337 gi|35 3344 3686 
1373 268 gi|35 3610 3741 
1435 776 gi|35 3877 5168 
743 265 gi|35 5648 5767 
539 260 gi|35 6992 7085 
1934 260 gi|35 8623 8672 
1729 551 gi|35 9613 10087 
1727 342 gi|35 9890 10115 
1725 268 gi|35 10565 10714 
1936 257 gi|35 10831 10978 
1355 284 gi|35 10917 11000 
1938 319 gi|35 11445 11592 
1940 338 gi|35 11459 11607 
1885 343 gi|35 11539 11683 
317 343 gi|35 11539 11683 
1942 330 gi|35 11739 11862 
1944 294 gi|35 11742 11874 
1525 2831 gi|35 12937 14913 
1946 3061 gi|35 12956 14641 
1051 416 gi|35 14766 14855 
1807 275 gi|35 19639 19772 
1948 463 gi|35 23590 23759 
1950 307 gi|35 23594 23820 
1535 483 gi|35 23596 23811 
1952 454 gi|35 23602 23814 
1954 251 gi|35 23678 23844 
1803 322 gi|35 23923 24010 
1956 279 gi|35 25166 25511 
1847 597 gi|35 25205 25625 
1843 487 gi|35 25209 25602 
1047 408 gi|35 25231 25452 
1902 1371 gi|36 1397 1935 
1904 802 gi|36 1940 2269 
1519 753 gi|36 2331 2449 
1906 17038 gi|36 3935 5866 
519 291 gi|36 8501 8768 
1908 5625 gi|36 15785 19246 
1910 258 gi|36 23170 23250 
1849 272 gi|36 26193 26513 
1787 1869 gi|36 26797 27017 
1703 1552 gi|36 27045 27373 
1491 367 gi|36 27363 27435 
547 11738 gi|36 27507 28765 
841 11662 gi|36 27509 28754 
369 11672 gi|36 27510 28766 
1875 11743 gi|36 27510 28765 
893 11262 gi|36 27515 28778 
703 11086 gi|36 27515 28755 
1912 11653 gi|36 27515 28753 
1914 258 gi|36 28717 28777 
1945 294 gi|36 29926 30074 
1891 312 gi|36 29986 30071 
347 312 gi|36 29986 30071 
569 333 gi|36 32223 32281 
1009 14935 gi|36 32235 33880 
1511 14823 gi|36 32235 33879 
799 323 gi|36 32235 32273 
783 13160 gi|36 32236 33903 
1011 356 gi|36 32236 32320 
1513 385 gi|36 32236 32320 
1441 291 gi|36 32236 32271 
1017 338 gi|36 33795 33878 
1515 367 gi|36 33795 33878 
785 441 gi|36 33795 33878 
563 390 gi|36 33817 33880 
793 358 gi|36 33817 33878 
1445 266 gi|36 33844 33878 
763 1450 gi|36 34997 37135 
761 578 gi|36 35012 35555 
1631 251 gi|36 35296 35421 
1916 259 gi|36 35335 35458 
1918 924 gi|36 36550 37130 
1737 268 gi|36 36569 36709 
1920 257 gi|36 36595 36650 
1211 274 gi|36 36621 36671 
765 312 gi|36 36874 37131 
479 284 gi|36 36920 37045 
1939 319 gi|36 37127 37290 
1922 250 gi|36 37200 37302 
1893 290 gi|36 37225 37301 
349 290 gi|36 37225 37301 
419 288 gi|36 37464 37912 
1553 266 gi|36 37646 37931 
1249 269 gi|36 37764 37913 
1777 256 gi|36 37817 37931 
1061 412 gi|36 39267 39670 
1643 314 gi|36 39276 39415 
1055 455 gi|36 39278 39571 
1065 317 gi|36 39278 39547 
1073 516 gi|37 2 151 
147 1370 gi|37 3 413 
1489 428 gi|37 4 401 
1463 325 gi|37 6 317 
157 1117 gi|37 10 391 
839 11671 gi|37 483 1746 
699 11096 gi|37 484 1741 
1898 289 gi|37 484 527 
551 11687 gi|37 485 1773 
367 11675 gi|37 485 1752 
897 11248 gi|37 491 1736 
1877 11663 gi|37 491 1730 
1913 11653 gi|37 491 1729 
1900 255 gi|37 1995 2081 
1269 254 gi|37 4748 4812 
1841 287 gi|37 10537 10990 
1957 279 gi|37 10629 10985 
1845 276 gi|37 19436 19786 
1391 281 gi|37 34317 34478 
1649 262 gi|37 38699 38932 
1323 2489 gi|38 14 1710 
473 338 gi|38 56 498 
1984 392 gi|38 110 597 
1986 315 gi|38 287 415 
1567 409 gi|38 293 498 
943 254 gi|38 303 598 
1633 331 gi|38 306 498 
1988 384 gi|38 315 415 
1990 297 gi|38 392 498 
1735 343 gi|38 879 1173 
1185 272 gi|38 889 1065 
911 389 gi|38 928 1467 
1545 266 gi|38 1000 1566 
1992 353 gi|38 1146 1641 
663 438 gi|38 1177 1554 
1345 640 gi|38 1192 1554 
1655 451 gi|38 1232 1634 
445 287 gi|38 1288 1689 
1994 357 gi|38 1367 1615 
1996 279 gi|38 1368 1550 
59 254 gi|38 1370 1470 
1998 348 gi|38 1375 1467 
2000 1784 gi|38 2293 3450 
2002 1479 gi|38 3673 4753 
241 330 gi|38 5647 5786 
267 253 gi|38 11820 11870 
1919 924 gi|38 16431 17014 
759 844 gi|38 16455 17036 
767 289 gi|38 16481 17013 
1449 395 gi|38 18088 18192 
1451 2035 gi|38 18309 19641 
1027 266 gi|38 19462 19609 
1773 10151 gi|38 20162 21313 
2006 2614 gi|38 21549 21847 
2008 2666 gi|38 21549 21844 
2004 2651 gi|38 21549 21842 
1473 2641 gi|38 21549 21835 
1583 2641 gi|38 21549 21835 
1679 2213 gi|38 21549 21830 
221 289 gi|38 21783 21830 
1279 396 gi|38 21932 22479 
1319 349 gi|38 22239 22482 
649 396 gi|38 22412 22526 
2010 947 gi|38 22675 23939 
2012 257 gi|38 22772 23233 
2014 321 gi|38 22779 23059 
461 553 gi|38 22823 23873 
2016 521 gi|38 22835 23389 
1243 567 gi|38 22835 23234 
657 950 gi|38 22841 23997 
907 609 gi|38 22841 23470 
1833 302 gi|38 22885 23213 
1671 520 gi|38 22952 23214 
1561 402 gi|38 22952 23126 
63 524 gi|38 22954 23275 
1333 280 gi|38 22954 23048 
1635 332 gi|38 22955 23061 
1275 250 gi|38 23634 23728 
951 302 gi|38 23654 24135 
2018 7265 gi|38 25368 26693 
1883 343 gi|38 28378 28950 
2020 492 gi|38 28412 29255 
109 454 gi|38 28549 29253 
363 454 gi|38 28549 29253 
2022 250 gi|38 32425 32681 
2024 268 gi|38 32433 32474 
1955 251 gi|38 32990 33156 
2026 267 gi|38 33075 33179 
223 252 gi|38 33793 33880 
1465 2618 gi|38 33801 34114 
2028 2678 gi|38 33804 34114 
2030 2632 gi|38 33817 34114 
2032 2620 gi|38 33821 34114 
729 253 gi|38 33821 33898 
1585 2617 gi|38 33829 34114 
1681 2188 gi|38 33833 34114 
1775 10126 gi|38 34350 35502 
623 256 gi|38 35460 35506 
1789 263 gi|38 35486 35544 
1791 321 gi|38 35487 35547 
1839 265 gi|38 39559 39692 
2034 315 gi|39 1290 1453 
181 2283 gi|39 5295 6808 
183 703 gi|39 8129 8765 
1895 310 gi|39 8345 8484 
353 310 gi|39 8345 8484 
185 280 gi|39 9131 9460 
1023 265 gi|39 9991 10118 
1897 265 gi|39 10481 10593 
355 265 gi|39 10481 10593 
2036 323 gi|39 14478 15004 
483 314 gi|39 14550 15090 
2038 994 gi|39 14584 15433 
1653 371 gi|39 14686 15293 
2040 368 gi|39 14697 15250 
715 376 gi|39 14697 14878 
1993 353 gi|39 14779 15260 
2042 287 gi|39 14820 15260 
727 253 gi|39 15881 16022 
1523 346 gi|39 25582 25690 
1821 333 gi|39 25592 26117 
1357 529 gi|39 26345 26784 
1623 305 gi|39 28279 28581 
1235 574 gi|39 28298 28963 
909 259 gi|39 28304 28581 
673 392 gi|39 28313 28863 
1667 354 gi|39 28346 28861 
467 568 gi|39 28363 28959 
2044 270 gi|39 28365 28447 
1547 784 gi|39 28385 28911 
2046 626 gi|39 28409 28942 
937 419 gi|39 28689 28880 
2048 282 gi|39 28694 28789 
2050 340 gi|39 28717 28847 
1693 284 gi|39 28722 28845 
49 333 gi|39 28740 28851 
1995 357 gi|39 28743 29006 
1329 343 gi|39 28743 28869 
1349 340 gi|39 28743 28843 
1989 384 gi|39 28743 28843 
2052 266 gi|39 28744 28847 
1835 347 gi|39 28745 28843 
1617 290 gi|39 28746 28851 
1637 290 gi|39 28747 28909 
725 262 gi|39 28751 28828 
2054 3579 gi|39 30898 32579 
2056 3214 gi|39 30912 32583 
1101 1157 gi|39 30912 31654 
1137 4002 gi|39 30919 32581 
1851 1896 gi|39 30923 32592 
2058 3000 gi|39 30926 32514 
1931 1810 gi|39 30930 32515 
1113 3915 gi|39 30934 32598 
1423 388 gi|39 30939 31465 
1157 3206 gi|39 30980 32593 
2060 1274 gi|39 31151 32515 
1411 487 gi|39 31568 31883 
1079 1426 gi|39 31875 32232 
1717 645 gi|39 31875 32021 
1399 917 gi|39 31950 32307 
2062 360 gi|39 32222 32366 
2064 317 gi|39 34933 35299 
2019 7265 gi|39 36846 38159 
140 327 gi|4 1807 1967 
142 561 gi|4 9590 10098 
144 1211 gi|4 10388 11307 
146 1370 gi|4 10398 10808 
148 910 gi|4 10496 11146 
150 823 gi|4 10556 11146 
152 1270 gi|4 10811 11182 
154 254 gi|4 11659 11825 
156 1117 gi|4 11877 12259 
158 693 gi|4 12101 12599 
160 853 gi|4 12125 12587 
162 955 gi|4 12128 12599 
164 287 gi|4 13002 13227 
166 335 gi|4 13070 13249 
168 268 gi|4 13186 13238 
170 2130 gi|4 16478 17291 
172 712 gi|4 18732 19159 
123 539 gi|4 22628 22979 
174 533 gi|4 22628 22979 
176 1009 gi|4 22634 24566 
178 1009 gi|4 22634 24566 
180 2283 gi|4 25374 26930 
182 703 gi|4 25381 26004 
184 280 gi|4 26352 26693 
291 2100 gi|4 27628 27962 
186 2074 gi|4 27662 27926 
188 2074 gi|4 27663 27962 
190 2018 gi|4 27664 27926 
192 2018 gi|4 27664 27926 
194 2093 gi|4 27666 27926 
196 2014 gi|4 27667 27926 
198 425 gi|4 27936 28215 
200 327 gi|4 27936 28184 
202 251 gi|4 27948 28099 
204 327 gi|4 27962 28196 
206 304 gi|4 28000 28229 
208 257 gi|4 28003 28103 
210 258 gi|4 32117 32206 
212 285 gi|4 33724 33849 
222 252 gi|4 36529 36629 
214 286 gi|4 36529 36616 
216 295 gi|4 36529 36612 
228 276 gi|4 36529 36577 
218 289 gi|4 36529 36575 
220 289 gi|4 36529 36575 
224 289 gi|4 36529 36575 
226 289 gi|4 36529 36575 
230 688 gi|4 38254 38479 
232 779 gi|4 38255 38479 
234 9623 gi|4 38496 39699 
236 1776 gi|4 38754 38975 
238 4921 gi|4 39053 39681 
1958 262 gi|40 1266 1369 
1705 302 gi|40 1863 2009 
97 2547 gi|40 3916 4968 
99 2430 gi|40 5361 6384 
1937 257 gi|40 5854 6006 
1739 267 gi|40 6539 6659 
465 335 gi|40 6680 7105 
947 264 gi|40 6901 7072 
1991 297 gi|40 6969 7072 
1960 258 gi|40 13640 13722 
1517 678 gi|40 16220 16339 
1651 375 gi|40 16994 17600 
619 2054 gi|40 21847 22152 
269 256 gi|40 22645 22826 
621 1969 gi|40 22836 23083 
1829 365 gi|40 23468 23723 
1629 302 gi|40 23474 23987 
949 435 gi|40 26584 26871 
1271 539 gi|40 26711 27862 
447 1906 gi|40 27086 28624 
1273 286 gi|40 27259 27850 
955 434 gi|40 27402 27869 
2011 947 gi|40 27427 28686 
1962 734 gi|40 27894 28612 
707 519 gi|40 27912 28399 
917 2109 gi|40 27925 28643 
1627 433 gi|40 27970 28414 
1241 1624 gi|40 27989 28597 
2047 626 gi|40 28005 28511 
1551 1091 gi|40 28075 28531 
1964 380 gi|40 28118 28592 
1985 392 gi|40 28127 28594 
2043 287 gi|40 28146 28586 
655 1225 gi|40 28149 28528 
201 327 gi|40 28253 28501 
1966 381 gi|40 28287 28582 
1819 318 gi|40 28291 28523 
1968 332 gi|40 28306 28419 
41 551 gi|40 28308 28493 
1731 279 gi|40 28310 28474 
639 279 gi|40 28316 28417 
1313 253 gi|40 28318 28396 
1970 419 gi|40 28319 28556 
871 393 gi|40 28319 28529 
1831 390 gi|40 28319 28495 
1697 255 gi|40 28319 28417 
1339 326 gi|40 28320 28531 
1669 428 gi|40 28320 28419 
1327 291 gi|40 28323 28451 
1799 252 gi|40 28323 28417 
1751 267 gi|40 28335 28421 
1972 252 gi|40 37816 37912 
379 258 gi|40 38037 38100 
1915 258 gi|40 38037 38098 
545 283 gi|40 38037 38086 
705 327 gi|40 38037 38082 
1899 289 gi|40 38037 38080 
1903 1371 gi|40 38290 38829 
1905 802 gi|40 38654 38983 
1811 437 gi|41 439 1004 
259 789 gi|41 525 983 
403 538 gi|41 526 1040 
1383 368 gi|41 757 1158 
1974 323 gi|41 768 1002 
537 338 gi|41 799 905 
243 552 gi|41 2682 2923 
1721 250 gi|41 7587 7652 
1901 255 gi|41 14675 14763 
1976 267 gi|41 17861 18273 
1978 449 gi|41 18952 19290 
1980 429 gi|41 19953 20546 
1205 253 gi|41 21214 21331 
1959 262 gi|41 22729 22814 
1887 285 gi|41 32164 32275 
321 285 gi|41 32164 32275 
1005 985 gi|41 32170 32333 
1923 250 gi|41 32221 32331 
1907 17038 gi|41 32465 34428 
1982 427 gi|41 36180 36416 
1941 338 gi|42 6355 6507 
1943 330 gi|42 6358 6480 
2066 511 gi|42 9494 10182 
77 333 gi|42 10032 10165 
961 284 gi|42 10677 11061 
1873 328 gi|42 10852 10982 
2068 268 gi|42 10876 10986 
515 251 gi|42 10995 11097 
1759 278 gi|42 12788 12863 
1377 252 gi|42 15780 15910 
501 1467 gi|42 19988 20694 
901 257 gi|42 24162 24223 
1765 636 gi|42 28486 29436 
1029 313 gi|42 28540 28904 
1033 390 gi|42 29315 29448 
2035 315 gi|42 30679 30836 
1691 897 gi|42 34877 35733 
1025 250 gi|42 36996 37086 
1161 450 gi|43 2900 3155 
1855 349 gi|43 2913 3171 
2080 436 gi|43 2927 3171 
2082 423 gi|43 2929 3158 
2084 296 gi|43 3023 3155 
2063 360 gi|43 3028 3171 
1879 302 gi|43 3381 3510 
527 250 gi|43 4242 4392 
2009 2666 gi|43 4507 4806 
2031 2632 gi|43 4507 4806 
2086 2648 gi|43 4509 4806 
1475 2648 gi|43 4521 4806 
1581 2648 gi|43 4521 4806 
2088 2585 gi|43 4521 4806 
1683 2213 gi|43 4525 4806 
225 289 gi|43 4525 4572 
737 254 gi|43 4540 4590 
1917 259 gi|43 9984 10106 
1801 275 gi|43 10342 10509 
1743 334 gi|43 10343 10415 
1925 1545 gi|43 11167 12416 
2090 1201 gi|43 11174 12572 
1973 252 gi|43 11179 11282 
1139 5792 gi|43 11210 12842 
2055 3579 gi|43 11211 12878 
2092 4699 gi|43 11267 12909 
1123 5968 gi|43 11268 12841 
1397 1088 gi|43 11321 11812 
2094 2525 gi|43 11326 12837 
1163 2399 gi|43 11365 12838 
1863 1517 gi|43 11421 12706 
1085 1309 gi|43 11603 11911 
1709 656 gi|43 11774 11920 
1417 823 gi|43 11919 12287 
1099 1827 gi|43 12116 12843 
1425 526 gi|43 12301 12841 
827 261 gi|43 13945 14056 
1201 389 gi|43 13951 14092 
2096 253 gi|43 14403 14472 
1529 278 gi|43 14626 14778 
627 267 gi|43 17507 17704 
2098 250 gi|43 18371 18597 
1265 281 gi|43 18380 18598 
593 256 gi|43 18521 18634 
1783 284 gi|43 18876 19020 
2100 486 gi|43 19137 19643 
1245 350 gi|43 19170 19565 
2041 368 gi|43 19217 19796 
1659 382 gi|43 19244 19612 
415 366 gi|43 19302 19640 
671 299 gi|43 19351 19482 
1797 258 gi|43 19378 19476 
57 276 gi|43 19380 19545 
939 322 gi|43 19380 19520 
1969 332 gi|43 19380 19499 
1779 269 gi|43 19380 19498 
481 253 gi|43 19380 19479 
2102 367 gi|43 19382 19554 
1837 285 gi|43 19435 19519 
1701 270 gi|43 19690 19844 
1921 257 gi|43 19768 19823 
423 258 gi|43 20863 20962 
1881 5669 gi|43 21609 22976 
105 1139 gi|43 22009 23039 
359 1139 gi|43 22009 23039 
2021 492 gi|43 22060 22898 
1741 273 gi|43 25552 25649 
1757 250 gi|43 25583 25641 
2104 380 gi|43 32781 32903 
825 337 gi|43 33129 33258 
391 2584 gi|43 33434 34403 
2001 1784 gi|43 36993 38159 
2003 1479 gi|43 37056 38145 
1001 679 gi|43 39707 40112 
173 712 gi|44 25 449 
2045 270 gi|44 5558 5640 
979 271 gi|44 13109 13534 
977 459 gi|44 13637 14445 
199 425 gi|44 17117 17399 
1565 254 gi|44 17145 17364 
1533 362 gi|44 23705 23977 
1953 454 gi|44 23719 23930 
2070 297 gi|44 23736 23894 
2027 267 gi|44 23773 23876 
2025 268 gi|44 24525 24566 
1961 258 gi|44 27736 27812 
1233 271 gi|44 28565 29060 
2039 994 gi|44 28579 29455 
1309 436 gi|44 28635 29078 
713 770 gi|44 28668 29295 
1663 383 gi|44 28680 29177 
1965 380 gi|44 28773 29258 
2072 499 gi|44 28857 29247 
1557 350 gi|44 28862 29023 
2049 282 gi|44 28929 29024 
941 353 gi|44 28948 29161 
2074 274 gi|44 28977 29161 
1997 279 gi|44 28979 29161 
669 294 gi|44 28981 29161 
1539 276 gi|44 35681 35845 
2023 250 gi|44 35683 35937 
1537 585 gi|44 36310 36473 
1949 463 gi|44 36328 36500 
1189 477 gi|44 38899 39531 
959 277 gi|44 39785 39873 
1193 606 gi|44 39821 40122 
85 349 gi|44 39972 40090 
2065 317 gi|45 5304 5664 
1207 314 gi|45 5445 5538 
1689 688 gi|45 5809 6114 
1119 2671 gi|45 7979 9452 
2059 3000 gi|45 8004 9580 
2076 1328 gi|45 8006 8830 
1933 1567 gi|45 8010 9572 
1395 1088 gi|45 8012 8545 
1853 1279 gi|45 8013 9567 
1145 2937 gi|45 8048 9559 
2083 423 gi|45 8048 8277 
2095 2525 gi|45 8052 9562 
2078 2521 gi|45 8058 9598 
1167 2083 gi|45 8129 9563 
1087 999 gi|45 8329 8654 
1711 513 gi|45 8499 8646 
1413 307 gi|45 8638 8728 
1109 746 gi|45 9170 9580 
1427 490 gi|45 9241 9558 
2105 380 gi|45 10043 10172 
1203 422 gi|45 10323 10528 
823 265 gi|45 10410 10576 
2037 323 gi|45 14568 15114 
1231 570 gi|45 14638 15199 
905 581 gi|45 14644 15199 
1963 734 gi|45 14660 15390 
1541 536 gi|45 14705 15199 
2017 521 gi|45 14749 15312 
1347 310 gi|45 14886 15206 
203 251 gi|45 15046 15200 
1733 256 gi|45 15064 15185 
61 269 gi|45 15065 15199 
2051 340 gi|45 15078 15200 
1987 315 gi|45 15079 15196 
879 277 gi|45 15100 15199 
1695 282 gi|45 15100 15198 
1661 455 gi|45 15101 15291 
675 343 gi|45 15101 15199 
485 293 gi|45 15102 15198 
1331 287 gi|45 15104 15206 
1999 348 gi|45 15104 15196 
1639 295 gi|45 15104 15195 
401 580 gi|45 16246 16536 
1975 323 gi|45 16291 16528 
1387 390 gi|45 16305 16813 
263 279 gi|45 16309 16557 
1813 360 gi|45 16380 16555 
1389 355 gi|45 18160 18373 
409 375 gi|45 18165 18465 
247 424 gi|45 18233 18463 
1809 533 gi|45 18245 18461 
413 260 gi|45 18935 19021 
1613 260 gi|45 19219 19434 
1781 292 gi|45 19253 19414 
1379 266 gi|45 22846 22997 
1935 260 gi|45 22925 22975 
2097 253 gi|45 22929 22995 
1805 306 gi|45 23915 24009 
1951 307 gi|45 24506 24734 
2071 297 gi|45 24552 24710 
1303 264 gi|45 25660 25967 
1817 508 gi|45 25674 26014 
867 381 gi|45 25676 25952 
1599 282 gi|45 25688 25866 
579 753 gi|45 25690 26013 
1297 573 gi|45 25690 25976 
1815 739 gi|45 25691 25976 
849 751 gi|45 25699 25988 
1601 583 gi|45 25815 26014 
1909 5625 gi|45 26884 30353 
1433 334 gi|45 32374 32473 
1647 298 gi|45 38431 38577 
609 350 gi|46 1187 1721 
1555 319 gi|46 1417 1825 
1341 299 gi|46 1422 1804 
2101 486 gi|46 1431 1943 
2073 499 gi|46 1469 1856 
455 359 gi|46 1555 1857 
1967 381 gi|46 1562 1857 
1657 391 gi|46 1585 1854 
2015 321 gi|46 1586 1864 
865 353 gi|46 1588 1863 
1825 309 gi|46 1592 1828 
651 315 gi|46 1595 1833 
1795 251 gi|46 1598 1774 
923 629 gi|46 2080 2687 
2013 257 gi|46 2241 2699 
2103 367 gi|46 2342 2522 
65 365 gi|46 2381 2520 
205 327 gi|46 2384 2615 
1611 272 gi|46 2396 2623 
2075 274 gi|46 2419 2600 
2053 266 gi|46 2421 2524 
1827 357 gi|46 2423 2634 
1971 419 gi|46 2424 2664 
1569 323 gi|46 2425 2688 
1257 307 gi|46 2425 2605 
677 393 gi|46 2425 2522 
453 295 gi|46 2426 2690 
1793 261 gi|46 2428 2603 
2099 250 gi|46 2434 2660 
1747 261 gi|46 2442 2586 
1135 5455 gi|46 6615 8294 
2057 3214 gi|46 6617 8291 
1929 1926 gi|46 6674 8268 
2093 4699 gi|46 6680 8316 
1125 5312 gi|46 6681 8329 
1393 1245 gi|46 6691 7222 
2081 436 gi|46 6730 6975 
2079 2521 gi|46 6742 8293 
1165 2140 gi|46 6813 8278 
1857 1758 gi|46 6822 8315 
1091 1761 gi|46 7024 7334 
1707 932 gi|46 7176 7330 
1409 611 gi|46 7308 7709 
1105 1845 gi|46 7554 8262 
1419 1066 gi|46 7714 8313 
811 774 gi|46 10826 11034 
1645 1621 gi|46 11661 12595 
1453 1320 gi|46 11663 12783 
2091 1201 gi|46 14313 15687 
1927 864 gi|46 14365 15879 
1121 834 gi|46 14383 15748 
2061 1274 gi|46 14399 15745 
2077 1328 gi|46 14404 15231 
1149 977 gi|46 14539 15311 
2085 296 gi|46 14543 14675 
1171 1209 gi|46 14548 15306 
1861 1058 gi|46 14548 15243 
1401 569 gi|46 14616 14940 
1093 594 gi|46 14781 15059 
1713 447 gi|46 14896 15045 
141 327 gi|46 20764 20924 
1911 258 gi|46 21192 21297 
1867 255 gi|46 25804 25988 
2067 511 gi|46 25888 26594 
1869 252 gi|46 26406 26585 
79 281 gi|46 26461 26565 
1871 358 gi|46 27230 27453 
1195 409 gi|46 27318 27454 
81 307 gi|46 27319 27454 
965 315 gi|46 27327 27453 
2069 268 gi|46 27330 27440 
425 283 gi|46 29351 29416 
1749 281 gi|46 29541 29715 
1889 318 gi|46 30440 30504 
325 318 gi|46 30440 30504 
2108 421 gi|46 32514 32728 
2110 251 gi|46 33761 33832 
1527 3827 gi|47 1 1599 
1947 3061 gi|47 18 1652 
1317 259 gi|47 402 518 
1719 252 gi|47 1448 1482 
1983 427 gi|47 3845 4069 
1469 2682 gi|47 7199 7498 
1577 2672 gi|47 7199 7494 
2005 2651 gi|47 7199 7490 
2087 2648 gi|47 7199 7490 
2033 2620 gi|47 7199 7489 
1685 2213 gi|47 7199 7480 
219 289 gi|47 7433 7480 
531 336 gi|47 10033 10321 
1369 256 gi|47 11525 11723 
2106 592 gi|47 11648 12051 
993 262 gi|47 12274 12358 
299 4047 gi|47 12509 13352 
1769 273 gi|47 13813 13898 
1785 262 gi|47 18409 18617 
1191 295 gi|47 20485 20569 
999 383 gi|47 22266 22659 
1375 330 gi|47 28146 28381 
2029 2678 gi|47 28892 29209 
217 295 gi|47 28892 28975 
2007 2614 gi|47 28907 29209 
1471 2587 gi|47 28921 29209 
1579 2587 gi|47 28921 29209 
2089 2585 gi|47 28924 29209 
1687 2172 gi|47 28928 29209 
1429 1059 gi|47 36941 37638 
2109 421 gi|48 1207 1436 
2111 251 gi|48 2667 2732 
1431 11940 gi|48 7099 8466 
739 710 gi|48 13116 14095 
1865 1386 gi|48 13140 13762 
1437 2225 gi|48 14074 14836 
1439 561 gi|48 15471 16056 
991 252 gi|48 16226 16368 
1977 267 gi|48 16778 17169 
1979 449 gi|48 17845 18194 
1981 429 gi|48 26114 26717 
2107 592 gi|48 26278 26682 
1609 339 gi|48 26812 27467 
1607 383 gi|48 27793 28075 
1605 328 gi|48 28813 29080 
1823 332 gi|48 32795 32864 
997 252 gi|48 33151 33194 
805 18143 gi|48 34609 36850 
557 20850 gi|48 34611 36853 
89 554 gi|48 34769 35144 
985 483 gi|48 36966 37270 
390 2584 gi|5 267 1238 
392 260 gi|5 2816 2925 
257 402 gi|5 3102 3879 
394 420 gi|5 3154 3490 
396 719 gi|5 3159 3878 
398 1115 gi|5 3241 3855 
400 580 gi|5 3243 3525 
402 538 gi|5 3249 3799 
255 330 gi|5 5034 5239 
404 284 gi|5 5056 5258 
406 340 gi|5 5451 5705 
408 375 gi|5 5474 5777 
251 491 gi|5 5484 5706 
305 269 gi|5 5567 5748 
410 276 gi|5 5573 5686 
412 260 gi|5 14042 14128 
414 366 gi|5 14308 14643 
416 252 gi|5 14309 14491 
418 288 gi|5 14406 14836 
420 255 gi|5 14430 14506 
422 258 gi|5 14628 14726 
424 283 gi|5 14676 14756 
426 260 gi|5 14738 14854 
428 322 gi|5 15155 15388 
430 280 gi|5 15554 15785 
432 257 gi|5 17181 17414 
434 457 gi|5 24059 24320 
436 583 gi|5 24066 24311 
440 358 gi|5 24068 24304 
438 483 gi|5 24068 24290 
442 388 gi|5 24096 24317 
444 287 gi|5 24671 25072 
446 1906 gi|5 24687 26299 
448 1477 gi|5 24687 25390 
450 849 gi|5 24695 25377 
452 295 gi|5 24726 24990 
454 359 gi|5 24729 25031 
456 475 gi|5 24763 25376 
460 553 gi|5 24765 25873 
458 481 gi|5 24765 24994 
207 304 gi|5 24765 24991 
462 1079 gi|5 24776 25378 
466 568 gi|5 24783 25352 
464 335 gi|5 24783 25190 
468 272 gi|5 24783 24988 
472 338 gi|5 24816 25234 
474 268 gi|5 24816 25014 
470 376 gi|5 24816 24991 
43 444 gi|5 24818 25003 
476 317 gi|5 24864 25072 
478 284 gi|5 24870 24994 
480 253 gi|5 24892 24991 
482 314 gi|5 24893 25467 
484 293 gi|5 24894 24990 
486 338 gi|5 24896 25043 
488 343 gi|5 24912 25412 
490 307 gi|5 24915 24990 
492 487 gi|5 25658 25997 
494 273 gi|5 25658 25873 
496 340 gi|5 26574 26806 
498 259 gi|5 34593 34685 
500 1467 gi|5 35939 36656 
502 291 gi|5 38607 39070 
504 263 gi|5 38651 38719 
506 488 gi|6 4441 4847 
508 488 gi|6 4441 4847 
510 542 gi|6 9669 10121 
512 363 gi|6 12149 12442 
514 251 gi|6 12241 12337 
516 296 gi|6 16077 16189 
518 291 gi|6 16636 16913 
520 1429 gi|6 17615 17953 
522 314 gi|6 23622 23891 
524 317 gi|6 28709 28903 
526 250 gi|6 28739 28891 
528 369 gi|6 29642 29777 
530 336 gi|6 36710 37004 
395 420 gi|6 37117 37461 
532 338 gi|6 37188 37459 
534 406 gi|6 37213 37427 
265 363 gi|6 37250 37456 
536 338 gi|6 37344 37450 
306 232346 gi|7 1 24567 
308 1552 gi|7 1 173 
310 1511 gi|7 1 173 
312 600 gi|7 1 67 
314 771 gi|7 87 173 
316 343 gi|7 2890 3032 
318 279 gi|7 2907 2958 
320 285 gi|7 3116 3219 
322 288 gi|7 3132 3332 
324 318 gi|7 3252 3316 
326 274 gi|7 4994 5383 
179 1009 gi|7 7093 9060 
125 439 gi|7 8729 9060 
328 464 gi|7 8729 9060 
509 488 gi|7 9620 10026 
330 277 gi|7 10571 10671 
332 586 gi|7 10861 11512 
334 345 gi|7 11725 11876 
336 22770 gi|7 12400 15067 
338 22939 gi|7 12409 15062 
340 22677 gi|7 12410 15065 
279 23195 gi|7 12410 15064 
342 933 gi|7 12410 12517 
344 22111 gi|7 12505 15064 
11 763 gi|7 12810 13629 
27 284 gi|7 14091 14322 
193 2018 gi|7 14803 15065 
346 312 gi|7 16631 16713 
348 290 gi|7 16637 16713 
350 282 gi|7 16652 16703 
352 310 gi|7 17754 17893 
354 265 gi|7 17781 17893 
356 1127 gi|7 21681 22874 
101 45519 gi|7 24568 29377 
103 398 gi|7 24817 24941 
358 1139 gi|7 26008 27016 
360 1180 gi|7 26129 27013 
362 454 gi|7 26129 26821 
364 11705 gi|7 29341 30616 
366 11675 gi|7 29356 30625 
368 11672 gi|7 29371 30627 
370 11664 gi|7 29373 30616 
372 11250 gi|7 29375 30616 
374 11723 gi|7 29376 30659 
376 11074 gi|7 29378 30616 
378 258 gi|7 30580 30651 
111 41556 gi|7 30615 35002 
380 335 gi|7 33064 33303 
382 263 gi|7 33176 33295 
384 48037 gi|7 35003 40241 
386 262 gi|7 38250 38293 
388 258 gi|7 40002 40041 
538 260 gi|8 5118 5216 
540 11296 gi|8 6942 8221 
542 11704 gi|8 6968 8224 
544 283 gi|8 6968 7017 
546 11738 gi|8 6969 8227 
550 11687 gi|8 6975 8278 
548 11133 gi|8 6975 8220 
552 11680 gi|8 6977 8224 
365 11705 gi|8 6981 8258 
554 18144 gi|8 12999 15250 
556 20850 gi|8 13007 15250 
87 570 gi|8 14716 15091 
558 251 gi|8 23607 23686 
560 3334 gi|8 25882 26601 
562 390 gi|8 26533 26603 
564 390 gi|8 26533 26603 
566 375 gi|8 26533 26602 
568 333 gi|8 26557 26618 
570 288 gi|8 26557 26601 
572 313 gi|8 26557 26601 
574 299 gi|8 26560 26601 
576 317 gi|8 26563 26610 
578 753 gi|8 30216 30546 
580 1133 gi|8 30248 30901 
582 630 gi|8 30248 30861 
584 1018 gi|8 30251 30942 
586 371 gi|8 30257 30418 
588 392 gi|8 30268 30850 
590 284 gi|8 30439 30547 
592 256 gi|8 30458 30568 
594 418 gi|8 30465 30922 
596 275 gi|8 30766 30861 
598 279 gi|8 31973 32316 
600 701 gi|8 31997 32729 
602 845 gi|8 32056 32698 
604 270 gi|8 32056 32346 
606 477 gi|8 32069 32724 
608 350 gi|8 32187 32724 
610 278 gi|8 32217 32319 
612 289 gi|8 32542 32634 
75 286 gi|8 32599 32657 
614 385 gi|8 34801 35110 
616 260 gi|8 34962 35071 
618 2054 gi|8 35351 35656 
620 1969 gi|8 35651 35903 
622 256 gi|8 35876 35923 
624 266 gi|8 35880 35923 
810 774 gi|9 972 1183 
812 279 gi|9 4008 4237 
814 280 gi|9 4208 4272 
816 250 gi|9 4294 4423 
511 542 gi|9 5915 6367 
818 263 gi|9 9484 9813 
822 265 gi|9 17633 17799 
820 473 gi|9 17633 17753 
824 337 gi|9 17638 17762 
826 261 gi|9 17654 17765 
828 23023 gi|9 17976 20643 
339 22939 gi|9 17979 20643 
830 22974 gi|9 17979 20643 
281 23020 gi|9 17980 20642 
832 23444 gi|9 17980 20641 
834 925 gi|9 17980 18087 
836 22911 gi|9 18075 20651 
7 774 gi|9 18378 18779 
17 287 gi|9 18991 19210 
29 260 gi|9 19685 19903 
197 2014 gi|9 20384 20643 
838 11671 gi|9 21014 22278 
840 11662 gi|9 21024 22270 
553 11680 gi|9 21026 22273 
842 11671 gi|9 21026 22269 
371 11664 gi|9 21027 22269 
844 11100 gi|9 21029 22277 
846 433 gi|9 22409 22580 
848 751 gi|9 22411 22700 
581 1133 gi|9 22413 23062 
852 566 gi|9 22422 23058 
850 872 gi|9 22422 22700 
854 418 gi|9 22439 22701 
856 352 gi|9 22483 22839 
858 597 gi|9 22863 23130 
427 260 gi|9 22989 23108 
860 482 gi|9 24152 24856 
601 701 gi|9 24180 24915 
862 309 gi|9 24228 24671 
866 381 gi|9 24243 24516 
864 353 gi|9 24243 24509 
868 357 gi|9 24245 24514 
870 393 gi|9 24302 24503 
872 332 gi|9 24360 24502 
591 284 gi|9 24397 24505 
874 282 gi|9 24398 24540 
876 259 gi|9 24403 24509 
878 277 gi|9 24404 24503 
880 333 gi|9 24404 24502 
882 286 gi|9 24406 24624 
886 321 gi|9 24406 24535 
884 272 gi|9 24406 24517 
888 281 gi|9 24426 24502 
73 253 gi|9 24453 24499 
890 274 gi|9 25606 25689 
541 11296 gi|9 26115 27406 
892 11262 gi|9 26151 27404 
894 11271 gi|9 26162 27406 
898 11019 gi|9 26166 27431 
896 11248 gi|9 26166 27411 
373 11250 gi|9 26166 27407 
525 317 gi|9 27559 27753 
529 369 gi|9 27609 27744 
900 257 gi|9 27837 27901 
902 575 gi|9 30289 31115 
904 581 gi|9 34057 34589 
906 609 gi|9 34067 34699 
908 259 gi|9 34073 34345 
910 389 gi|9 34074 34586 
912 1246 gi|9 34080 34877 
914 340 gi|9 34087 34570 
449 1477 gi|9 34089 34795 
916 2109 gi|9 34096 34813 
918 530 gi|9 34104 34585 
920 740 gi|9 34148 34717 
922 629 gi|9 34152 34753 
924 1036 gi|9 34155 34700 
926 400 gi|9 34282 34805 
928 602 gi|9 34282 34590 
53 508 gi|9 34327 34591 
930 303 gi|9 34404 34699 
932 267 gi|9 34412 34588 
934 256 gi|9 34430 34592 
936 419 gi|9 34432 34614 
938 322 gi|9 34451 34590 
940 353 gi|9 34456 34666 
942 254 gi|9 34474 34766 
944 292 gi|9 34494 34624 
946 264 gi|9 34495 34666 
948 435 gi|9 35030 35332 
497 340 gi|9 35058 35284 
950 302 gi|9 35714 36159 
952 449 gi|9 35814 36300 
493 487 gi|9 35820 36155 
954 434 gi|9 35854 36317 
956 319 gi|9 35882 36171 
960 284 gi|9 38697 39061 
958 277 gi|9 38697 38797 
962 260 gi|9 38720 38982 
964 315 gi|9 38873 38993 
153 1270 gi|9 39874 40245 
966 531 gi|9 39901 40245 
968 539 gi|9 39911 40236 
