1 gi|1 2061 2203
2 gi|1 4249 4505
3 gi|1 5769 5910
4 gi|1 8739 9462
5 gi|1 10243 10997
6 gi|1 17517 17567
7 gi|1 19831 20012
8 gi|1 23524 23642
9 gi|1 27146 29881
10 gi|1 34683 34985
11 gi|1 35942 36777
12 gi|1 38330 38476
13 gi|1 38630 39136
14 gi|1 39413 39597
15 gi|10 7074 7258
16 gi|10 12230 13117
17 gi|10 15389 15965
18 gi|10 18973 19201
19 gi|10 20298 20750
20 gi|10 24435 24552
21 gi|10 24684 25815
22 gi|10 29411 29765
23 gi|10 38303 38459
24 gi|10 38496 39707
25 gi|11 900 1795
26 gi|11 4338 5591
27 gi|11 5654 6380
28 gi|11 9865 10006
29 gi|11 12750 12818
30 gi|11 13087 14048
31 gi|11 15056 15254
32 gi|11 16475 17254
33 gi|11 17757 18193
34 gi|11 20088 22234
35 gi|11 23848 24301
36 gi|11 27990 28429
37 gi|11 28413 30135
38 gi|11 30089 30833
39 gi|11 30821 33074
40 gi|11 38065 38357
41 gi|11 38964 39168
42 gi|11 40144 40212
43 gi|12 184 312
44 gi|12 6522 6629
45 gi|12 15650 16499
46 gi|12 16690 17136
47 gi|12 18785 19111
48 gi|12 19874 19950
49 gi|12 23942 24168
50 gi|12 27377 27681
51 gi|12 32663 33924
52 gi|12 36778 36884
53 gi|13 1 281
54 gi|14 3428 3561
55 gi|14 4997 5108
56 gi|14 6316 6452
57 gi|14 13879 14235
58 gi|14 14579 14773
59 gi|14 16397 16474
60 gi|14 18611 19865
61 gi|14 19850 19996
62 gi|14 22702 24090
63 gi|14 24138 24297
64 gi|14 31466 32093
65 gi|14 34928 34974
66 gi|14 35768 36208
67 gi|14 39991 40144
68 gi|15 5201 5280
69 gi|15 12728 13016
70 gi|15 13703 13850
71 gi|15 13821 14263
72 gi|15 14368 14643
73 gi|15 14852 15138
74 gi|15 18860 19294
75 gi|15 19652 20642
76 gi|15 24029 24122
77 gi|15 25716 25942
78 gi|15 27255 27361
79 gi|15 27457 27525
80 gi|15 28609 28903
81 gi|15 29717 30016
82 gi|15 30953 31339
83 gi|15 31300 32110
84 gi|15 32267 33971
85 gi|15 34163 35886
86 gi|15 36013 37694
87 gi|15 38550 39017
88 gi|15 40078 40243
89 gi|16 12612 12840
90 gi|16 19560 19706
91 gi|16 19770 19863
92 gi|16 24397 24610
93 gi|16 25143 25188
94 gi|16 25887 26274
95 gi|16 28027 28428
96 gi|16 30936 31005
97 gi|16 31623 31712
98 gi|16 32851 33077
99 gi|16 33074 34814
100 gi|17 2792 3417
101 gi|17 7286 7900
102 gi|17 7958 8041
103 gi|17 8199 8562
104 gi|17 9537 10000
105 gi|17 10312 10523
106 gi|17 10781 11431
107 gi|17 13216 13429
108 gi|17 15676 15806
109 gi|17 15898 15991
110 gi|17 20708 20805
111 gi|17 21056 22182
112 gi|17 26433 26662
113 gi|17 26678 27514
114 gi|17 31842 32677
115 gi|17 32753 34101
116 gi|17 34161 34766
117 gi|17 34868 35646
118 gi|18 1 16966
119 gi|18 17987 18236
120 gi|18 19537 25962
121 gi|18 25963 26244
122 gi|18 34868 35019
123 gi|18 36443 36621
124 gi|19 941 1686
125 gi|19 2829 3484
126 gi|19 6388 6508
127 gi|19 7163 7950
128 gi|19 28992 29033
129 gi|19 34028 34136
130 gi|19 35942 36391
131 gi|19 37012 38691
132 gi|19 39172 39391
133 gi|2 1 4810
134 gi|2 4796 9183
135 gi|2 14427 31250
136 gi|2 32271 32519
137 gi|2 33820 40245
138 gi|20 2093 2413
139 gi|20 3076 3509
140 gi|20 5967 8649
141 gi|20 11446 12213
142 gi|20 14023 14200
143 gi|20 14133 14429
144 gi|20 14713 14830
145 gi|20 16360 16463
146 gi|20 20704 20843
147 gi|20 27782 28014
148 gi|20 28698 28811
149 gi|21 2534 2701
150 gi|21 5204 6587
151 gi|21 8129 8276
152 gi|21 15611 15820
153 gi|21 17707 18431
154 gi|21 19285 19870
155 gi|21 20561 22070
156 gi|21 23233 23373
157 gi|21 24636 25257
158 gi|21 25155 25537
159 gi|21 25408 26038
160 gi|21 30151 30845
161 gi|21 31202 31451
162 gi|22 901 2267
163 gi|22 3148 3247
164 gi|22 5345 6618
165 gi|22 15267 16027
166 gi|22 16659 17207
167 gi|22 17509 17688
168 gi|22 19060 19154
169 gi|22 20882 20986
170 gi|22 21034 22432
171 gi|22 37379 38010
172 gi|22 38007 38235
173 gi|22 38210 38366
174 gi|22 38412 39540
175 gi|23 2614 2699
176 gi|23 13374 13466
177 gi|23 13545 13645
178 gi|23 13791 14456
179 gi|23 14657 14808
180 gi|23 15223 15729
181 gi|23 18484 19145
182 gi|23 21950 22181
183 gi|23 22998 23238
184 gi|23 23696 24015
185 gi|23 25496 25766
186 gi|23 26469 26699
187 gi|23 27287 27876
188 gi|23 28449 28703
189 gi|23 36479 36694
190 gi|23 36880 37527
191 gi|23 37867 37967
192 gi|23 38551 39438
193 gi|23 39765 39842
194 gi|23 39972 40135
195 gi|24 177 913
196 gi|24 3320 3636
197 gi|24 4871 5075
198 gi|24 6328 6470
199 gi|24 11803 12237
200 gi|24 20267 20339
201 gi|24 25989 26261
202 gi|24 29974 30096
203 gi|24 37457 37633
204 gi|25 6574 6804
205 gi|25 8267 8484
206 gi|25 8506 8850
207 gi|25 8860 8981
208 gi|25 10221 12809
209 gi|25 12795 13139
210 gi|25 13569 13785
211 gi|25 15358 16291
212 gi|25 16879 18579
213 gi|25 20932 21036
214 gi|25 21745 21881
215 gi|25 23795 23918
216 gi|25 24327 24405
217 gi|25 26853 26961
218 gi|25 31647 33584
219 gi|25 33944 34089
220 gi|25 34317 34525
221 gi|25 34635 35276
222 gi|25 35315 35646
223 gi|25 37362 37556
224 gi|25 38627 38897
225 gi|25 39266 39436
226 gi|26 556 1439
227 gi|26 4734 5347
228 gi|26 6507 6629
229 gi|26 7921 8089
230 gi|26 8952 9281
231 gi|26 13119 13271
232 gi|26 20594 20749
233 gi|26 22485 22519
234 gi|26 23692 23759
235 gi|26 27675 28127
236 gi|26 29602 29898
237 gi|26 32059 32206
238 gi|26 32511 32742
239 gi|26 33753 34224
240 gi|26 34661 35265
241 gi|26 35343 35638
242 gi|26 35664 35935
243 gi|27 805 916
244 gi|27 4431 4674
245 gi|27 4837 5070
246 gi|27 13749 14265
247 gi|27 14213 14369
248 gi|27 18662 19055
249 gi|27 20006 20292
250 gi|27 21249 21451
251 gi|27 24944 25015
252 gi|27 25268 25718
253 gi|27 30119 30222
254 gi|27 31072 32025
255 gi|27 32663 32747
256 gi|28 764 1275
257 gi|28 1666 2497
258 gi|28 12477 12893
259 gi|28 15925 16103
260 gi|28 18462 18689
261 gi|28 19257 19385
262 gi|28 19661 19753
263 gi|28 19727 19930
264 gi|28 19973 20068
265 gi|28 22182 22452
266 gi|28 23163 23453
267 gi|28 23782 24440
268 gi|28 27477 27792
269 gi|28 29435 29681
270 gi|28 32099 32777
271 gi|28 33818 33895
272 gi|28 34533 34645
273 gi|28 39039 39193
274 gi|29 22 1120
275 gi|29 5851 5993
276 gi|29 6097 6317
277 gi|29 10047 10656
278 gi|29 14650 15206
279 gi|29 22031 22258
280 gi|29 25991 26668
281 gi|29 27190 27458
282 gi|29 29559 29757
283 gi|29 30349 30421
284 gi|29 30589 30872
285 gi|29 39788 40092
286 gi|3 2003 2851
287 gi|3 3436 3658
288 gi|3 9128 9271
289 gi|3 9289 9502
290 gi|3 19041 19260
291 gi|3 20592 21036
292 gi|3 21105 21163
293 gi|3 31866 32002
294 gi|3 32438 32723
295 gi|3 34363 34778
296 gi|3 35175 35433
297 gi|3 36231 36319
298 gi|3 38399 39490
299 gi|30 601 1358
300 gi|30 4084 4213
301 gi|30 10433 10910
302 gi|30 12717 13054
303 gi|30 24015 24443
304 gi|30 27353 27485
305 gi|30 27698 27918
306 gi|30 29748 30058
307 gi|30 31668 33396
308 gi|30 34048 34916
309 gi|30 36888 37072
310 gi|30 37433 37612
311 gi|30 38036 38330
312 gi|30 39159 39256
313 gi|30 39475 40245
314 gi|31 145 365
315 gi|31 2218 2276
316 gi|31 6964 7158
317 gi|31 7376 7553
318 gi|31 8276 8385
319 gi|31 10114 10235
320 gi|31 14851 15532
321 gi|31 15978 16705
322 gi|31 16760 17555
323 gi|31 18649 19368
324 gi|31 22116 22461
325 gi|31 27924 28444
326 gi|31 30872 31626
327 gi|31 31540 31753
328 gi|31 32149 32589
329 gi|31 34705 34779
330 gi|31 34901 35648
331 gi|31 37066 37283
332 gi|31 38349 38547
333 gi|32 3801 4940
334 gi|32 5044 5135
335 gi|32 7243 7506
336 gi|32 9934 15173
337 gi|32 18957 19027
338 gi|32 22116 24750
339 gi|32 29440 29586
340 gi|32 31437 32595
341 gi|32 33266 34096
342 gi|32 34682 34889
343 gi|32 34942 35231
344 gi|33 5 366
345 gi|33 5817 6968
346 gi|33 18646 18821
347 gi|33 23003 23087
348 gi|33 25467 25649
349 gi|33 27205 27540
350 gi|33 39856 40035
351 gi|34 65 484
352 gi|34 1717 1873
353 gi|34 3925 5213
354 gi|34 9382 9526
355 gi|34 9746 11117
356 gi|34 11942 12884
357 gi|34 14026 14090
358 gi|34 14352 14580
359 gi|34 15429 15622
360 gi|34 15555 15728
361 gi|34 15662 40245
362 gi|35 1742 2084
363 gi|35 2117 2272
364 gi|35 2206 3902
365 gi|35 3877 5168
366 gi|35 5648 5767
367 gi|35 6992 7085
368 gi|35 8623 8672
369 gi|35 9613 10115
370 gi|35 10565 10714
371 gi|35 10831 11000
372 gi|35 11445 11607
373 gi|35 11539 11683
374 gi|35 11739 11874
375 gi|35 12937 14913
376 gi|35 19639 19772
377 gi|35 23590 23844
378 gi|35 23923 24010
379 gi|35 25166 25625
380 gi|36 1397 1935
381 gi|36 1940 2269
382 gi|36 2331 2449
383 gi|36 3935 5866
384 gi|36 8501 8768
385 gi|36 15785 19246
386 gi|36 23170 23250
387 gi|36 26193 26513
388 gi|36 26797 27017
389 gi|36 27045 27373
390 gi|36 27363 27435
391 gi|36 27507 28778
392 gi|36 29926 30074
393 gi|36 32223 33903
394 gi|36 34997 37135
395 gi|36 37127 37302
396 gi|36 37464 37931
397 gi|36 39267 39670
398 gi|37 2 413
399 gi|37 483 1773
400 gi|37 1995 2081
401 gi|37 4748 4812
402 gi|37 10537 10990
403 gi|37 19436 19786
404 gi|37 34317 34478
405 gi|37 38699 38932
406 gi|38 14 1710
407 gi|38 2293 3450
408 gi|38 3673 4753
409 gi|38 5647 5786
410 gi|38 11820 11870
411 gi|38 16431 17036
412 gi|38 18088 18192
413 gi|38 18309 19641
414 gi|38 20162 21313
415 gi|38 21549 21847
416 gi|38 21932 22526
417 gi|38 22675 24135
418 gi|38 25368 26693
419 gi|38 28378 29255
420 gi|38 32425 32681
421 gi|38 32990 33179
422 gi|38 33793 34114
423 gi|38 34350 35506
424 gi|38 35486 35547
425 gi|38 39559 39692
426 gi|39 1290 1453
427 gi|39 5295 6808
428 gi|39 8129 8765
429 gi|39 9131 9460
430 gi|39 9991 10118
431 gi|39 10481 10593
432 gi|39 14478 15433
433 gi|39 15881 16022
434 gi|39 25582 26117
435 gi|39 26345 26784
436 gi|39 28279 29006
437 gi|39 30898 32598
438 gi|39 34933 35299
439 gi|39 36846 38159
440 gi|4 1807 1967
441 gi|4 9590 10098
442 gi|4 10388 11307
443 gi|4 11659 11825
444 gi|4 11877 12259
445 gi|4 12101 12599
446 gi|4 13002 13249
447 gi|4 16478 17291
448 gi|4 18732 19159
449 gi|4 22628 24566
450 gi|4 25374 26930
451 gi|4 27628 27962
452 gi|4 27936 28229
453 gi|4 32117 32206
454 gi|4 33724 33849
455 gi|4 36529 36629
456 gi|4 38254 38479
457 gi|4 38496 39699
458 gi|40 1266 1369
459 gi|40 1863 2009
460 gi|40 3916 4968
461 gi|40 5361 6384
462 gi|40 6539 6659
463 gi|40 6680 7105
464 gi|40 13640 13722
465 gi|40 16220 16339
466 gi|40 16994 17600
467 gi|40 21847 22152
468 gi|40 22645 22826
469 gi|40 22836 23083
470 gi|40 23468 23987
471 gi|40 26584 28686
472 gi|40 37816 37912
473 gi|40 38037 38100
474 gi|40 38290 38983
475 gi|41 439 1158
476 gi|41 2682 2923
477 gi|41 7587 7652
478 gi|41 14675 14763
479 gi|41 17861 18273
480 gi|41 18952 19290
481 gi|41 19953 20546
482 gi|41 21214 21331
483 gi|41 22729 22814
484 gi|41 32164 32333
485 gi|41 32465 34428
486 gi|41 36180 36416
487 gi|42 6355 6507
488 gi|42 9494 10182
489 gi|42 10677 11097
490 gi|42 12788 12863
491 gi|42 15780 15910
492 gi|42 19988 20694
493 gi|42 24162 24223
494 gi|42 28486 29448
495 gi|42 30679 30836
496 gi|42 34877 35733
497 gi|42 36996 37086
498 gi|43 2900 3171
499 gi|43 3381 3510
500 gi|43 4242 4392
501 gi|43 4507 4806
502 gi|43 9984 10106
503 gi|43 10342 10509
504 gi|43 11167 12909
505 gi|43 13945 14092
506 gi|43 14403 14472
507 gi|43 14626 14778
508 gi|43 17507 17704
509 gi|43 18371 18634
510 gi|43 18876 19020
511 gi|43 19137 19844
512 gi|43 20863 20962
513 gi|43 21609 23039
514 gi|43 25552 25649
515 gi|43 32781 32903
516 gi|43 33129 33258
517 gi|43 33434 34403
518 gi|43 36993 38159
519 gi|43 39707 40112
520 gi|44 25 449
521 gi|44 5558 5640
522 gi|44 13109 13534
523 gi|44 13637 14445
524 gi|44 17117 17399
525 gi|44 23705 23977
526 gi|44 24525 24566
527 gi|44 27736 27812
528 gi|44 28565 29455
529 gi|44 35681 35937
530 gi|44 36310 36500
531 gi|44 38899 39531
532 gi|44 39785 40122
533 gi|45 5304 5664
534 gi|45 5809 6114
535 gi|45 7979 9598
536 gi|45 10043 10172
537 gi|45 10323 10576
538 gi|45 14568 15390
539 gi|45 16246 16813
540 gi|45 18160 18465
541 gi|45 18935 19021
542 gi|45 19219 19434
543 gi|45 22846 22997
544 gi|45 23915 24009
545 gi|45 24506 24734
546 gi|45 25660 26014
547 gi|45 26884 30353
548 gi|45 32374 32473
549 gi|45 38431 38577
550 gi|46 1187 1943
551 gi|46 2080 2699
552 gi|46 6615 8329
553 gi|46 10826 11034
554 gi|46 11661 12783
555 gi|46 14313 15879
556 gi|46 20764 20924
557 gi|46 21192 21297
558 gi|46 25804 26594
559 gi|46 27230 27454
560 gi|46 29351 29416
561 gi|46 29541 29715
562 gi|46 30440 30504
563 gi|46 32514 32728
564 gi|46 33761 33832
565 gi|47 1 1652
566 gi|47 3845 4069
567 gi|47 7199 7498
568 gi|47 10033 10321
569 gi|47 11525 11723
570 gi|47 11648 12051
571 gi|47 12274 12358
572 gi|47 12509 13352
573 gi|47 13813 13898
574 gi|47 18409 18617
575 gi|47 20485 20569
576 gi|47 22266 22659
577 gi|47 28146 28381
578 gi|47 28892 29209
579 gi|47 36941 37638
580 gi|48 1207 1436
581 gi|48 2667 2732
582 gi|48 7099 8466
583 gi|48 13116 14095
584 gi|48 14074 14836
585 gi|48 15471 16056
586 gi|48 16226 16368
587 gi|48 16778 17169
588 gi|48 17845 18194
589 gi|48 26114 26717
590 gi|48 26812 27467
591 gi|48 27793 28075
592 gi|48 28813 29080
593 gi|48 32795 32864
594 gi|48 33151 33194
595 gi|48 34609 36853
596 gi|48 36966 37270
597 gi|5 267 1238
598 gi|5 2816 2925
599 gi|5 3102 3879
600 gi|5 5034 5258
601 gi|5 5451 5777
602 gi|5 14042 14128
603 gi|5 14308 14854
604 gi|5 15155 15388
605 gi|5 15554 15785
606 gi|5 17181 17414
607 gi|5 24059 24320
608 gi|5 24671 26299
609 gi|5 26574 26806
610 gi|5 34593 34685
611 gi|5 35939 36656
612 gi|5 38607 39070
613 gi|6 4441 4847
614 gi|6 9669 10121
615 gi|6 12149 12442
616 gi|6 16077 16189
617 gi|6 16636 16913
618 gi|6 17615 17953
619 gi|6 23622 23891
620 gi|6 28709 28903
621 gi|6 29642 29777
622 gi|6 36710 37004
623 gi|6 37117 37461
624 gi|7 1 24567
625 gi|7 24568 29377
626 gi|7 29341 30659
627 gi|7 30615 35002
628 gi|7 35003 40241
629 gi|8 5118 5216
630 gi|8 6942 8278
631 gi|8 12999 15250
632 gi|8 23607 23686
633 gi|8 25882 26618
634 gi|8 30216 30942
635 gi|8 31973 32729
636 gi|8 34801 35110
637 gi|8 35351 35656
638 gi|8 35651 35923
639 gi|9 972 1183
640 gi|9 4008 4237
641 gi|9 4208 4272
642 gi|9 4294 4423
643 gi|9 5915 6367
644 gi|9 9484 9813
645 gi|9 17633 17799
646 gi|9 17976 20651
647 gi|9 21014 22278
648 gi|9 22409 23130
649 gi|9 24152 24915
650 gi|9 25606 25689
651 gi|9 26115 27431
652 gi|9 27559 27753
653 gi|9 27837 27901
654 gi|9 30289 31115
655 gi|9 34057 34877
656 gi|9 35030 35332
657 gi|9 35714 36317
658 gi|9 38697 39061
659 gi|9 39874 40245
