frag gi|17 14313 15879
img_no 12
edge_no 12
msp 305 p 447 86.8 -1 7 gi|1 20596 20746 116 gi|17 14896 15045
msp 459 s 1328 78.1 1 592 gi|5 8006 8830 116 gi|17 14404 15231
msp 1738 s 1207 75.3 1 116 gi|17 14313 15687 148 gi|19 11174 12572
msp 1740 s 884 75.1 1 116 gi|17 14365 15879 128 gi|18 2280 3814
msp 1742 s 767 74.7 1 116 gi|17 14383 15748 657 gi|26 32321 33713
msp 1744 s 1334 77.3 -1 116 gi|17 14399 15745 656 gi|25 31151 32515
msp 1746 s 942 76.7 1 116 gi|17 14539 15311 258 gi|26 34376 35148
msp 1748 s 306 76.7 1 116 gi|17 14543 14675 142 gi|19 3023 3155
msp 1750 s 1217 76.0 1 116 gi|17 14548 15306 259 gi|26 36257 37018
msp 1752 s 1090 76.2 1 116 gi|17 14548 15243 524 gi|43 31880 32563
msp 1754 s 541 74.8 1 116 gi|17 14616 14940 365 gi|34 24858 25179
msp 1756 s 580 80.3 1 116 gi|17 14781 15059 255 gi|26 31061 31339
edge 360 p -1 86 7 116
edge 383 s 0 0 116 128
edge 384 s 0 0 116 142
edge 385 s 0 0 116 148
edge 387 s 0 0 116 255
edge 389 s 0 0 116 258
edge 390 s 0 0 116 259
edge 391 s 0 0 116 365
edge 392 s 0 0 116 524
edge 393 s 0 0 116 592
edge 463 s 0 0 656 116
edge 479 s 0 0 657 116
pcp 14896 7
pcp 15045 7
