frag gi|18 2206 3902
img_no 16
edge_no 16
msp 461 s 1652 74.6 1 592 gi|5 8010 9572 128 gi|18 2323 3893
msp 685 p 319 78.0 -1 624 gi|7 34028 34136 128 gi|18 2884 2997
msp 1626 s 1545 77.2 1 128 gi|18 2206 3458 148 gi|19 11167 12416
msp 1628 s 1587 75.1 1 128 gi|18 2314 3894 657 gi|26 32340 33920
msp 1630 s 1810 75.2 -1 128 gi|18 2314 3902 656 gi|25 30930 32515
msp 1632 s 1996 75.5 1 128 gi|18 2321 3890 258 gi|26 34236 35809
msp 1634 s 1087 75.1 1 128 gi|18 2457 3564 259 gi|26 36248 37367
msp 1636 s 1743 75.4 1 128 gi|18 2466 3430 524 gi|43 31880 32859
msp 1638 s 574 76.4 1 128 gi|18 2546 2867 365 gi|34 24870 25179
msp 1640 s 655 72.6 1 128 gi|18 2623 2929 255 gi|26 30983 31294
msp 1642 s 457 71.8 1 128 gi|18 2945 3246 366 gi|34 25155 25450
msp 1644 s 307 72.1 1 128 gi|18 3179 3626 256 gi|26 31331 31796
msp 1646 s 358 74.3 1 128 gi|18 3344 3686 367 gi|34 25446 25800
msp 1648 p 269 80.3 1 128 gi|18 3610 3741 225 gi|24 20704 20843
msp 1713 s 1925 74.9 1 113 gi|17 6674 8268 128 gi|18 2308 3894
msp 1741 s 884 75.1 1 116 gi|17 14365 15879 128 gi|18 2280 3814
edge 369 s 0 0 113 128
edge 383 s 0 0 116 128
edge 395 s 0 0 148 128
edge 419 s 0 0 255 128
edge 429 s 0 0 258 128
edge 435 s 0 0 259 128
edge 442 s 0 0 524 128
edge 448 s 0 0 592 128
edge 453 p 1 80 128 225
edge 454 s 0 0 128 256
edge 455 s 0 0 128 365
edge 456 s 0 0 128 366
edge 457 s 0 0 128 367
edge 458 p -1 78 128 624
edge 464 s 0 0 656 128
edge 480 s 0 0 657 128
pcp 2884 624
pcp 2997 624
pcp 3610 225
pcp 3741 225
