frag gi|18 23592 23844
img_no 5
edge_no 5
msp 545 p 320 72.0 -1 601 gi|5 24506 24734 139 gi|18 23594 23820
msp 1507 s 422 77.4 1 102 gi|16 23719 23930 139 gi|18 23602 23814
msp 1537 p 454 72.2 -1 107 gi|16 36328 36500 139 gi|18 23590 23759
msp 1664 s 466 72.2 1 139 gi|18 23596 23811 449 gi|38 38632 38850
msp 1666 s 251 76.7 -1 139 gi|18 23678 23844 545 gi|44 32990 33156
edge 1072 s 0 0 102 139
edge 1076 p -1 72 139 107
edge 1077 s 0 0 139 449
edge 1078 s 0 0 139 545
edge 1079 p -1 72 139 601
pcp 23590 107
pcp 23594 601
pcp 23759 107
pcp 23820 601
