frag gi|1 35343 35935
img_no 10
edge_no 10
msp 354 s 436 79.0 -1 16 gi|1 35343 35638 35 gi|11 487 771
msp 356 s 282 67.7 -1 16 gi|1 35354 35520 29 gi|10 27577 27743
msp 358 s 261 76.3 -1 16 gi|1 35384 35522 112 gi|17 2442 2586
msp 360 p 281 70.5 -1 16 gi|1 35418 35600 122 gi|17 29541 29715
msp 362 s 254 76.5 1 16 gi|1 35422 35523 348 gi|33 20708 20806
msp 364 s 267 72.4 -1 16 gi|1 35438 35524 58 gi|12 28335 28421
msp 366 s 269 80.1 1 16 gi|1 35456 35882 185 gi|21 24838 25210
msp 368 s 261 71.7 1 16 gi|1 35460 35611 457 gi|39 26220 26378
msp 370 s 253 77.2 -1 16 gi|1 35664 35935 31 gi|10 32192 32467
msp 372 s 250 80.4 1 16 gi|1 35859 35914 156 gi|19 25583 25641
edge 11 s 0 0 35 16
edge 36 s 0 0 58 16
edge 114 s 0 0 348 16
edge 162 s 0 0 16 29
edge 163 s 0 0 16 31
edge 164 s 0 0 16 112
edge 165 p -1 70 16 122
edge 166 s 0 0 16 156
edge 167 s 0 0 16 185
edge 168 s 0 0 16 457
pcp 35600 122
pcp 35418 122
