frag gi|20 55 24567
img_no 33
edge_no 2
msp 111 s 22974 96.4 1 307 gi|3 17979 20643 176 gi|20 12409 15062
msp 413 s 23195 97.1 1 170 gi|2 27168 29839 176 gi|20 12410 15064
msp 729 s 488 69.5 1 608 gi|6 4441 4847 176 gi|20 9620 10026
msp 1167 s 439 70.8 -1 73 gi|14 2675 3006 176 gi|20 8729 9060
msp 1185 s 267 82.6 -1 73 gi|14 17004 17049 176 gi|20 3194 3239
msp 1195 s 267 82.6 -1 73 gi|14 17106 17151 176 gi|20 3194 3239
msp 1301 s 316 73.4 -1 73 gi|14 19022 19130 176 gi|20 3161 3267
msp 1337 s 346 83.1 -1 73 gi|14 19290 19360 176 gi|20 3190 3264
msp 1779 s 993 90.7 1 123 gi|17 30355 30504 176 gi|20 3166 3316
msp 1792 s 228590 98.8 1 176 gi|20 55 24567 569 gi|46 15716 40245
msp 1794 s 447 48.7 1 176 gi|20 55 173 568 gi|46 15609 15728
msp 1796 s 406 47.1 1 176 gi|20 55 173 567 gi|46 15503 15622
msp 1798 s 285 81.7 1 176 gi|20 3116 3219 513 gi|42 32164 32275
msp 1800 s 308 72.9 -1 176 gi|20 3161 3267 332 gi|31 33305 33413
msp 1802 s 363 84.0 -1 176 gi|20 3190 3264 332 gi|31 33573 33643
msp 1804 s 260 82.6 -1 176 gi|20 3194 3239 332 gi|31 31288 31333
msp 1806 s 260 82.6 -1 176 gi|20 3194 3239 332 gi|31 31390 31435
msp 1808 s 274 69.5 1 176 gi|20 4994 5383 575 gi|47 18662 19055
msp 1810 s 983 75.4 -1 176 gi|20 7093 9060 419 gi|37 22634 24566
msp 1812 s 464 70.8 -1 176 gi|20 8729 9060 332 gi|31 17101 17432
msp 1814 s 277 69.3 1 176 gi|20 10571 10671 263 gi|27 13545 13645
msp 1816 s 586 71.3 1 176 gi|20 10861 11512 264 gi|27 13791 14456
msp 1818 s 345 73.7 1 176 gi|20 11725 11876 265 gi|27 14657 14808
msp 1820 s 22770 95.8 1 176 gi|20 12400 15067 220 gi|24 5967 8645
msp 1822 s 22677 97.0 -1 176 gi|20 12410 15065 485 gi|40 22118 24747
msp 1824 s 930 98.3 1 176 gi|20 12410 12524 430 gi|38 8874 8989
msp 1826 s 22111 96.8 1 176 gi|20 12505 15064 432 gi|38 10221 12803
msp 1828 s 821 74.9 1 176 gi|20 12810 13629 341 gi|33 2004 2851
msp 1830 s 285 69.4 1 176 gi|20 14091 14322 342 gi|33 3436 3658
msp 1832 s 2007 90.9 -1 176 gi|20 14803 15065 421 gi|37 27664 27926
msp 1834 s 310 77.1 -1 176 gi|20 17754 17893 230 gi|25 8345 8484
msp 1836 s 265 69.0 -1 176 gi|20 17781 17893 233 gi|25 10481 10593
msp 1838 s 1127 77.6 -1 176 gi|20 21681 22874 480 gi|40 3801 4940
edge 716 s 0 0 73 176
edge 736 s 0 0 332 176
