frag gi|20 24568 29375
img_no 5
flimg_no 1
edge_no 4
msp 1613 s 1111 75.0 -1 155 gi|19 22009 23039 177 gi|20 26008 27016
msp 1840 p 45501 100.0 1 177 gi|20 24568 29375 329 gi|31 1 4808
msp 1842 s 398 78.4 -1 177 gi|20 24817 24941 329 gi|31 250 374
msp 1844 s 1180 71.3 1 177 gi|20 26129 27013 563 gi|46 9830 10717
msp 1846 s 454 76.8 -1 177 gi|20 26129 26821 543 gi|44 28549 29253
edge 1155 s 0 0 155 177
edge 1159 p 1 100 177 329
edge 1160 s 0 0 177 543
edge 1161 s 0 0 177 563
pcp 24568 329
pcp 29375 329
