frag gi|21 38496 39701
img_no 4
flimg_no 1
edge_no 4
msp 613 p 5204 94.3 -1 638 gi|8 37379 38010 188 gi|21 39060 39700
msp 619 p 1787 93.0 -1 639 gi|8 38007 38235 188 gi|21 38759 38983
msp 1926 p 9617 92.9 1 188 gi|21 38496 39707 426 gi|37 38496 39699
msp 1928 p 784 83.9 -1 188 gi|21 39436 39696 425 gi|37 38255 38479
edge 1240 p -1 83 188 425
edge 1241 p 1 92 188 426
edge 1242 p -1 94 188 638
edge 1243 p -1 93 188 639
pcp 38496 426
pcp 38759 639
pcp 38983 639
pcp 39060 638
pcp 39436 425
pcp 39696 425
pcp 39700 638
pcp 39707 426
