frag gi|10 19727 19926
img_no 5
flimg_no 1
edge_no 5
msp 127 p 433 76.2 1 308 gi|3 22409 22580 24 gi|10 19753 19924
msp 563 p 566 75.5 -1 602 gi|5 25815 26014 24 gi|10 19727 19928
msp 635 s 516 76.2 1 619 gi|7 1015 1161 24 gi|10 19766 19912
msp 764 s 367 76.4 1 24 gi|10 19766 19930 399 gi|36 16844 17008
msp 766 s 365 76.5 1 24 gi|10 19766 19927 324 gi|30 30257 30418
edge 299 s 0 0 324 24
edge 310 s 0 0 399 24
edge 315 p -1 75 602 24
edge 318 s 0 0 619 24
edge 509 p 1 76 24 308
pcp 19727 602
pcp 19753 308
pcp 19924 308
pcp 19928 602
