frag gi|26 34168 35886
img_no 11
flimg_no 1
edge_no 11
msp 297 p 867 81.9 -1 7 gi|1 20595 20749 258 gi|26 34727 34881
msp 467 s 3014 75.3 1 592 gi|5 8048 9559 258 gi|26 34286 35803
msp 1565 s 5773 77.4 1 148 gi|19 11210 12842 258 gi|26 34170 35812
msp 1633 s 1996 75.5 1 128 gi|18 2321 3890 258 gi|26 34236 35809
msp 1709 s 5387 77.7 1 113 gi|17 6615 8294 258 gi|26 34163 35832
msp 1747 s 942 76.7 1 116 gi|17 14539 15311 258 gi|26 34376 35148
msp 2122 p 1976 76.7 1 258 gi|26 34172 35886 524 gi|43 31673 33395
msp 2124 s 1277 78.4 1 258 gi|26 34316 34773 365 gi|34 24768 25178
msp 2126 s 891 75.5 1 258 gi|26 34859 35189 366 gi|34 25160 25474
msp 2128 s 784 77.1 1 258 gi|26 35241 35830 367 gi|34 25408 26003
msp 2181 p 3911 78.1 -1 656 gi|25 30919 32581 258 gi|26 34165 35837
edge 365 p -1 81 7 258
edge 376 s 0 0 113 258
edge 389 s 0 0 116 258
edge 400 s 0 0 148 258
edge 429 s 0 0 258 128
edge 430 s 0 0 258 365
edge 431 s 0 0 258 366
edge 432 s 0 0 258 367
edge 433 p 1 76 258 524
edge 434 s 0 0 258 592
edge 470 p -1 78 656 258
pcp 34165 656
pcp 34172 524
pcp 34727 7
pcp 34881 7
pcp 35837 656
pcp 35886 524
