frag gi|27 18485 19143
img_no 5
flimg_no 1
edge_no 5
msp 263 p 539 73.9 -1 715 gi|3 39911 40236 267 gi|27 18810 19144
msp 1988 p 325 69.2 -1 267 gi|27 18484 18795 713 gi|48 6 317
msp 1990 p 920 71.2 1 267 gi|27 18486 19145 716 gi|37 10496 11146
msp 1992 p 916 74.8 1 267 gi|27 18661 19141 711 gi|37 12128 12599
msp 2095 s 680 69.0 -1 719 gi|26 19790 20258 267 gi|27 18669 19143
edge 1306 p 1 74 711 267
edge 1310 p -1 69 713 267
edge 1315 p -1 73 715 267
edge 1323 p 1 71 716 267
edge 1327 s 0 0 719 267
pcp 18484 713
pcp 18486 716
pcp 18661 711
pcp 18795 713
pcp 18810 715
pcp 19141 711
pcp 19144 715
pcp 19145 716
