frag gi|28 5654 6380
img_no 12
edge_no 12
msp 177 s 281 76.6 -1 309 gi|3 24426 24502 283 gi|28 6069 6145
msp 199 s 340 72.3 1 314 gi|3 34087 34570 283 gi|28 5674 6148
msp 339 s 304 77.5 -1 15 gi|1 34734 35186 283 gi|28 5710 6150
msp 659 s 253 71.4 -1 620 gi|7 3030 3120 283 gi|28 6056 6145
msp 809 s 269 74.1 1 31 gi|10 32213 32629 283 gi|28 5745 6149
msp 863 s 438 72.8 1 58 gi|12 27912 28399 283 gi|28 5670 6148
msp 1477 s 343 75.0 -1 654 gi|15 24912 25412 283 gi|28 5654 6148
msp 1517 s 763 72.8 1 105 gi|16 28668 29295 283 gi|28 5748 6380
msp 2022 s 286 76.8 -1 283 gi|28 6055 6149 348 gi|33 20742 20836
msp 2024 s 324 79.4 -1 283 gi|28 6069 6175 457 gi|39 26193 26299
msp 2026 s 293 77.1 -1 283 gi|28 6070 6152 400 gi|36 18902 18988
msp 2159 s 360 75.8 1 234 gi|25 14697 14878 283 gi|28 5769 5950
edge 49 s 0 0 58 283
edge 102 s 0 0 309 283
edge 120 s 0 0 348 283
edge 159 s 0 0 15 283
edge 179 s 0 0 31 283
edge 208 s 0 0 105 283
edge 245 s 0 0 314 283
edge 251 s 0 0 400 283
edge 260 s 0 0 457 283
edge 279 s 0 0 283 234
edge 280 s 0 0 283 620
edge 334 s 0 0 654 283
