frag gi|28 17757 18193
img_no 4
edge_no 4
msp 1623 p 335 79.3 -1 126 gi|18 1742 2084 289 gi|28 17850 18193
msp 1625 p 293 84.0 -1 127 gi|18 2117 2272 289 gi|28 17757 17917
msp 2040 p 328 78.3 1 289 gi|28 17793 18119 447 gi|38 35315 35646
msp 2042 p 273 81.2 -1 289 gi|28 17985 18080 528 gi|43 39159 39256
edge 1111 p -1 79 126 289
edge 1112 p -1 84 289 127
edge 1113 p 1 78 289 447
edge 1114 p -1 81 289 528
pcp 17757 127
pcp 17793 447
pcp 17850 126
pcp 17917 127
pcp 17985 528
pcp 18080 528
pcp 18119 447
pcp 18193 126
