frag gi|10 27477 27792
img_no 9
edge_no 9
msp 357 s 282 67.7 -1 16 gi|1 35354 35520 29 gi|10 27577 27743
msp 533 p 259 81.9 1 598 gi|5 19219 19434 29 gi|10 27531 27754
msp 778 s 335 74.2 -1 29 gi|10 27477 27685 654 gi|15 24864 25072
msp 780 s 272 71.7 1 29 gi|10 27529 27765 112 gi|17 2396 2623
msp 782 s 312 74.6 -1 29 gi|10 27545 27792 400 gi|36 18761 19005
msp 784 s 317 75.9 1 29 gi|10 27553 27718 203 gi|22 32280 32442
msp 786 s 290 76.4 1 29 gi|10 27556 27661 238 gi|25 28746 28851
msp 788 s 255 77.5 -1 29 gi|10 27561 27640 185 gi|21 24839 24918
msp 790 s 315 75.5 1 29 gi|10 27561 27744 35 gi|11 578 761
edge 12 s 0 0 35 29
edge 86 s 0 0 238 29
edge 162 s 0 0 16 29
edge 170 s 0 0 29 112
edge 171 s 0 0 29 185
edge 172 s 0 0 29 203
edge 173 s 0 0 29 400
edge 174 p 1 81 29 598
edge 321 s 0 0 654 29
pcp 27754 598
pcp 27531 598
