frag gi|3 22409 23130
img_no 10
edge_no 9
msp 126 p 433 76.2 1 308 gi|3 22409 22580 24 gi|10 19753 19924
msp 128 s 751 73.1 -1 308 gi|3 22411 22700 602 gi|5 25699 25988
msp 130 s 1085 74.5 1 308 gi|3 22413 23062 324 gi|30 30248 30901
msp 132 s 872 72.0 1 308 gi|3 22422 22700 399 gi|36 16844 17122
msp 134 s 566 71.6 1 308 gi|3 22422 23058 619 gi|7 1015 1651
msp 136 s 418 71.1 1 308 gi|3 22439 22701 620 gi|7 2836 3098
msp 138 s 270 73.1 1 308 gi|3 22463 22704 325 gi|30 32070 32311
msp 140 s 352 70.6 1 308 gi|3 22483 22839 400 gi|36 18763 19125
msp 142 s 597 79.1 1 308 gi|3 22863 23130 399 gi|36 17291 17555
msp 144 s 262 83.3 1 308 gi|3 22989 23108 84 gi|15 14738 14854
edge 252 s 0 0 400 308
edge 284 s 0 0 620 308
edge 291 s 0 0 84 308
edge 301 s 0 0 324 308
edge 306 s 0 0 325 308
edge 311 s 0 0 399 308
edge 316 s 0 0 602 308
edge 320 s 0 0 619 308
edge 509 p 1 76 24 308
pcp 22409 24
pcp 22580 24
