frag gi|31 9126 14544
img_no 21
edge_no 6
msp 1013 p 47864 98.3 -1 38 gi|11 6350 11757 331 gi|31 9137 14544
msp 1025 s 270 83.3 1 38 gi|11 6645 6716 331 gi|31 12400 12474
msp 1039 s 250 88.6 1 38 gi|11 8425 8468 331 gi|31 14183 14222
msp 1107 s 17449 98.8 -1 677 gi|13 38022 39939 331 gi|31 12432 14351
msp 1111 s 258 90.0 1 677 gi|13 38149 38188 331 gi|31 12431 12474
msp 1125 s 287 95.3 1 677 gi|13 39897 39939 331 gi|31 14183 14221
msp 1155 s 525 100.0 -1 677 gi|13 40185 40245 331 gi|31 12365 12425
msp 1355 s 30196 99.2 1 75 gi|14 27256 30551 331 gi|31 9126 12425
msp 1377 s 17806 98.1 1 75 gi|14 30797 32781 331 gi|31 12432 14418
msp 1379 s 287 95.3 -1 75 gi|14 30797 30839 331 gi|31 14183 14221
msp 1391 s 258 90.0 -1 75 gi|14 32548 32587 331 gi|31 12431 12474
msp 2232 s 48612 99.5 1 331 gi|31 9170 14422 343 gi|33 3867 9120
msp 2234 s 48037 99.2 -1 331 gi|31 9184 14422 482 gi|40 9934 15173
msp 2236 p 29670 99.6 1 331 gi|31 9216 12425 346 gi|33 13003 16210
msp 2238 s 262 90.9 -1 331 gi|31 12431 12474 343 gi|33 8881 8920
msp 2240 s 262 90.9 -1 331 gi|31 12431 12474 346 gi|33 18207 18246
msp 2242 s 262 90.9 1 331 gi|31 12431 12474 482 gi|40 10134 10173
msp 2244 p 17381 96.6 1 331 gi|31 12432 14533 346 gi|33 16456 18564
msp 2246 s 281 94.9 -1 331 gi|31 14183 14221 346 gi|33 16456 16498
msp 2248 s 258 90.0 -1 331 gi|31 14183 14222 343 gi|33 7129 7172
msp 2250 s 258 90.0 1 331 gi|31 14183 14222 482 gi|40 11882 11925
edge 689 p -1 98 38 331
edge 701 s 0 0 75 331
edge 707 s 0 0 331 343
edge 708 p 1 97 331 346
edge 709 s 0 0 331 482
edge 757 s 0 0 677 331
pcp 14544 38
pcp 14533 346
pcp 12432 346
pcp 12425 346
pcp 9216 346
pcp 9137 38
