frag gi|32 5817 6968
img_no 12
edge_no 9
msp 75 s 269 80.9 1 478 gi|4 37817 37931 335 gi|32 5833 5953
msp 537 s 290 76.5 1 598 gi|5 19253 19414 335 gi|32 5861 6022
msp 1469 s 268 82.4 -1 654 gi|15 24816 25014 335 gi|32 6669 6858
msp 1593 p 282 71.7 -1 152 gi|19 18876 19020 335 gi|32 6329 6467
msp 1941 p 611 76.1 1 200 gi|22 21056 21390 335 gi|32 6638 6968
msp 1943 p 820 74.8 1 200 gi|22 21086 22170 335 gi|32 5817 6886
msp 1945 p 466 79.6 1 200 gi|22 21958 22182 335 gi|32 5834 6058
msp 1963 s 264 81.6 1 203 gi|22 32200 32406 335 gi|32 6616 6810
msp 2009 s 261 73.0 -1 275 gi|27 36479 36630 335 gi|32 6748 6896
msp 2011 s 269 80.7 -1 275 gi|27 36504 36627 335 gi|32 5914 6033
msp 2013 p 690 71.5 -1 276 gi|27 36880 37527 335 gi|32 5847 6495
msp 2015 p 317 76.2 -1 278 gi|27 37867 37967 335 gi|32 6365 6465
edge 239 s 0 0 203 335
edge 267 s 0 0 478 335
edge 298 s 0 0 598 335
edge 337 s 0 0 654 335
edge 1067 p -1 71 152 335
edge 1068 p 1 79 335 200
edge 1069 s 0 0 335 275
edge 1070 p -1 71 335 276
edge 1071 p -1 76 335 278
pcp 6968 200
pcp 6886 200
pcp 6638 200
pcp 6495 276
pcp 6467 152
pcp 6465 278
pcp 6365 278
pcp 6329 152
pcp 6058 200
pcp 5847 276
pcp 5834 200
pcp 5817 200
