frag gi|33 12493 13001
img_no 34
edge_no 6
msp 1143 s 250 73.6 -1 677 gi|13 40091 40162 345 gi|33 12853 12926
msp 1147 s 406 83.8 -1 677 gi|13 40093 40172 345 gi|33 12568 12648
msp 1217 s 800 82.8 1 73 gi|14 17612 17797 345 gi|33 12497 12674
msp 1221 s 299 73.6 1 73 gi|14 17622 17761 345 gi|33 12768 12923
msp 1241 s 315 72.7 1 73 gi|14 18316 18732 345 gi|33 12556 12995
msp 1259 s 380 78.6 1 73 gi|14 18401 18554 345 gi|33 12757 12917
msp 1277 s 470 72.3 1 73 gi|14 18576 19005 345 gi|33 12493 12916
msp 1283 s 927 79.8 1 73 gi|14 18589 19008 345 gi|33 12586 12995
msp 1295 s 1254 80.0 1 73 gi|14 18855 19268 345 gi|33 12571 13001
msp 1297 s 919 81.6 1 73 gi|14 18868 19259 345 gi|33 12507 12916
msp 1319 s 436 74.0 1 73 gi|14 19121 19513 345 gi|33 12576 12993
msp 1323 s 544 76.1 1 73 gi|14 19127 19519 345 gi|33 12507 12921
msp 1327 s 371 74.7 1 73 gi|14 19206 19438 345 gi|33 12771 12993
msp 1345 s 753 87.4 1 73 gi|14 19377 19519 345 gi|33 12503 12647
msp 1347 s 433 76.2 1 73 gi|14 19383 19512 345 gi|33 12586 12716
msp 1349 s 284 77.5 1 73 gi|14 19383 19524 345 gi|33 12661 12833
msp 1363 s 406 83.8 1 75 gi|14 30564 30643 345 gi|33 12568 12648
msp 1367 s 250 73.6 1 75 gi|14 30574 30645 345 gi|33 12853 12926
msp 1407 s 257 84.6 1 80 gi|15 2966 3017 345 gi|33 12942 12993
msp 2273 s 800 82.8 1 332 gi|31 31896 32081 345 gi|33 12497 12674
msp 2275 s 299 73.6 1 332 gi|31 31906 32045 345 gi|33 12768 12923
msp 2279 s 315 72.7 1 332 gi|31 32599 33015 345 gi|33 12556 12995
msp 2283 s 380 78.6 1 332 gi|31 32684 32837 345 gi|33 12757 12917
msp 2289 s 470 72.3 1 332 gi|31 32859 33288 345 gi|33 12493 12916
msp 2291 s 927 79.8 1 332 gi|31 32872 33291 345 gi|33 12586 12995
msp 2297 s 1254 80.0 1 332 gi|31 33138 33551 345 gi|33 12571 13001
msp 2299 s 919 81.6 1 332 gi|31 33151 33542 345 gi|33 12507 12916
msp 2305 s 436 74.0 1 332 gi|31 33404 33796 345 gi|33 12576 12993
msp 2307 s 544 76.1 1 332 gi|31 33410 33802 345 gi|33 12507 12921
msp 2309 s 371 74.7 1 332 gi|31 33489 33721 345 gi|33 12771 12993
msp 2315 s 753 87.4 1 332 gi|31 33660 33802 345 gi|33 12503 12647
msp 2317 s 433 76.2 1 332 gi|31 33666 33795 345 gi|33 12586 12716
msp 2319 s 284 77.5 1 332 gi|31 33666 33807 345 gi|33 12661 12833
msp 2346 s 265 80.0 1 345 gi|33 12758 12842 548 gi|45 6358 6441
edge 704 s 0 0 75 345
edge 722 s 0 0 73 345
edge 740 s 0 0 332 345
edge 752 s 0 0 345 80
edge 753 s 0 0 345 548
edge 760 s 0 0 677 345
