frag gi|11 6328 11757
img_no 21
edge_no 6
msp 1010 p 48151 98.2 -1 38 gi|11 6328 11730 343 gi|33 3867 9271
msp 1012 p 47864 98.3 -1 38 gi|11 6350 11757 331 gi|31 9137 14544
msp 1014 s 17279 97.5 -1 38 gi|11 6441 8467 346 gi|33 16456 18474
msp 1016 s 47510 98.8 1 38 gi|11 6478 11716 482 gi|40 9933 15173
msp 1018 s 18135 98.6 -1 38 gi|11 6483 8467 75 gi|14 30797 32781
msp 1020 p 17687 98.6 1 38 gi|11 6517 8467 677 gi|13 37989 39939
msp 1022 s 270 83.3 1 38 gi|11 6645 6716 343 gi|33 7098 7172
msp 1024 s 270 83.3 1 38 gi|11 6645 6716 331 gi|31 12400 12474
msp 1026 s 270 83.3 -1 38 gi|11 6645 6716 482 gi|40 11882 11956
msp 1028 s 281 94.9 1 38 gi|11 6678 6716 346 gi|33 16456 16498
msp 1030 s 281 94.9 1 38 gi|11 6678 6716 75 gi|14 30797 30839
msp 1032 s 281 94.9 -1 38 gi|11 6678 6716 677 gi|13 39897 39939
msp 1034 s 250 88.6 1 38 gi|11 8425 8468 343 gi|33 8881 8920
msp 1036 s 250 88.6 1 38 gi|11 8425 8468 346 gi|33 18207 18246
msp 1038 s 250 88.6 1 38 gi|11 8425 8468 331 gi|31 14183 14222
msp 1040 s 250 88.6 -1 38 gi|11 8425 8468 482 gi|40 10134 10173
msp 1042 s 250 88.6 1 38 gi|11 8425 8468 75 gi|14 32548 32587
msp 1044 s 250 88.6 -1 38 gi|11 8425 8468 677 gi|13 38149 38188
msp 1046 s 29784 99.8 -1 38 gi|11 8474 11684 346 gi|33 13003 16210
msp 1048 s 30209 99.6 -1 38 gi|11 8474 11732 75 gi|14 27293 30551
msp 1050 p 502 98.4 1 38 gi|11 8474 8534 677 gi|13 40185 40245
edge 688 s 0 0 38 75
edge 689 p -1 98 38 331
edge 690 p -1 98 38 343
edge 691 s 0 0 38 346
edge 692 s 0 0 38 482
edge 754 p 1 98 677 38
pcp 11757 331
pcp 11730 343
pcp 8534 677
pcp 8474 677
pcp 8467 677
pcp 6517 677
pcp 6350 331
pcp 6328 343
