frag gi|36 15986 16705
img_no 5
edge_no 5
msp 525 s 366 74.4 -1 596 gi|5 16380 16555 398 gi|36 16312 16478
msp 747 s 338 77.6 -1 618 gi|6 37188 37459 398 gi|36 16351 16622
msp 1409 p 719 77.5 -1 699 gi|15 3159 3878 398 gi|36 15986 16688
msp 2387 s 512 75.1 -1 361 gi|34 17716 18048 398 gi|36 16378 16705
msp 2430 s 437 77.1 1 398 gi|36 15978 16566 504 gi|42 439 1004
edge 1011 s 0 0 361 398
edge 1015 s 0 0 398 504
edge 1016 s 0 0 398 596
edge 1017 s 0 0 398 618
edge 1022 p -1 77 699 398
pcp 15986 699
pcp 16688 699
