frag gi|37 27936 28229
img_no 5
edge_no 5
msp 57 s 258 81.5 1 477 gi|4 35343 35461 422 gi|37 28001 28119
msp 875 s 277 75.9 1 58 gi|12 28253 28501 422 gi|37 27936 28184
msp 1457 s 294 74.5 -1 654 gi|15 24765 24991 422 gi|37 28000 28229
msp 1503 p 384 68.5 1 101 gi|16 17117 17399 422 gi|37 27936 28215
msp 1699 s 295 77.2 1 112 gi|17 2384 2615 422 gi|37 27962 28196
edge 57 s 0 0 58 422
edge 202 p 1 68 101 422
edge 224 s 0 0 112 422
edge 282 s 0 0 422 477
edge 341 s 0 0 654 422
pcp 27936 101
pcp 28215 101
