frag gi|38 8860 8989
img_no 6
edge_no 2
msp 115 s 922 97.4 1 307 gi|3 17980 18094 430 gi|38 8874 8989
msp 407 s 918 95.6 1 170 gi|2 27146 27282 430 gi|38 8860 8989
msp 1825 p 930 98.3 1 687 gi|20 12410 12524 430 gi|38 8874 8989
msp 1873 s 930 98.3 1 220 gi|24 5977 6091 430 gi|38 8874 8989
msp 2462 s 891 95.7 -1 430 gi|38 8873 8989 485 gi|40 24633 24748
msp 2464 p 940 98.3 1 430 gi|38 8874 8989 691 gi|46 28088 28202
edge 904 p 1 98 687 430
edge 932 p 1 98 691 430
pcp 8989 691
pcp 8874 691
pcp 8989 687
pcp 8874 687
