frag gi|4 39274 39670
img_no 4
flimg_no 1
edge_no 4
msp 76 p 436 74.3 -1 479 gi|4 39267 39670 245 gi|26 13844 14263
msp 78 p 296 79.3 1 479 gi|4 39276 39415 34 gi|10 39041 39180
msp 80 p 477 76.9 -1 479 gi|4 39278 39571 243 gi|26 12728 13012
msp 82 p 321 74.1 -1 479 gi|4 39278 39547 246 gi|26 14368 14643
edge 516 p 1 79 34 479
edge 517 p -1 76 479 243
edge 518 p -1 74 479 245
edge 519 p -1 74 479 246
pcp 39267 245
pcp 39276 34
pcp 39278 243
pcp 39278 246
pcp 39415 34
pcp 39547 246
pcp 39571 243
pcp 39670 245
