frag gi|40 22119 24747
img_no 11
flimg_no 5
edge_no 10
msp 113 p 23444 98.1 -1 307 gi|3 17980 20641 485 gi|40 22123 24747
msp 409 p 22598 96.6 -1 706 gi|2 27167 29835 485 gi|40 22123 24748
msp 1823 p 22668 97.0 -1 687 gi|20 12410 15064 485 gi|40 22119 24747
msp 1871 p 22520 96.3 -1 220 gi|24 5973 8642 485 gi|40 22118 24750
msp 2323 s 781 75.4 -1 341 gi|33 2004 2401 485 gi|40 23947 24348
msp 2329 s 287 71.3 -1 341 gi|33 2629 2851 485 gi|40 23516 23735
msp 2333 p 295 68.2 -1 342 gi|33 3436 3658 485 gi|40 22823 23054
msp 2417 s 2027 92.5 1 709 gi|37 27668 27926 485 gi|40 22122 22380
msp 2444 p 22698 97.0 -1 485 gi|40 22119 24747 691 gi|46 28088 30742
msp 2463 p 875 95.7 -1 710 gi|38 8875 8989 485 gi|40 24633 24746
msp 2467 p 22344 98.1 -1 432 gi|38 10221 12806 485 gi|40 22117 24652
edge 906 p -1 97 687 485
edge 934 p -1 97 691 485
edge 1186 p -1 96 220 485
edge 1192 p -1 98 307 485
edge 1194 s 0 0 341 485
edge 1196 p -1 68 342 485
edge 1200 p -1 98 432 485
edge 1209 p -1 96 706 485
edge 1215 s 0 0 709 485
edge 1222 p -1 95 710 485
pcp 22117 432
pcp 22118 220
pcp 22119 691
pcp 22119 687
pcp 22123 706
pcp 22123 307
pcp 22823 342
pcp 23054 342
pcp 24633 710
pcp 24652 432
pcp 24746 710
pcp 24747 691
pcp 24747 307
pcp 24747 687
pcp 24748 706
pcp 24750 220
