frag gi|43 31675 33395
img_no 16
flimg_no 1
edge_no 15
msp 307 s 271 86.8 -1 7 gi|1 20596 20724 524 gi|43 32262 32381
msp 465 s 1332 72.8 1 592 gi|5 8013 9567 524 gi|43 31743 33333
msp 1549 p 310 74.5 1 142 gi|19 2913 3171 524 gi|43 31776 32024
msp 1575 s 1495 77.1 1 148 gi|19 11421 12706 524 gi|43 31880 33192
msp 1637 s 1743 75.4 1 128 gi|18 2466 3430 524 gi|43 31880 32859
msp 1725 s 1681 75.9 1 113 gi|17 6822 8315 524 gi|43 31871 33394
msp 1753 s 1090 76.2 1 116 gi|17 14548 15243 524 gi|43 31880 32563
msp 2105 s 602 81.0 1 255 gi|26 31002 31333 524 gi|43 32046 32388
msp 2113 s 481 80.3 1 256 gi|26 31721 32110 524 gi|43 32991 33396
msp 2115 s 1615 77.1 1 657 gi|26 32282 33918 524 gi|43 31676 33333
msp 2123 p 1976 76.7 1 258 gi|26 34172 35886 524 gi|43 31673 33395
msp 2131 s 1024 74.6 1 259 gi|26 36073 36902 524 gi|43 31711 32528
msp 2137 s 419 77.9 1 259 gi|26 37180 37590 524 gi|43 32815 33237
msp 2183 p 1814 77.2 -1 656 gi|25 30923 32583 524 gi|43 31677 33348
msp 2391 s 744 78.1 1 365 gi|34 24858 25217 524 gi|43 31948 32308
msp 2393 s 267 72.6 1 366 gi|34 25172 25437 524 gi|43 32376 32665
edge 367 s 0 0 7 524
edge 381 s 0 0 113 524
edge 392 s 0 0 116 524
edge 405 s 0 0 148 524
edge 421 s 0 0 255 524
edge 433 p 1 76 258 524
edge 440 s 0 0 259 524
edge 442 s 0 0 524 128
edge 443 p 1 74 524 142
edge 444 s 0 0 524 256
edge 445 s 0 0 524 365
edge 446 s 0 0 524 366
edge 447 s 0 0 524 592
edge 475 p -1 77 656 524
edge 485 s 0 0 657 524
pcp 31673 258
pcp 31677 656
pcp 31776 142
pcp 32024 142
pcp 33348 656
pcp 33395 258
