frag gi|44 14 1710
img_no 22
flimg_no 1
edge_no 16
msp 195 s 389 71.5 1 314 gi|3 34074 34586 530 gi|44 928 1467
msp 229 s 254 70.3 1 314 gi|3 34474 34766 530 gi|44 303 598
msp 341 s 343 74.4 -1 15 gi|1 34993 35265 530 gi|44 879 1173
msp 505 s 272 72.9 1 595 gi|5 15079 15196 530 gi|44 287 415
msp 517 s 332 79.6 1 595 gi|5 15104 15196 530 gi|44 1375 1467
msp 689 p 2489 74.8 -1 626 gi|7 37012 38691 530 gi|44 14 1710
msp 717 s 640 73.0 -1 626 gi|7 38203 38568 530 gi|44 1192 1554
msp 815 s 331 72.0 1 31 gi|10 32535 32727 530 gi|44 306 498
msp 839 s 288 82.7 1 50 gi|12 6969 7072 530 gi|44 392 498
msp 871 s 276 71.6 1 58 gi|12 28127 28594 530 gi|44 110 597
msp 961 s 266 72.3 1 35 gi|11 206 769 530 gi|44 1000 1566
msp 985 s 409 76.2 1 35 gi|11 544 753 530 gi|44 293 498
msp 1447 s 272 76.9 -1 654 gi|15 24691 25072 530 gi|44 1288 1669
msp 1467 s 338 74.5 -1 654 gi|15 24816 25234 530 gi|44 56 498
msp 1527 s 271 77.0 1 105 gi|16 28979 29161 530 gi|44 1368 1550
msp 1909 s 438 72.9 -1 185 gi|21 24742 25099 530 gi|44 1177 1554
msp 2141 p 272 75.9 1 261 gi|26 40078 40243 530 gi|44 889 1065
msp 2161 s 274 77.4 1 234 gi|25 14779 15260 530 gi|44 1146 1641
msp 2173 s 370 74.3 1 238 gi|25 28743 28843 530 gi|44 315 415
msp 2175 s 329 77.7 1 238 gi|25 28743 29006 530 gi|44 1367 1615
msp 2363 s 254 68.3 -1 348 gi|33 20724 20824 530 gi|44 1370 1470
msp 2481 s 451 74.8 -1 457 gi|39 26037 26436 530 gi|44 1232 1634
edge 31 s 0 0 35 530
edge 59 s 0 0 58 530
edge 96 s 0 0 238 530
edge 125 s 0 0 348 530
edge 149 s 0 0 595 530
edge 161 s 0 0 15 530
edge 182 s 0 0 31 530
edge 211 s 0 0 105 530
edge 232 s 0 0 185 530
edge 248 s 0 0 314 530
edge 263 s 0 0 457 530
edge 268 s 0 0 530 50
edge 269 s 0 0 530 234
edge 270 p 1 75 530 261
edge 271 p -1 74 530 626
edge 343 s 0 0 654 530
pcp 1710 626
pcp 1065 261
pcp 889 261
pcp 14 626
