frag gi|44 21549 21834
img_no 7
flimg_no 3
edge_no 7
msp 915 p 2642 99.7 1 665 gi|9 7199 7489 539 gi|44 21549 21841
msp 941 p 2449 98.3 -1 676 gi|9 28925 29209 539 gi|44 21549 21829
msp 1003 p 2622 99.7 1 670 gi|11 3320 3604 539 gi|44 21549 21833
msp 1555 p 2668 99.3 -1 145 gi|19 4507 4806 539 gi|44 21549 21844
msp 1999 p 2641 99.7 -1 672 gi|27 23729 24015 539 gi|44 21549 21835
msp 2423 p 289 87.2 1 673 gi|37 36529 36575 539 gi|44 21783 21830
msp 2487 p 2213 94.3 -1 674 gi|39 30591 30872 539 gi|44 21549 21830
edge 538 p -1 99 145 539
edge 614 p 1 99 665 539
edge 638 p 1 99 670 539
edge 651 p -1 99 672 539
edge 660 p 1 87 673 539
edge 672 p -1 94 674 539
edge 680 p -1 98 676 539
pcp 21549 676
pcp 21549 670
pcp 21549 674
pcp 21549 145
pcp 21549 672
pcp 21549 665
pcp 21783 673
pcp 21829 676
pcp 21830 674
pcp 21830 673
pcp 21833 670
pcp 21835 672
pcp 21841 665
pcp 21844 145
