frag gi|6 37119 37461
img_no 5
flimg_no 1
edge_no 5
msp 399 s 363 77.5 -1 700 gi|2 10613 10816 618 gi|6 37250 37456
msp 744 p 423 75.7 1 618 gi|6 37119 37461 699 gi|15 3156 3490
msp 746 s 338 77.6 -1 618 gi|6 37188 37459 398 gi|36 16351 16622
msp 748 s 406 74.0 1 618 gi|6 37213 37427 361 gi|34 17823 18043
msp 750 s 338 79.4 -1 618 gi|6 37344 37450 504 gi|42 799 905
edge 1014 s 0 0 361 618
edge 1017 s 0 0 398 618
edge 1019 s 0 0 504 618
edge 1025 p 1 75 699 618
edge 1031 s 0 0 700 618
pcp 37119 699
pcp 37461 699
