frag gi|7 2829 3484
img_no 12
edge_no 12
msp 137 s 418 71.1 1 308 gi|3 22439 22701 620 gi|7 2836 3098
msp 551 p 268 72.1 -1 602 gi|5 25660 25967 620 gi|7 2829 3136
msp 642 s 256 68.0 1 620 gi|7 2836 3144 399 gi|36 16861 17169
msp 644 s 277 71.9 1 620 gi|7 2843 3134 325 gi|30 32056 32346
msp 646 s 656 73.0 1 620 gi|7 2852 3281 400 gi|36 18735 19164
msp 648 s 436 78.3 -1 620 gi|7 3011 3472 105 gi|16 28635 29078
msp 650 s 409 72.7 1 620 gi|7 3027 3484 324 gi|30 30465 30922
msp 652 s 258 79.0 -1 620 gi|7 3028 3103 31 gi|10 32552 32624
msp 654 s 314 80.3 1 620 gi|7 3030 3105 654 gi|15 24915 24990
msp 656 s 253 78.5 -1 620 gi|7 3030 3108 58 gi|12 28318 28396
msp 658 s 253 71.4 -1 620 gi|7 3030 3120 283 gi|28 6056 6145
msp 660 p 255 74.3 -1 620 gi|7 3384 3457 88 gi|15 17822 17895
edge 62 s 0 0 58 620
edge 184 s 0 0 31 620
edge 212 s 0 0 105 620
edge 258 s 0 0 400 620
edge 280 s 0 0 283 620
edge 283 p -1 74 620 88
edge 284 s 0 0 620 308
edge 285 s 0 0 620 324
edge 286 s 0 0 620 325
edge 287 s 0 0 620 399
edge 288 p -1 72 620 602
edge 346 s 0 0 654 620
pcp 2829 602
pcp 3136 602
pcp 3384 88
pcp 3457 88
