frag gi|7 37012 38691
img_no 21
flimg_no 1
edge_no 13
msp 219 s 303 75.0 -1 314 gi|3 34404 34699 626 gi|7 38174 38481
msp 499 s 275 74.5 -1 595 gi|5 14886 15206 626 gi|7 38278 38609
msp 515 s 263 68.9 -1 595 gi|5 15104 15206 626 gi|7 37276 37380
msp 688 p 2489 74.8 -1 626 gi|7 37012 38691 530 gi|44 14 1710
msp 690 s 345 67.7 -1 626 gi|7 37132 37382 35 gi|11 576 826
msp 692 s 291 71.3 -1 626 gi|7 37252 37380 58 gi|12 28323 28451
msp 694 s 343 74.0 -1 626 gi|7 37262 37388 238 gi|25 28743 28869
msp 696 s 271 67.5 1 626 gi|7 37268 37393 185 gi|21 24806 24931
msp 698 s 336 69.5 1 626 gi|7 37288 37392 348 gi|33 20727 20831
msp 700 s 280 69.5 1 626 gi|7 37288 37382 541 gi|44 22954 23048
msp 702 s 346 73.9 1 626 gi|7 37288 37440 654 gi|15 24896 25043
msp 704 s 303 68.6 1 626 gi|7 37288 37392 457 gi|39 26204 26308
msp 706 s 519 69.3 -1 626 gi|7 38141 38397 35 gi|11 563 819
msp 708 s 326 73.0 -1 626 gi|7 38171 38385 58 gi|12 28320 28531
msp 710 s 299 75.6 -1 626 gi|7 38173 38573 111 gi|17 1422 1804
msp 712 s 368 73.4 1 626 gi|7 38196 38387 185 gi|21 24735 24923
msp 714 s 275 70.8 1 626 gi|7 38200 38398 407 gi|36 35052 35251
msp 716 s 640 73.0 -1 626 gi|7 38203 38568 530 gi|44 1192 1554
msp 718 s 325 70.8 1 626 gi|7 38287 38481 348 gi|33 20724 20905
msp 720 s 340 68.3 -1 626 gi|7 38290 38390 238 gi|25 28743 28843
msp 722 s 257 72.7 1 626 gi|7 38290 38388 457 gi|39 26204 26302
edge 34 s 0 0 35 626
edge 63 s 0 0 58 626
edge 98 s 0 0 238 626
edge 128 s 0 0 348 626
edge 140 s 0 0 407 626
edge 151 s 0 0 595 626
edge 219 s 0 0 111 626
edge 234 s 0 0 185 626
edge 250 s 0 0 314 626
edge 265 s 0 0 457 626
edge 271 p -1 74 530 626
edge 274 s 0 0 541 626
edge 347 s 0 0 654 626
pcp 38691 530
pcp 37012 530
