frag gi|25 30922 32581
img_no 16
flimg_no 4
edge_no 16
msp 311 p 645 77.5 1 7 gi|1 20603 20749 656 gi|25 31875 32021
msp 457 p 3129 72.7 -1 592 gi|5 8004 9580 656 gi|25 30926 32514
msp 1551 s 349 74.3 -1 142 gi|19 3028 3171 656 gi|25 32222 32366
msp 1567 p 3631 78.8 -1 148 gi|19 11211 12858 656 gi|25 30918 32579
msp 1631 s 1810 75.2 -1 128 gi|18 2314 3902 656 gi|25 30930 32515
msp 1711 p 3284 74.3 -1 113 gi|17 6617 8285 656 gi|25 30918 32583
msp 1745 s 1334 77.3 -1 116 gi|17 14399 15745 656 gi|25 31151 32515
msp 2178 p 1125 73.6 -1 656 gi|25 30918 31654 256 gi|26 31312 32057
msp 2180 p 3911 78.1 -1 656 gi|25 30919 32581 258 gi|26 34165 35837
msp 2182 p 1814 77.2 -1 656 gi|25 30923 32583 524 gi|43 31677 33348
msp 2184 p 3702 76.6 -1 656 gi|25 30934 32583 657 gi|26 32282 33925
msp 2186 s 395 73.8 -1 656 gi|25 30939 31465 367 gi|34 25460 25989
msp 2188 s 3045 76.2 -1 656 gi|25 30980 32583 259 gi|26 36023 37646
msp 2190 s 492 81.3 -1 656 gi|25 31568 31883 366 gi|34 25165 25461
msp 2192 p 1400 77.7 -1 656 gi|25 31875 32232 255 gi|26 30953 31319
msp 2194 s 894 74.0 -1 656 gi|25 31950 32307 365 gi|34 24849 25197
edge 461 p 1 77 656 7
edge 462 p -1 74 656 113
edge 463 s 0 0 656 116
edge 464 s 0 0 656 128
edge 465 s 0 0 656 142
edge 466 p -1 78 656 148
edge 467 p -1 76 656 255
edge 468 p -1 72 656 256
edge 470 p -1 78 656 258
edge 471 s 0 0 656 259
edge 472 s 0 0 656 365
edge 473 s 0 0 656 366
edge 474 s 0 0 656 367
edge 475 p -1 77 656 524
edge 476 p -1 72 656 592
edge 487 p -1 76 657 656
pcp 30918 148
pcp 30918 113
pcp 30918 256
pcp 30919 258
pcp 30923 524
pcp 30926 592
pcp 30934 657
pcp 31654 256
pcp 31875 7
pcp 31875 255
pcp 32021 7
pcp 32232 255
pcp 32514 592
pcp 32579 148
pcp 32581 258
pcp 32583 524
pcp 32583 113
pcp 32583 657
