frag gi|26 32282 33971
img_no 11
edge_no 11
msp 299 p 824 80.7 -1 7 gi|1 20595 20749 657 gi|26 32834 32988
msp 455 s 2655 74.7 1 592 gi|5 7979 9452 657 gi|26 32315 33800
msp 1569 s 5889 79.2 1 148 gi|19 11268 12841 657 gi|26 32329 33918
msp 1629 s 1587 75.1 1 128 gi|18 2314 3894 657 gi|26 32340 33920
msp 1717 s 5181 77.4 1 113 gi|17 6681 8329 657 gi|26 32339 33971
msp 1743 s 767 74.7 1 116 gi|17 14383 15748 657 gi|26 32321 33713
msp 2114 s 1615 77.1 1 657 gi|26 32282 33918 524 gi|43 31676 33333
msp 2116 s 1085 74.8 1 657 gi|26 32282 32880 365 gi|34 24639 25178
msp 2118 s 850 78.2 1 657 gi|26 32966 33296 366 gi|34 25160 25474
msp 2120 s 711 75.8 1 657 gi|26 33444 33935 367 gi|34 25517 26007
msp 2185 p 3702 76.6 -1 656 gi|25 30934 32583 657 gi|26 32282 33925
edge 477 p -1 80 657 7
edge 478 s 0 0 657 113
edge 479 s 0 0 657 116
edge 480 s 0 0 657 128
edge 481 s 0 0 657 148
edge 482 s 0 0 657 365
edge 483 s 0 0 657 366
edge 484 s 0 0 657 367
edge 485 s 0 0 657 524
edge 486 s 0 0 657 592
edge 487 p -1 76 657 656
pcp 32282 656
pcp 32834 7
pcp 32988 7
pcp 33925 656
