frag gi|9 5815 7199
img_no 4
flimg_no 1
edge_no 4
msp 908 p 10271 97.8 1 664 gi|9 5812 6963 662 gi|40 31442 32595
msp 910 p 11594 98.6 -1 664 gi|9 5820 7092 439 gi|38 22453 23726
msp 2508 p 12657 99.0 1 664 gi|9 5814 7199 669 gi|11 1932 3318
msp 2510 p 2050 94.2 -1 664 gi|9 6949 7199 675 gi|39 30872 31122
edge 618 p -1 98 664 439
edge 621 p 1 97 664 662
edge 647 p 1 99 669 664
edge 667 p -1 94 675 664
pcp 5812 662
pcp 5814 669
pcp 5820 439
pcp 6949 675
pcp 6963 662
pcp 7092 439
pcp 7199 669
pcp 7199 675
