frag gi|9 7199 7485
img_no 8
flimg_no 6
edge_no 8
msp 906 p 2602 99.0 1 665 gi|9 7201 7485 670 gi|11 3319 3604
msp 912 p 2296 94.2 -1 665 gi|9 7200 7480 674 gi|39 30591 30871
msp 914 p 2642 99.7 1 665 gi|9 7199 7489 539 gi|44 21549 21841
msp 916 p 2624 99.3 -1 665 gi|9 7199 7489 663 gi|44 33821 34114
msp 918 p 2542 99.3 -1 665 gi|9 7199 7483 672 gi|27 23729 24015
msp 920 p 2638 100.0 -1 665 gi|9 7199 7489 145 gi|19 4510 4806
msp 922 p 253 79.2 -1 665 gi|9 7414 7489 506 gi|42 7279 7354
msp 924 p 289 87.5 1 665 gi|9 7433 7480 673 gi|37 36529 36575
edge 610 p -1 100 665 145
edge 613 p -1 79 665 506
edge 614 p 1 99 665 539
edge 617 p -1 99 665 663
edge 641 p 1 99 670 665
edge 654 p -1 99 672 665
edge 662 p 1 87 673 665
edge 674 p -1 94 674 665
pcp 7199 672
pcp 7199 539
pcp 7199 145
pcp 7199 663
pcp 7200 674
pcp 7201 670
pcp 7414 506
pcp 7433 673
pcp 7480 674
pcp 7480 673
pcp 7483 672
pcp 7485 670
pcp 7489 506
pcp 7489 539
pcp 7489 663
pcp 7489 145
