frag gi|9 29210 30591
img_no 4
flimg_no 1
edge_no 4
msp 942 p 12686 99.0 -1 667 gi|9 29210 30592 669 gi|11 1937 3319
msp 948 p 2022 93.0 1 667 gi|9 29210 29459 675 gi|39 30873 31122
msp 950 p 11577 98.3 1 667 gi|9 29316 30591 439 gi|38 22453 23728
msp 952 p 9796 96.5 -1 667 gi|9 29445 30592 662 gi|40 31456 32595
edge 622 p 1 98 667 439
edge 625 p -1 96 667 662
edge 648 p -1 99 669 667
edge 668 p 1 93 675 667
pcp 29210 675
pcp 29210 669
pcp 29316 439
pcp 29445 662
pcp 29459 675
pcp 30591 439
pcp 30592 669
pcp 30592 662
