frag gi|11 1934 3318
img_no 6
flimg_no 2
edge_no 6
msp 943 p 12686 99.0 -1 667 gi|9 29210 30592 669 gi|11 1937 3319
msp 990 p 212 94.3 1 669 gi|11 1932 1975 660 gi|30 35888 35923
msp 992 p 10159 97.1 1 669 gi|11 1933 3084 662 gi|40 31442 32595
msp 994 p 11596 98.6 -1 669 gi|11 1940 3213 439 gi|38 22453 23727
msp 2509 p 12657 99.0 1 664 gi|9 5814 7199 669 gi|11 1932 3318
msp 2516 p 2034 94.0 -1 669 gi|11 3070 3319 675 gi|39 30873 31122
edge 643 p -1 98 669 439
edge 645 p 1 94 669 660
edge 646 p 1 97 669 662
edge 647 p 1 99 669 664
edge 648 p -1 99 669 667
edge 669 p -1 94 675 669
pcp 1932 660
pcp 1932 664
pcp 1933 662
pcp 1937 667
pcp 1940 439
pcp 1975 660
pcp 3070 675
pcp 3084 662
pcp 3213 439
pcp 3318 664
pcp 3319 667
pcp 3319 675
