frag gi|37 36529 36576
img_no 8
flimg_no 8
edge_no 8
msp 925 p 289 87.5 1 665 gi|9 7433 7480 673 gi|37 36529 36575
msp 939 p 175 85.7 -1 676 gi|9 28926 28975 673 gi|37 36529 36578
msp 1007 p 289 87.5 1 670 gi|11 3554 3601 673 gi|37 36529 36575
msp 1563 p 289 87.5 -1 145 gi|19 4525 4572 673 gi|37 36529 36575
msp 1995 p 162 84.9 -1 672 gi|27 23734 23781 673 gi|37 36529 36578
msp 2422 p 289 87.2 1 673 gi|37 36529 36575 539 gi|44 21783 21830
msp 2426 p 270 83.7 -1 673 gi|37 36529 36576 674 gi|39 30590 30638
msp 2520 p 123 89.1 -1 673 gi|37 36529 36578 663 gi|44 33844 33880
edge 658 p -1 87 673 145
edge 660 p 1 87 673 539
edge 661 p -1 89 673 663
edge 662 p 1 87 673 665
edge 664 p 1 87 673 670
edge 665 p -1 84 673 672
edge 678 p -1 83 674 673
edge 684 p -1 85 676 673
pcp 36529 539
pcp 36529 676
pcp 36529 145
pcp 36529 674
pcp 36529 665
pcp 36529 663
pcp 36529 670
pcp 36529 672
pcp 36575 670
pcp 36575 539
pcp 36575 665
pcp 36575 145
pcp 36576 674
pcp 36578 672
pcp 36578 663
pcp 36578 676
