frag gi|39 30872 31122
img_no 4
flimg_no 3
edge_no 4
msp 949 p 2022 93.0 1 667 gi|9 29210 29459 675 gi|39 30873 31122
msp 2473 p 1115 90.3 1 439 gi|38 22453 22596 675 gi|39 30979 31122
msp 2511 p 2050 94.2 -1 664 gi|9 6949 7199 675 gi|39 30872 31122
msp 2517 p 2034 94.0 -1 669 gi|11 3070 3319 675 gi|39 30873 31122
edge 666 p 1 90 675 439
edge 667 p -1 94 675 664
edge 668 p 1 93 675 667
edge 669 p -1 94 675 669
pcp 30872 664
pcp 30873 669
pcp 30873 667
pcp 30979 439
pcp 31122 664
pcp 31122 667
pcp 31122 669
pcp 31122 439
