frag gi|13 37990 40245
img_no 34
flimg_no 2
edge_no 9
msp 1021 p 17687 98.6 1 38 gi|11 6517 8467 677 gi|13 37989 39939
msp 1033 s 281 94.9 -1 38 gi|11 6678 6716 677 gi|13 39897 39939
msp 1045 s 250 88.6 -1 38 gi|11 8425 8468 677 gi|13 38149 38188
msp 1051 p 502 98.4 1 38 gi|11 8474 8534 677 gi|13 40185 40245
msp 1098 p 20526 98.8 -1 677 gi|13 37989 40245 75 gi|14 30490 32748
msp 1100 p 20140 98.4 -1 677 gi|13 37992 40245 346 gi|33 16149 18405
msp 1102 p 17401 98.3 1 677 gi|13 38012 39939 482 gi|40 9994 11924
msp 1104 s 17368 98.6 -1 677 gi|13 38022 39939 343 gi|33 7130 9049
msp 1106 s 17449 98.8 -1 677 gi|13 38022 39939 331 gi|31 12432 14351
msp 1108 s 258 90.0 1 677 gi|13 38149 38188 343 gi|33 7129 7172
msp 1110 s 258 90.0 1 677 gi|13 38149 38188 331 gi|31 12431 12474
msp 1112 s 258 90.0 -1 677 gi|13 38149 38188 482 gi|40 11882 11925
msp 1114 s 281 94.9 1 677 gi|13 38150 38188 75 gi|14 30797 30839
msp 1116 s 281 94.9 1 677 gi|13 38150 38188 346 gi|33 16456 16498
msp 1118 s 287 95.3 1 677 gi|13 39897 39939 75 gi|14 32548 32586
msp 1120 s 287 95.3 1 677 gi|13 39897 39939 343 gi|33 8881 8919
msp 1122 s 287 95.3 1 677 gi|13 39897 39939 346 gi|33 18207 18245
msp 1124 s 287 95.3 1 677 gi|13 39897 39939 331 gi|31 14183 14221
msp 1126 s 287 95.3 -1 677 gi|13 39897 39939 482 gi|40 10135 10173
msp 1128 s 318 75.0 -1 677 gi|13 39947 40026 73 gi|14 18661 18740
msp 1130 s 318 75.0 -1 677 gi|13 39947 40026 332 gi|31 32944 33023
msp 1132 s 743 97.6 -1 677 gi|13 39950 40031 73 gi|14 18319 18400
msp 1134 s 743 97.6 -1 677 gi|13 39950 40031 332 gi|31 32602 32683
msp 1136 s 292 82.8 -1 677 gi|13 39956 40013 73 gi|14 18761 18817
msp 1138 s 292 82.8 -1 677 gi|13 39956 40013 332 gi|31 33044 33100
msp 1140 s 413 82.3 -1 677 gi|13 40091 40169 73 gi|14 19444 19522
msp 1142 s 250 73.6 -1 677 gi|13 40091 40162 345 gi|33 12853 12926
msp 1144 s 413 82.3 -1 677 gi|13 40091 40169 332 gi|31 33727 33805
msp 1146 s 406 83.8 -1 677 gi|13 40093 40172 345 gi|33 12568 12648
msp 1148 s 277 78.4 -1 677 gi|13 40101 40151 73 gi|14 19209 19259
msp 1150 s 277 78.4 -1 677 gi|13 40101 40151 332 gi|31 33492 33542
msp 1152 s 499 98.4 -1 677 gi|13 40185 40245 343 gi|33 7063 7123
msp 1154 s 525 100.0 -1 677 gi|13 40185 40245 331 gi|31 12365 12425
msp 1156 p 499 98.4 1 677 gi|13 40185 40245 482 gi|40 11931 11991
edge 754 p 1 98 677 38
edge 755 s 0 0 677 73
edge 756 p -1 98 677 75
edge 757 s 0 0 677 331
edge 758 s 0 0 677 332
edge 759 s 0 0 677 343
edge 760 s 0 0 677 345
edge 761 p -1 98 677 346
edge 762 p 1 98 677 482
pcp 40245 38
pcp 40245 482
pcp 40245 346
pcp 40245 75
pcp 40185 38
pcp 40185 482
pcp 39939 482
pcp 39939 38
pcp 38012 482
pcp 37992 346
pcp 37989 75
pcp 37989 38
