frag gi|33 23933 25176
img_no 5
flimg_no 2
edge_no 5
msp 603 p 10958 98.0 1 682 gi|8 19560 20781 678 gi|33 23929 25171
msp 673 p 11356 99.7 1 681 gi|7 15743 16984 678 gi|33 23943 25171
msp 1063 p 11310 98.2 1 683 gi|11 35870 37111 678 gi|33 23933 25174
msp 2366 p 11644 99.5 1 678 gi|33 23931 25186 680 gi|38 8980 10236
msp 2368 p 11198 97.9 -1 678 gi|33 23930 25182 679 gi|35 11640 12892
edge 801 p -1 97 679 678
edge 806 p 1 99 680 678
edge 811 p 1 99 681 678
edge 816 p 1 98 682 678
edge 821 p 1 98 683 678
pcp 23929 682
pcp 23930 679
pcp 23931 680
pcp 23933 683
pcp 23943 681
pcp 25171 681
pcp 25171 682
pcp 25174 683
pcp 25182 679
pcp 25186 680
