frag gi|38 8981 10227
img_no 6
flimg_no 3
edge_no 6
msp 605 p 10892 98.1 1 682 gi|8 19564 20786 680 gi|38 8982 10225
msp 677 p 11582 99.8 1 681 gi|7 15746 16989 680 gi|38 8982 10232
msp 897 p 268 91.9 1 684 gi|12 38037 38073 680 gi|38 10184 10220
msp 1061 p 11139 98.0 1 683 gi|11 35870 37112 680 gi|38 8982 10232
msp 2367 p 11644 99.5 1 678 gi|33 23931 25186 680 gi|38 8980 10236
msp 2397 p 11238 98.0 -1 679 gi|35 11646 12884 680 gi|38 8982 10220
edge 806 p 1 99 680 678
edge 807 p -1 98 680 679
edge 813 p 1 99 681 680
edge 818 p 1 98 682 680
edge 823 p 1 98 683 680
edge 827 p 1 91 684 680
pcp 8980 678
pcp 8982 679
pcp 8982 683
pcp 8982 682
pcp 8982 681
pcp 10184 684
pcp 10220 679
pcp 10220 684
pcp 10225 682
pcp 10232 681
pcp 10232 683
pcp 10236 678
