frag gi|7 15744 16986
img_no 6
flimg_no 5
edge_no 6
msp 672 p 11356 99.7 1 681 gi|7 15743 16984 678 gi|33 23943 25171
msp 674 p 11155 97.6 -1 681 gi|7 15743 16989 679 gi|35 11641 12886
msp 676 p 11582 99.8 1 681 gi|7 15746 16989 680 gi|38 8982 10232
msp 678 p 11309 98.3 1 681 gi|7 15746 16984 683 gi|11 35870 37108
msp 680 p 10961 98.2 1 681 gi|7 15746 16988 682 gi|8 19564 20786
msp 682 p 277 90.0 1 681 gi|7 16948 16987 684 gi|12 38037 38076
edge 811 p 1 99 681 678
edge 812 p -1 97 681 679
edge 813 p 1 99 681 680
edge 819 p 1 98 682 681
edge 824 p 1 98 683 681
edge 828 p 1 90 684 681
pcp 15743 679
pcp 15743 678
pcp 15746 680
pcp 15746 683
pcp 15746 682
pcp 16948 684
pcp 16984 683
pcp 16984 678
pcp 16987 684
pcp 16988 682
pcp 16989 679
pcp 16989 680
