frag gi|11 35871 37109
img_no 6
flimg_no 5
edge_no 6
msp 599 p 10841 98.5 1 682 gi|8 19560 20781 683 gi|11 35875 37108
msp 679 p 11309 98.3 1 681 gi|7 15746 16984 683 gi|11 35870 37108
msp 1060 p 11139 98.0 1 683 gi|11 35870 37112 680 gi|38 8982 10232
msp 1062 p 11310 98.2 1 683 gi|11 35870 37111 678 gi|33 23933 25174
msp 1064 p 11322 98.4 -1 683 gi|11 35870 37109 679 gi|35 11645 12884
msp 1066 p 211 90.0 1 683 gi|11 37072 37109 684 gi|12 38037 38077
edge 821 p 1 98 683 678
edge 822 p -1 98 683 679
edge 823 p 1 98 683 680
edge 824 p 1 98 683 681
edge 825 p 1 98 683 682
edge 830 p 1 90 684 683
pcp 35870 678
pcp 35870 679
pcp 35870 681
pcp 35870 680
pcp 35875 682
pcp 37072 684
pcp 37108 682
pcp 37108 681
pcp 37109 684
pcp 37109 679
pcp 37111 678
pcp 37112 680
