frag gi|12 38037 38075
img_no 5
flimg_no 4
edge_no 5
msp 607 p 277 90.0 1 682 gi|8 20745 20784 684 gi|12 38037 38076
msp 683 p 277 90.0 1 681 gi|7 16948 16987 684 gi|12 38037 38076
msp 896 p 268 91.9 1 684 gi|12 38037 38073 680 gi|38 10184 10220
msp 898 p 250 91.1 -1 684 gi|12 38037 38076 679 gi|35 11640 11682
msp 1067 p 211 90.0 1 683 gi|11 37072 37109 684 gi|12 38037 38077
edge 826 p -1 91 684 679
edge 827 p 1 91 684 680
edge 828 p 1 90 684 681
edge 829 p 1 90 684 682
edge 830 p 1 90 684 683
pcp 38037 679
pcp 38037 683
pcp 38037 682
pcp 38037 681
pcp 38037 680
pcp 38073 680
pcp 38076 679
pcp 38076 682
pcp 38076 681
pcp 38077 683
