frag gi|46 15835 28081
img_no 18
flimg_no 1
edge_no 10
msp 727 p 488 69.5 1 608 gi|6 4441 4847 690 gi|46 25298 25704
msp 1169 s 439 70.8 -1 73 gi|14 2675 3006 690 gi|46 24407 24738
msp 1187 s 267 82.6 -1 73 gi|14 17004 17049 690 gi|46 18872 18917
msp 1197 s 267 82.6 -1 73 gi|14 17106 17151 690 gi|46 18872 18917
msp 1303 s 316 73.4 -1 73 gi|14 19022 19130 690 gi|46 18839 18945
msp 1339 s 346 83.1 -1 73 gi|14 19290 19360 690 gi|46 18868 18942
msp 1777 p 993 90.7 1 123 gi|17 30355 30504 690 gi|46 18844 18994
msp 1983 p 628 71.9 1 264 gi|27 13791 14456 690 gi|46 26539 27190
msp 1985 p 381 73.7 1 265 gi|27 14657 14808 690 gi|46 27403 27554
msp 2259 s 439 70.8 -1 332 gi|31 17101 17432 690 gi|46 24407 24738
msp 2265 s 267 82.6 -1 332 gi|31 31288 31333 690 gi|46 18872 18917
msp 2267 s 267 82.6 -1 332 gi|31 31390 31435 690 gi|46 18872 18917
msp 2301 s 316 73.4 -1 332 gi|31 33305 33413 690 gi|46 18839 18945
msp 2313 s 346 83.1 -1 332 gi|31 33573 33643 690 gi|46 18868 18942
msp 2415 p 1009 75.0 -1 419 gi|37 22634 24566 690 gi|46 22771 24738
msp 2496 p 274 69.5 1 690 gi|46 20672 21061 575 gi|47 18662 19055
msp 2499 s 273 83.0 1 513 gi|42 32164 32275 690 gi|46 18794 18897
msp 2525 p 114048 98.8 1 686 gi|20 174 12403 690 gi|46 15835 28081
edge 936 s 0 0 690 73
edge 937 p 1 90 690 123
edge 938 p 1 71 690 264
edge 939 p 1 73 690 265
edge 940 s 0 0 690 332
edge 941 p -1 75 690 419
edge 942 s 0 0 690 513
edge 943 p 1 69 690 575
edge 944 p 1 69 690 608
edge 945 p 1 98 690 686
pcp 15835 686
pcp 18844 123
pcp 18994 123
pcp 20672 575
pcp 21061 575
pcp 22771 419
pcp 24738 419
pcp 25298 608
pcp 25704 608
pcp 26539 264
pcp 27190 264
pcp 27403 265
pcp 27554 265
pcp 28081 686
