frag gi|46 30742 40245
img_no 4
flimg_no 1
edge_no 4
msp 1793 p 88470 98.8 1 693 gi|20 15081 24567 692 gi|46 30742 40245
msp 2149 s 323 77.1 -1 230 gi|25 8345 8484 692 gi|46 33432 33571
msp 2155 p 267 69.0 -1 233 gi|25 10481 10593 692 gi|46 33459 33571
msp 2443 p 1002 76.6 -1 480 gi|40 3801 4940 692 gi|46 37359 38552
edge 922 s 0 0 692 230
edge 923 p -1 69 692 233
edge 924 p -1 76 692 480
edge 950 p 1 98 693 692
pcp 40245 693
pcp 38552 480
pcp 37359 480
pcp 33571 233
pcp 33459 233
pcp 30742 693
