frag gi|2 10244 10942
img_no 5
flimg_no 1
edge_no 5
msp 390 p 373 72.8 -1 700 gi|2 10244 10942 699 gi|15 3157 3878
msp 392 s 789 74.8 1 700 gi|2 10315 10806 504 gi|42 525 983
msp 394 s 549 79.2 -1 700 gi|2 10382 10818 361 gi|34 17864 18312
msp 396 s 279 75.7 -1 700 gi|2 10578 10799 596 gi|5 16309 16557
msp 398 s 363 77.5 -1 700 gi|2 10613 10816 618 gi|6 37250 37456
edge 1028 s 0 0 700 361
edge 1029 s 0 0 700 504
edge 1030 s 0 0 700 596
edge 1031 s 0 0 700 618
edge 1032 p -1 72 700 699
pcp 10244 699
pcp 10942 699
