frag gi|2 27167 29838
img_no 10
flimg_no 5
edge_no 10
msp 406 p 777 95.6 1 706 gi|2 27167 27282 710 gi|38 8881 8989
msp 408 p 22598 96.6 -1 706 gi|2 27167 29835 485 gi|40 22123 24748
msp 410 p 23195 97.1 1 706 gi|2 27168 29839 691 gi|46 28088 30742
msp 412 p 23195 97.1 1 706 gi|2 27168 29839 687 gi|20 12410 15064
msp 414 p 23020 96.2 1 706 gi|2 27168 29836 307 gi|3 17980 20642
msp 416 p 22715 95.5 1 706 gi|2 27168 29839 220 gi|24 5977 8641
msp 418 p 22136 96.7 1 706 gi|2 27263 29839 432 gi|38 10221 12804
msp 420 p 833 75.5 1 706 gi|2 27573 28405 341 gi|33 2004 2851
msp 422 p 286 69.7 1 706 gi|2 28867 29097 342 gi|33 3436 3658
msp 2534 p 1833 90.0 -1 706 gi|2 29551 29839 709 gi|37 27670 27962
edge 1202 p 1 95 706 220
edge 1203 p 1 96 706 307
edge 1204 p 1 75 706 341
edge 1205 p 1 69 706 342
edge 1208 p 1 96 706 432
edge 1209 p -1 96 706 485
edge 1210 p 1 97 706 687
edge 1211 p 1 97 706 691
edge 1218 p -1 90 709 706
edge 1225 p 1 95 710 706
pcp 27167 485
pcp 27167 710
pcp 27168 307
pcp 27168 687
pcp 27168 220
pcp 27168 691
pcp 27263 432
pcp 27282 710
pcp 27573 341
pcp 28405 341
pcp 28867 342
pcp 29097 342
pcp 29551 709
pcp 29835 485
pcp 29836 307
pcp 29839 709
pcp 29839 687
pcp 29839 432
pcp 29839 691
pcp 29839 220
