frag gi|37 27669 27962
img_no 7
flimg_no 2
edge_no 7
msp 125 s 1993 91.5 -1 307 gi|3 20384 20642 709 gi|37 27668 27926
msp 1833 s 1976 90.9 -1 687 gi|20 14803 15061 709 gi|37 27668 27926
msp 1881 s 2067 93.1 -1 220 gi|24 8381 8639 709 gi|37 27668 27926
msp 2416 s 2027 92.5 1 709 gi|37 27668 27926 485 gi|40 22122 22380
msp 2418 p 2039 91.3 -1 709 gi|37 27668 27962 432 gi|38 12515 12801
msp 2420 s 1986 90.9 -1 709 gi|37 27668 27926 691 gi|46 30481 30739
msp 2535 p 1833 90.0 -1 706 gi|2 29551 29839 709 gi|37 27670 27962
edge 1212 s 0 0 709 220
edge 1213 s 0 0 709 307
edge 1214 p -1 91 709 432
edge 1215 s 0 0 709 485
edge 1216 s 0 0 709 687
edge 1217 s 0 0 709 691
edge 1218 p -1 90 709 706
pcp 27668 432
pcp 27670 706
pcp 27962 706
pcp 27962 432
