frag gi|37 12101 12599
img_no 4
flimg_no 1
edge_no 4
msp 1993 p 916 74.8 1 267 gi|27 18661 19141 711 gi|37 12128 12599
msp 2021 p 651 74.5 1 720 gi|27 38906 39410 711 gi|37 12101 12599
msp 2097 s 807 76.7 -1 719 gi|26 19807 20269 711 gi|37 12125 12587
msp 2537 p 1014 74.9 -1 715 gi|3 39914 40242 711 gi|37 12271 12599
edge 1306 p 1 74 711 267
edge 1317 p -1 74 715 711
edge 1329 s 0 0 719 711
edge 1334 p 1 74 720 711
pcp 12101 720
pcp 12128 267
pcp 12271 715
pcp 12599 720
pcp 12599 715
pcp 12599 267
