frag gi|3 39911 40240
img_no 4
flimg_no 4
edge_no 4
msp 256 p 1150 75.0 -1 715 gi|3 39910 40242 716 gi|37 10814 11146
msp 260 p 508 71.0 1 715 gi|3 39912 40242 719 gi|26 19790 20123
msp 262 p 539 73.9 -1 715 gi|3 39911 40236 267 gi|27 18810 19144
msp 2536 p 1014 74.9 -1 715 gi|3 39914 40242 711 gi|37 12271 12599
edge 1315 p -1 73 715 267
edge 1317 p -1 74 715 711
edge 1326 p -1 75 716 715
edge 1331 p 1 71 719 715
pcp 39910 716
pcp 39911 267
pcp 39912 719
pcp 39914 711
pcp 40236 267
pcp 40242 711
pcp 40242 716
pcp 40242 719
