frag gi|26 19790 20642
img_no 6
flimg_no 1
edge_no 6
msp 261 p 508 71.0 1 715 gi|3 39912 40242 719 gi|26 19790 20123
msp 2092 p 1082 72.8 -1 719 gi|26 19791 20642 720 gi|27 38551 39411
msp 2094 s 680 69.0 -1 719 gi|26 19790 20258 267 gi|27 18669 19143
msp 2096 s 807 76.7 -1 719 gi|26 19807 20269 711 gi|37 12125 12587
msp 2098 s 505 74.0 1 719 gi|26 20131 20277 713 gi|48 5 151
msp 2540 p 952 76.4 -1 719 gi|26 19813 20552 716 gi|37 10388 11146
edge 1327 s 0 0 719 267
edge 1329 s 0 0 719 711
edge 1330 s 0 0 719 713
edge 1331 p 1 71 719 715
edge 1332 p -1 76 719 716
edge 1337 p -1 72 720 719
pcp 19790 715
pcp 19791 720
pcp 19813 716
pcp 20123 715
pcp 20552 716
pcp 20642 720
