frag gi|14 1 25962
img_no 104
flimg_no 1
edge_no 22
msp 451 p 483 84.2 -1 591 gi|5 7548 7693 73 gi|14 16863 17011
msp 453 s 430 98.0 -1 591 gi|5 7548 7598 73 gi|14 17060 17113
msp 1129 s 318 75.0 -1 677 gi|13 39947 40026 73 gi|14 18661 18740
msp 1133 s 743 97.6 -1 677 gi|13 39950 40031 73 gi|14 18319 18400
msp 1137 s 292 82.8 -1 677 gi|13 39956 40013 73 gi|14 18761 18817
msp 1141 s 413 82.3 -1 677 gi|13 40091 40169 73 gi|14 19444 19522
msp 1149 s 277 78.4 -1 677 gi|13 40101 40151 73 gi|14 19209 19259
msp 1158 p 242277 100.0 1 73 gi|14 1 25962 332 gi|31 14427 40245
msp 1160 p 339 77.5 1 73 gi|14 1534 1653 393 gi|36 7376 7496
msp 1162 p 576 73.2 1 73 gi|14 2656 3092 405 gi|36 32149 32589
msp 1164 s 539 71.8 1 73 gi|14 2673 3020 419 gi|37 22628 22979
msp 1166 s 439 70.8 -1 73 gi|14 2675 3006 686 gi|20 8729 9060
msp 1168 s 439 70.8 -1 73 gi|14 2675 3006 690 gi|46 24407 24738
msp 1170 p 287 92.2 1 73 gi|14 6061 6150 298 gi|28 40144 40212
msp 1172 p 2029 75.1 1 73 gi|14 11857 13354 363 gi|34 20561 22070
msp 1174 p 286 80.0 -1 73 gi|14 12125 12224 250 gi|26 24029 24122
msp 1176 s 261 77.1 -1 73 gi|14 16507 16589 519 gi|43 12717 12811
msp 1178 s 270 74.0 -1 73 gi|14 16946 17049 123 gi|17 30382 30500
msp 1180 s 347 80.8 1 73 gi|14 16972 17049 332 gi|31 33565 33639
msp 1182 s 415 77.8 1 73 gi|14 16975 17091 332 gi|31 33308 33422
msp 1184 s 267 82.6 -1 73 gi|14 17004 17049 686 gi|20 3194 3239
msp 1186 s 267 82.6 -1 73 gi|14 17004 17049 690 gi|46 18872 18917
msp 1188 s 386 77.9 1 73 gi|14 17030 17151 332 gi|31 33527 33639
msp 1190 s 1202 80.5 1 73 gi|14 17069 17560 332 gi|31 31251 31754
msp 1192 s 385 79.7 1 73 gi|14 17077 17209 332 gi|31 33308 33427
msp 1194 s 267 82.6 -1 73 gi|14 17106 17151 686 gi|20 3194 3239
msp 1196 s 267 82.6 -1 73 gi|14 17106 17151 690 gi|46 18872 18917
msp 1198 s 267 82.6 -1 73 gi|14 17106 17151 123 gi|17 30382 30427
msp 1200 s 329 79.9 1 73 gi|14 17114 17686 332 gi|31 31768 32258
msp 1202 s 257 89.2 1 73 gi|14 17188 17252 368 gi|34 26049 26118
msp 1204 s 325 77.1 1 73 gi|14 17286 17765 332 gi|31 32690 33218
msp 1206 s 342 72.2 1 73 gi|14 17372 17766 332 gi|31 32689 33108
msp 1208 s 822 85.7 1 73 gi|14 17469 17733 332 gi|31 32703 32989
msp 1210 s 333 76.6 1 73 gi|14 17484 17974 332 gi|31 31398 31970
msp 1212 s 298 80.6 1 73 gi|14 17496 17639 332 gi|31 32578 32712
msp 1214 s 258 88.6 -1 73 gi|14 17533 17611 496 gi|41 16393 16474
msp 1216 s 800 82.8 1 73 gi|14 17612 17797 345 gi|33 12497 12674
msp 1218 s 335 79.0 1 73 gi|14 17622 17802 332 gi|31 33410 33588
msp 1220 s 299 73.6 1 73 gi|14 17622 17761 345 gi|33 12768 12923
msp 1222 s 854 92.7 1 73 gi|14 17689 17798 332 gi|31 32860 32971
msp 1224 s 254 71.3 1 73 gi|14 17774 17874 332 gi|31 32520 32622
msp 1226 p 427 81.9 1 73 gi|14 17901 17972 369 gi|34 26123 26194
msp 1228 s 732 91.8 1 73 gi|14 18228 18325 696 gi|31 6926 7021
msp 1230 s 732 91.8 1 73 gi|14 18228 18325 694 gi|20 32745 32840
msp 1232 s 324 76.7 1 73 gi|14 18233 18639 332 gi|31 33400 33790
msp 1234 s 250 71.8 1 73 gi|14 18237 18339 332 gi|31 32058 32158
msp 1236 s 391 75.0 1 73 gi|14 18273 19438 332 gi|31 32633 33796
msp 1238 s 318 79.3 1 73 gi|14 18295 18429 332 gi|31 31780 31923
msp 1240 s 315 72.7 1 73 gi|14 18316 18732 345 gi|33 12556 12995
msp 1242 s 718 96.3 1 73 gi|14 18319 18400 346 gi|33 16364 16445
msp 1244 s 545 75.0 1 73 gi|14 18324 19187 332 gi|31 32944 33802
msp 1246 s 276 68.0 1 73 gi|14 18325 18502 332 gi|31 33654 33831
msp 1248 s 1155 75.8 1 73 gi|14 18336 19260 332 gi|31 32871 33796
msp 1250 s 367 70.6 1 73 gi|14 18337 18751 332 gi|31 33412 33824
msp 1252 s 360 73.7 1 73 gi|14 18337 19042 332 gi|31 33044 33754
msp 1254 s 341 75.1 1 73 gi|14 18337 18930 332 gi|31 33233 33802
msp 1256 s 404 74.9 1 73 gi|14 18350 19513 332 gi|31 32556 33721
msp 1258 s 380 78.6 1 73 gi|14 18401 18554 345 gi|33 12757 12917
msp 1260 s 504 73.3 1 73 gi|14 18402 18825 332 gi|31 33400 33805
msp 1262 p 334 70.8 1 73 gi|14 18402 18497 548 gi|45 6358 6454
msp 1264 s 311 73.8 1 73 gi|14 18406 18825 332 gi|31 31656 32050
msp 1266 s 298 79.2 1 73 gi|14 18407 18935 332 gi|31 31570 32049
msp 1268 s 833 86.8 1 73 gi|14 18420 18706 332 gi|31 31753 32017
msp 1270 p 257 88.2 -1 73 gi|14 18486 18561 496 gi|41 16398 16475
msp 1272 s 538 75.9 1 73 gi|14 18487 19470 332 gi|31 32608 33584
msp 1274 s 498 76.8 1 73 gi|14 18493 19005 332 gi|31 33322 33795
msp 1276 s 470 72.3 1 73 gi|14 18576 19005 345 gi|33 12493 12916
msp 1278 s 851 92.9 1 73 gi|14 18577 18688 332 gi|31 31973 32082
msp 1280 s 1135 75.8 1 73 gi|14 18588 19513 332 gi|31 32619 33543
msp 1282 s 927 79.8 1 73 gi|14 18589 19008 345 gi|33 12586 12995
msp 1284 s 528 74.8 1 73 gi|14 18661 19519 332 gi|31 32607 33470
msp 1286 s 317 74.1 1 73 gi|14 18661 18741 346 gi|33 16369 16449
msp 1288 s 255 87.3 1 73 gi|14 18759 18837 80 gi|15 2961 3036
msp 1290 s 365 73.1 1 73 gi|14 18761 19471 332 gi|31 32620 33325
msp 1292 s 276 82.5 1 73 gi|14 18761 18817 346 gi|33 16382 16439
msp 1294 s 1254 80.0 1 73 gi|14 18855 19268 345 gi|33 12571 13001
msp 1296 s 919 81.6 1 73 gi|14 18868 19259 345 gi|33 12507 12916
msp 1298 s 363 74.0 1 73 gi|14 18950 19519 332 gi|31 32620 33213
msp 1300 s 316 73.4 -1 73 gi|14 19022 19130 686 gi|20 3161 3267
msp 1302 s 316 73.4 -1 73 gi|14 19022 19130 690 gi|46 18839 18945
msp 1304 s 324 72.8 -1 73 gi|14 19022 19113 123 gi|17 30369 30455
msp 1306 s 416 77.4 1 73 gi|14 19025 19139 332 gi|31 31259 31375
msp 1308 s 389 77.5 1 73 gi|14 19025 19144 332 gi|31 31361 31493
msp 1310 s 513 74.9 1 73 gi|14 19039 19512 332 gi|31 32776 33288
msp 1312 s 285 75.9 1 73 gi|14 19109 19195 548 gi|45 6350 6435
msp 1314 s 503 72.2 1 73 gi|14 19117 19522 332 gi|31 32685 33108
msp 1316 s 326 75.7 1 73 gi|14 19117 19507 332 gi|31 32516 32922
msp 1318 s 436 74.0 1 73 gi|14 19121 19513 345 gi|33 12576 12993
msp 1320 s 335 78.8 1 73 gi|14 19127 19305 332 gi|31 31906 32086
msp 1322 s 544 76.1 1 73 gi|14 19127 19519 345 gi|33 12507 12921
msp 1324 s 343 70.5 1 73 gi|14 19129 19541 332 gi|31 32620 33034
msp 1326 s 371 74.7 1 73 gi|14 19206 19438 345 gi|33 12771 12993
msp 1328 s 283 78.4 1 73 gi|14 19209 19259 346 gi|33 16244 16294
msp 1330 s 381 76.1 1 73 gi|14 19244 19356 332 gi|31 31314 31435
msp 1332 s 360 75.9 -1 73 gi|14 19276 19362 123 gi|17 30376 30466
msp 1334 s 335 80.0 1 73 gi|14 19282 19356 332 gi|31 31256 31333
msp 1336 s 346 83.1 -1 73 gi|14 19290 19360 686 gi|20 3190 3264
msp 1338 s 346 83.1 -1 73 gi|14 19290 19360 690 gi|46 18868 18942
msp 1340 s 283 68.0 1 73 gi|14 19371 19548 332 gi|31 32608 32785
msp 1342 s 395 77.3 1 73 gi|14 19371 19445 80 gi|15 2950 3024
msp 1344 s 753 87.4 1 73 gi|14 19377 19519 345 gi|33 12503 12647
msp 1346 s 433 76.2 1 73 gi|14 19383 19512 345 gi|33 12586 12716
msp 1348 s 284 77.5 1 73 gi|14 19383 19524 345 gi|33 12661 12833
msp 1350 s 422 82.3 1 73 gi|14 19444 19522 346 gi|33 16226 16304
edge 711 s 0 0 346 73
edge 714 s 0 0 73 80
edge 715 s 0 0 73 123
edge 718 p -1 80 73 250
edge 719 p 1 92 73 298
edge 721 p 1 100 73 332
edge 722 s 0 0 73 345
edge 723 p 1 75 73 363
edge 724 s 0 0 73 368
edge 725 p 1 81 73 369
edge 726 p 1 77 73 393
edge 727 p 1 73 73 405
edge 728 s 0 0 73 419
edge 729 p -1 88 73 496
edge 730 s 0 0 73 519
edge 731 p 1 70 73 548
edge 733 p -1 84 73 591
edge 755 s 0 0 677 73
edge 908 s 0 0 686 73
edge 936 s 0 0 690 73
edge 985 s 0 0 694 73
edge 991 s 0 0 696 73
pcp 25962 332
pcp 18561 496
pcp 18497 548
pcp 18486 496
pcp 18402 548
pcp 17972 369
pcp 17901 369
pcp 17011 591
pcp 16863 591
pcp 13354 363
pcp 12224 250
pcp 12125 250
pcp 11857 363
pcp 6150 298
pcp 6061 298
pcp 3092 405
pcp 2656 405
pcp 1653 393
pcp 1534 393
pcp 1 332
