frag gi|15 14308 14854
img_no 8
edge_no 8
msp 69 p 314 77.5 -1 478 gi|4 37464 37912 84 gi|15 14406 14836
msp 145 s 262 83.3 1 308 gi|3 22989 23108 84 gi|15 14738 14854
msp 349 s 259 83.0 1 15 gi|1 35067 35125 84 gi|15 14713 14771
msp 1420 s 366 77.4 1 84 gi|15 14308 14643 153 gi|19 19302 19640
msp 1422 s 252 80.9 1 84 gi|15 14309 14491 185 gi|21 24745 24932
msp 1424 s 255 87.0 -1 84 gi|15 14430 14506 203 gi|22 32252 32337
msp 1426 p 258 83.8 1 84 gi|15 14628 14726 154 gi|19 20863 20962
msp 1428 p 283 88.9 -1 84 gi|15 14676 14756 121 gi|17 29351 29416
edge 64 s 0 0 153 84
edge 153 s 0 0 15 84
edge 225 s 0 0 185 84
edge 235 s 0 0 203 84
edge 266 p -1 77 478 84
edge 289 p -1 88 84 121
edge 290 p 1 83 84 154
edge 291 s 0 0 84 308
pcp 14836 478
pcp 14756 121
pcp 14726 154
pcp 14676 121
pcp 14628 154
pcp 14406 478
