frag gi|18 1 16966
img_no 10
flimg_no 1
edge_no 10
msp 117 p 157276 99.9 1 135 gi|2 14427 31250 118 gi|18 1 16966
msp 175 s 533 72.2 1 449 gi|4 22628 22979 118 gi|18 2673 3020
msp 329 s 464 70.8 -1 677 gi|7 8729 9060 118 gi|18 2675 3006
msp 809 p 272 89.9 1 42 gi|11 40144 40212 118 gi|18 6061 6150
msp 1075 p 299 78.7 -1 76 gi|15 24029 24122 118 gi|18 12125 12224
msp 1280 s 339 77.5 1 118 gi|18 1534 1653 317 gi|31 7376 7496
msp 1282 p 576 73.2 1 118 gi|18 2656 3092 328 gi|31 32149 32589
msp 1284 s 439 70.8 -1 118 gi|18 2675 3006 671 gi|34 24407 24738
msp 1286 p 2029 75.1 1 118 gi|18 11857 13354 155 gi|21 20561 22070
msp 1288 s 261 77.1 -1 118 gi|18 16507 16589 302 gi|30 12717 12811
edge 146 S 1 89 118 42
edge 147 S -1 78 118 76
edge 148 p 1 99 118 135
edge 149 P 1 75 118 155
edge 150 s 0 0 118 302
edge 151 s 0 0 118 317
edge 152 P 1 73 118 328
edge 153 s 0 0 118 449
edge 200 s 0 0 671 118
edge 237 s 0 0 677 118
