frag gi|19 2829 3484
img_no 11
edge_no 11
msp 491 s 307 80.3 1 680 gi|5 24915 24990 125 gi|19 3030 3105
msp 595 s 418 72.7 1 634 gi|8 30465 30922 125 gi|19 3027 3484
msp 605 s 270 71.8 1 635 gi|8 32056 32346 125 gi|19 2843 3134
msp 717 s 254 71.1 -1 27 gi|11 6056 6145 125 gi|19 3030 3120
msp 855 s 418 71.1 1 648 gi|9 22439 22701 125 gi|19 2836 3098
msp 1302 p 264 72.1 -1 125 gi|19 2829 3136 546 gi|45 25660 25967
msp 1304 s 256 68.0 1 125 gi|19 2836 3144 322 gi|31 16861 17169
msp 1306 s 656 73.0 1 125 gi|19 2852 3281 323 gi|31 18735 19164
msp 1308 s 436 78.3 -1 125 gi|19 3011 3472 528 gi|44 28635 29078
msp 1310 s 258 79.0 -1 125 gi|19 3028 3103 270 gi|28 32552 32624
msp 1312 s 253 78.5 -1 125 gi|19 3030 3108 471 gi|40 28318 28396
edge 328 s 0 0 270 125
edge 344 s 0 0 323 125
edge 372 s 0 0 471 125
edge 521 s 0 0 528 125
edge 536 s 0 0 27 125
edge 547 s 0 0 125 322
edge 548 S -1 72 125 546
edge 549 s 0 0 125 634
edge 550 s 0 0 125 635
edge 551 s 0 0 125 648
edge 590 s 0 0 680 125
