frag gi|19 37012 38691
img_no 19
flimg_no 1
edge_no 13
msp 67 s 279 69.5 1 291 gi|3 20727 20831 131 gi|19 37288 37392
msp 487 s 338 73.0 1 680 gi|5 24896 25043 131 gi|19 37288 37440
msp 661 s 330 73.0 1 21 gi|10 24735 24923 131 gi|19 38196 38387
msp 931 s 303 75.0 -1 655 gi|9 34404 34699 131 gi|19 38174 38481
msp 1322 p 2489 74.8 -1 131 gi|19 37012 38691 406 gi|38 14 1710
msp 1324 s 345 67.7 -1 131 gi|19 37132 37382 195 gi|24 576 826
msp 1326 s 291 71.3 -1 131 gi|19 37252 37380 471 gi|40 28323 28451
msp 1328 s 343 74.0 -1 131 gi|19 37262 37388 436 gi|39 28743 28869
msp 1330 s 287 69.5 -1 131 gi|19 37276 37380 538 gi|45 15104 15206
msp 1332 s 280 69.5 1 131 gi|19 37288 37382 417 gi|38 22954 23048
msp 1334 s 303 68.6 1 131 gi|19 37288 37392 280 gi|29 26204 26308
msp 1336 s 519 69.3 -1 131 gi|19 38141 38397 195 gi|24 563 819
msp 1338 s 326 73.0 -1 131 gi|19 38171 38385 471 gi|40 28320 28531
msp 1340 s 299 75.6 -1 131 gi|19 38173 38573 550 gi|46 1422 1804
msp 1342 s 275 70.8 1 131 gi|19 38200 38398 330 gi|31 35052 35251
msp 1344 s 640 73.0 -1 131 gi|19 38203 38568 406 gi|38 1192 1554
msp 1346 s 310 75.3 -1 131 gi|19 38278 38609 538 gi|45 14886 15206
msp 1348 s 340 68.3 -1 131 gi|19 38290 38390 436 gi|39 28743 28843
msp 1350 s 257 72.7 1 131 gi|19 38290 38388 280 gi|29 26204 26302
edge 297 s 0 0 195 131
edge 356 s 0 0 330 131
edge 373 s 0 0 471 131
edge 428 s 0 0 655 131
edge 441 s 0 0 21 131
edge 470 s 0 0 280 131
edge 483 s 0 0 291 131
edge 500 s 0 0 417 131
edge 506 s 0 0 436 131
edge 526 s 0 0 538 131
edge 538 p -1 74 131 406
edge 539 s 0 0 131 550
edge 591 s 0 0 680 131
