frag gi|20 5975 8641
img_no 10
flimg_no 4
edge_no 10
msp 1 p 800 74.8 1 286 gi|3 2003 2851 140 gi|20 6374 7207
msp 19 p 319 68.6 1 287 gi|3 3436 3658 140 gi|20 7669 7900
msp 195 s 2076 93.1 -1 675 gi|4 27668 27926 140 gi|20 8381 8639
msp 283 p 22715 95.5 1 668 gi|1 27168 29839 140 gi|20 5977 8641
msp 337 p 22675 95.8 1 678 gi|7 12408 15064 140 gi|20 5975 8642
msp 829 p 23023 95.8 1 646 gi|9 17976 20643 140 gi|20 5973 8640
msp 1358 p 22694 95.9 1 140 gi|20 5975 8642 672 gi|34 28086 30742
msp 1360 p 22520 96.3 -1 140 gi|20 5973 8642 338 gi|32 22118 24750
msp 1362 p 924 100.0 1 140 gi|20 5978 6084 670 gi|25 8875 8981
msp 1364 p 22146 96.4 1 140 gi|20 6072 8640 208 gi|25 10221 12801
edge 74 p 1 96 140 208
edge 75 S 1 74 140 286
edge 76 S 1 68 140 287
edge 77 p -1 96 140 338
edge 81 p 1 95 140 646
edge 167 p 1 95 668 140
edge 177 P 1 100 670 140
edge 190 p 1 95 672 140
edge 211 s 0 0 675 140
edge 226 p 1 95 678 140
