frag gi|25 10221 12803
img_no 10
flimg_no 6
edge_no 9
msp 3 s 790 75.4 1 286 gi|3 2004 2401 208 gi|25 10525 10926
msp 13 s 287 71.3 1 286 gi|3 2629 2851 208 gi|25 11138 11357
msp 21 p 284 68.2 1 287 gi|3 3436 3658 208 gi|25 11838 12069
msp 189 p 2039 91.3 -1 675 gi|4 27668 27962 208 gi|25 12515 12801
msp 285 p 22136 96.7 1 668 gi|1 27263 29839 208 gi|25 10221 12804
msp 345 p 22111 96.8 1 678 gi|7 12505 15064 208 gi|25 10221 12803
msp 837 p 22911 97.9 1 646 gi|9 18075 20651 208 gi|25 10221 12809
msp 1365 p 22146 96.4 1 140 gi|20 6072 8640 208 gi|25 10221 12801
msp 1502 p 22344 98.1 -1 208 gi|25 10221 12806 338 gi|32 22117 24652
msp 1504 p 22127 96.9 1 208 gi|25 10221 12803 672 gi|34 28183 30742
edge 74 p 1 96 140 208
edge 86 s 0 0 208 286
edge 87 S 1 68 208 287
edge 88 p -1 98 208 338
edge 92 p 1 97 208 646
edge 169 p 1 96 668 208
edge 191 p 1 96 672 208
edge 212 P -1 91 675 208
edge 227 p 1 96 678 208
