frag gi|26 4734 5347
img_no 10
edge_no 10
msp 71 s 284 79.0 1 291 gi|3 20728 20822 227 gi|26 4906 5000
msp 631 p 1328 72.4 1 17 gi|10 15389 15965 227 gi|26 4734 5321
msp 887 s 321 73.1 1 649 gi|9 24406 24535 227 gi|26 4904 5033
msp 1261 s 268 76.3 -1 114 gi|17 32286 32382 227 gi|26 4903 4999
msp 1575 s 250 82.1 -1 195 gi|24 578 672 227 gi|26 4903 4997
msp 1692 s 284 76.8 -1 227 gi|26 4903 5040 436 gi|39 28722 28845
msp 1694 s 282 74.8 -1 227 gi|26 4903 5001 538 gi|45 15100 15198
msp 1696 s 255 78.8 -1 227 gi|26 4903 5001 471 gi|40 28319 28417
msp 1698 s 295 70.0 1 227 gi|26 4906 5005 330 gi|31 35144 35243
msp 1700 s 270 79.3 1 227 gi|26 5184 5347 511 gi|43 19690 19844
edge 263 p 1 72 17 227
edge 273 s 0 0 114 227
edge 298 s 0 0 195 227
edge 319 s 0 0 227 291
edge 320 s 0 0 227 330
edge 321 s 0 0 227 436
edge 322 s 0 0 227 471
edge 323 s 0 0 227 511
edge 324 s 0 0 227 538
edge 325 s 0 0 227 649
