frag gi|26 20596 20746
img_no 10
flimg_no 8
edge_no 10
msp 1095 p 890 82.3 -1 82 gi|15 31173 31325 232 gi|26 20597 20749
msp 1129 p 836 80.7 -1 710 gi|15 32834 32988 232 gi|26 20595 20749
msp 1151 p 872 81.9 -1 85 gi|15 34727 34881 232 gi|26 20595 20749
msp 1175 s 394 78.3 -1 86 gi|15 36626 36754 232 gi|26 20594 20722
msp 1706 p 932 83.9 -1 232 gi|26 20595 20749 552 gi|46 7176 7330
msp 1708 p 656 81.0 -1 232 gi|26 20595 20741 504 gi|43 11774 11920
msp 1710 p 513 72.3 -1 232 gi|26 20595 20742 535 gi|45 8499 8646
msp 1712 p 447 86.8 -1 232 gi|26 20596 20746 555 gi|46 14896 15045
msp 1714 s 271 86.8 -1 232 gi|26 20596 20724 307 gi|30 32262 32381
msp 1716 p 645 77.5 1 232 gi|26 20603 20749 709 gi|39 31875 32021
edge 958 S -1 82 82 232
edge 977 S -1 81 232 85
edge 978 s 0 0 232 86
edge 979 s 0 0 232 307
edge 981 S -1 81 232 504
edge 982 S -1 72 232 535
edge 983 S -1 83 232 552
edge 984 P -1 86 232 555
edge 1067 S 1 77 709 232
edge 1078 S -1 80 710 232
