frag gi|28 32099 32777
img_no 19
edge_no 18
msp 69 s 407 81.5 -1 291 gi|3 20728 20819 270 gi|28 32552 32643
msp 457 s 475 70.5 -1 680 gi|5 24763 25376 270 gi|28 32146 32777
msp 635 s 255 78.2 -1 17 gi|10 15495 15650 270 gi|28 32541 32681
msp 667 s 387 74.6 -1 21 gi|10 24746 25214 270 gi|28 32241 32727
msp 711 s 285 73.3 1 27 gi|11 5745 6149 270 gi|28 32213 32629
msp 919 s 530 74.9 1 655 gi|9 34104 34585 270 gi|28 32147 32643
msp 1237 s 485 75.7 1 114 gi|17 31918 32460 270 gi|28 32179 32727
msp 1311 s 258 79.0 -1 125 gi|19 3028 3103 270 gi|28 32552 32624
msp 1543 s 426 76.1 1 195 gi|24 194 753 270 gi|28 32180 32727
msp 1622 s 305 73.4 1 270 gi|28 32099 32406 436 gi|39 28279 28581
msp 1624 s 436 71.0 -1 270 gi|28 32133 32643 330 gi|31 35144 35648
msp 1626 s 433 76.8 1 270 gi|28 32179 32643 471 gi|40 27970 28414
msp 1628 p 302 78.0 -1 270 gi|28 32216 32729 470 gi|40 23474 23987
msp 1630 s 251 85.9 1 270 gi|28 32494 32628 394 gi|36 35296 35421
msp 1632 s 331 72.0 1 270 gi|28 32535 32727 406 gi|38 306 498
msp 1634 s 332 77.6 -1 270 gi|28 32537 32643 417 gi|38 22955 23061
msp 1636 s 290 73.7 1 270 gi|28 32549 32719 436 gi|39 28747 28909
msp 1638 s 295 78.3 1 270 gi|28 32552 32643 538 gi|45 15104 15195
msp 1755 p 253 77.2 -1 242 gi|26 35664 35935 270 gi|28 32192 32467
edge 264 s 0 0 17 270
edge 276 s 0 0 114 270
edge 301 s 0 0 195 270
edge 326 s 0 0 270 21
edge 327 s 0 0 270 27
edge 328 s 0 0 270 125
edge 329 P -1 77 270 242
edge 330 s 0 0 270 291
edge 331 s 0 0 270 330
edge 332 s 0 0 270 394
edge 333 s 0 0 270 406
edge 334 s 0 0 270 417
edge 335 s 0 0 270 436
edge 336 p -1 78 270 470
edge 337 s 0 0 270 471
edge 338 s 0 0 270 538
edge 340 s 0 0 270 655
edge 594 s 0 0 680 270
