frag gi|3 20592 21036
img_no 19
edge_no 19
msp 36 s 529 78.2 -1 291 gi|3 20592 20825 114 gi|17 32282 32518
msp 38 s 500 78.6 1 291 gi|3 20629 20983 21 gi|10 24716 25085
msp 40 s 551 78.0 -1 291 gi|3 20649 20834 471 gi|40 28308 28493
msp 42 s 444 77.4 1 291 gi|3 20649 20834 680 gi|5 24818 25003
msp 44 s 250 76.2 1 291 gi|3 20685 20856 240 gi|26 34678 34849
msp 46 s 466 74.9 -1 291 gi|3 20697 20875 195 gi|24 522 700
msp 48 s 333 72.3 -1 291 gi|3 20719 20830 436 gi|39 28740 28851
msp 50 s 389 77.4 1 291 gi|3 20721 20990 330 gi|31 35136 35403
msp 52 s 508 74.0 -1 291 gi|3 20722 20983 655 gi|9 34327 34591
msp 54 s 283 74.2 1 291 gi|3 20723 20869 280 gi|29 26200 26352
msp 56 s 276 76.7 1 291 gi|3 20723 20885 511 gi|43 19380 19545
msp 58 s 254 68.3 -1 291 gi|3 20724 20824 406 gi|38 1370 1470
msp 60 s 269 73.3 -1 291 gi|3 20724 20858 538 gi|45 15065 15199
msp 62 s 524 77.1 1 291 gi|3 20727 21036 417 gi|38 22954 23275
msp 64 s 365 77.4 -1 291 gi|3 20727 20863 551 gi|46 2381 2520
msp 66 s 279 69.5 1 291 gi|3 20727 20831 131 gi|19 37288 37392
msp 68 s 407 81.5 -1 291 gi|3 20728 20819 270 gi|28 32552 32643
msp 70 s 284 79.0 1 291 gi|3 20728 20822 227 gi|26 4906 5000
msp 72 s 253 80.8 1 291 gi|3 20773 20819 649 gi|9 24453 24499
edge 278 s 0 0 114 291
edge 303 s 0 0 195 291
edge 319 s 0 0 227 291
edge 330 s 0 0 270 291
edge 358 s 0 0 330 291
edge 377 s 0 0 471 291
edge 418 s 0 0 649 291
edge 431 s 0 0 655 291
edge 444 s 0 0 21 291
edge 458 s 0 0 240 291
edge 472 s 0 0 280 291
edge 483 s 0 0 291 131
edge 484 s 0 0 291 406
edge 485 s 0 0 291 417
edge 486 s 0 0 291 436
edge 487 s 0 0 291 511
edge 488 s 0 0 291 538
edge 489 s 0 0 291 551
edge 595 s 0 0 680 291
