frag gi|32 22119 24747
img_no 11
flimg_no 5
edge_no 10
msp 5 s 781 75.4 -1 286 gi|3 2004 2401 338 gi|32 23947 24348
msp 15 s 287 71.3 -1 286 gi|3 2629 2851 338 gi|32 23516 23735
msp 23 p 295 68.2 -1 287 gi|3 3436 3658 338 gi|32 22823 23054
msp 187 s 2027 92.5 1 675 gi|4 27668 27926 338 gi|32 22122 22380
msp 275 p 22598 96.6 -1 668 gi|1 27167 29835 338 gi|32 22123 24748
msp 341 p 22668 97.0 -1 678 gi|7 12410 15064 338 gi|32 22119 24747
msp 833 p 23444 98.1 -1 646 gi|9 17980 20641 338 gi|32 22123 24747
msp 1361 p 22520 96.3 -1 140 gi|20 5973 8642 338 gi|32 22118 24750
msp 1499 p 866 97.2 -1 670 gi|25 8875 8981 338 gi|32 24640 24746
msp 1503 p 22344 98.1 -1 208 gi|25 10221 12806 338 gi|32 22117 24652
msp 1770 p 22698 97.0 -1 338 gi|32 22119 24747 672 gi|34 28088 30742
edge 77 p -1 96 140 338
edge 88 p -1 98 208 338
edge 93 s 0 0 286 338
edge 97 S -1 68 287 338
edge 104 p -1 98 338 646
edge 172 p -1 96 668 338
edge 178 S -1 97 670 338
edge 194 p -1 97 672 338
edge 213 s 0 0 675 338
edge 230 p -1 97 678 338
