frag gi|36 32223 33903
img_no 14
edge_no 6
msp 563 s 390 90.1 1 633 gi|8 26533 26603 393 gi|36 33817 33880
msp 569 s 333 90.3 -1 633 gi|8 26557 26618 393 gi|36 32223 32281
msp 783 p 13160 93.5 1 37 gi|11 28490 30135 393 gi|36 32236 33903
msp 785 s 441 80.0 -1 37 gi|11 28490 28574 393 gi|36 33795 33878
msp 793 s 358 88.4 1 38 gi|11 30733 30801 393 gi|36 33817 33878
msp 799 s 323 94.9 -1 38 gi|11 30764 30802 393 gi|36 32235 32273
msp 1009 s 14935 98.7 -1 99 gi|16 33104 34748 393 gi|36 32235 33880
msp 1011 s 356 75.9 1 99 gi|16 33106 33188 393 gi|36 32236 32320
msp 1017 s 338 74.1 1 99 gi|16 34663 34747 393 gi|36 33795 33878
msp 1441 s 291 94.4 -1 168 gi|22 19064 19099 393 gi|36 32236 32271
msp 1445 s 266 91.4 1 168 gi|22 19065 19099 393 gi|36 33844 33878
msp 1511 s 14823 98.2 -1 212 gi|25 16904 18548 393 gi|36 32235 33879
msp 1513 s 385 75.0 1 212 gi|25 16905 16988 393 gi|36 32236 32320
msp 1515 s 367 75.3 1 212 gi|25 18463 18547 393 gi|36 33795 33878
edge 836 p 1 93 37 393
edge 841 s 0 0 99 393
edge 845 s 0 0 168 393
edge 848 s 0 0 212 393
edge 851 s 0 0 393 38
edge 852 s 0 0 393 633
