frag gi|36 34997 37132
img_no 10
flimg_no 1
edge_no 8
msp 479 s 284 74.4 -1 680 gi|5 24870 24994 394 gi|36 36920 37045
msp 761 s 578 75.5 -1 34 gi|11 20104 20663 394 gi|36 35012 35555
msp 763 p 1450 73.3 -1 34 gi|11 20107 22234 394 gi|36 34997 37135
msp 765 s 312 79.8 -1 34 gi|11 21700 21961 394 gi|36 36874 37131
msp 1211 s 274 80.4 1 110 gi|17 20755 20805 394 gi|36 36621 36671
msp 1631 s 251 85.9 1 270 gi|28 32494 32628 394 gi|36 35296 35421
msp 1737 s 268 82.0 -1 240 gi|26 35030 35179 394 gi|36 36569 36709
msp 1916 p 259 75.8 -1 394 gi|36 35335 35458 502 gi|43 9984 10106
msp 1918 p 924 72.6 1 394 gi|36 36550 37130 411 gi|38 16431 17014
msp 1920 s 257 78.6 -1 394 gi|36 36595 36650 511 gi|43 19768 19823
edge 332 s 0 0 270 394
edge 459 s 0 0 240 394
edge 515 s 0 0 511 394
edge 553 p -1 73 394 34
edge 554 s 0 0 394 110
edge 555 S 1 72 394 411
edge 556 P -1 75 394 502
edge 599 s 0 0 680 394
