frag gi|43 19137 19844
img_no 16
edge_no 16
msp 57 s 276 76.7 1 291 gi|3 20723 20885 511 gi|43 19380 19545
msp 415 s 366 77.4 1 603 gi|5 14308 14643 511 gi|43 19302 19640
msp 481 s 253 76.0 1 680 gi|5 24892 24991 511 gi|43 19380 19479
msp 671 s 299 80.9 1 21 gi|10 24793 24923 511 gi|43 19351 19482
msp 939 s 322 78.6 -1 655 gi|9 34451 34590 511 gi|43 19380 19520
msp 1245 s 350 75.2 -1 114 gi|17 32193 32587 511 gi|43 19170 19565
msp 1659 s 382 75.0 1 280 gi|29 26067 26438 511 gi|43 19244 19612
msp 1701 s 270 79.3 1 227 gi|26 5184 5347 511 gi|43 19690 19844
msp 1779 s 269 73.3 -1 345 gi|33 5836 5951 511 gi|43 19380 19498
msp 1797 s 258 86.3 1 681 gi|31 7041 7142 511 gi|43 19378 19476
msp 1837 s 285 81.1 1 330 gi|31 35194 35283 511 gi|43 19435 19519
msp 1921 s 257 78.6 -1 394 gi|36 36595 36650 511 gi|43 19768 19823
msp 1969 s 332 84.2 -1 471 gi|40 28306 28419 511 gi|43 19380 19499
msp 2041 s 368 74.5 -1 432 gi|39 14697 15250 511 gi|43 19217 19796
msp 2100 s 486 76.9 -1 511 gi|43 19137 19643 550 gi|46 1431 1943
msp 2102 s 367 71.7 -1 511 gi|43 19382 19554 551 gi|46 2342 2522
edge 287 s 0 0 114 511
edge 323 s 0 0 227 511
edge 363 s 0 0 330 511
edge 384 s 0 0 471 511
edge 436 s 0 0 655 511
edge 449 s 0 0 21 511
edge 478 s 0 0 280 511
edge 487 s 0 0 291 511
edge 496 s 0 0 345 511
edge 515 s 0 0 511 394
edge 516 s 0 0 511 432
edge 517 s 0 0 511 550
edge 518 s 0 0 511 551
edge 519 s 0 0 511 603
edge 607 s 0 0 680 511
edge 617 s 0 0 681 511
