frag gi|44 28565 29455
img_no 13
edge_no 13
msp 669 s 294 76.4 -1 21 gi|10 24746 24923 528 gi|44 28981 29161
msp 713 s 770 73.0 1 27 gi|11 5748 6380 528 gi|44 28668 29295
msp 941 s 353 77.7 1 655 gi|9 34456 34666 528 gi|44 28948 29161
msp 1233 s 271 76.4 1 114 gi|17 31850 32362 528 gi|44 28565 29060
msp 1309 s 436 78.3 -1 125 gi|19 3011 3472 528 gi|44 28635 29078
msp 1557 s 350 80.2 1 195 gi|24 454 615 528 gi|44 28862 29023
msp 1663 s 383 75.4 -1 280 gi|29 26105 26613 528 gi|44 28680 29177
msp 1965 s 380 75.0 1 471 gi|40 28118 28592 528 gi|44 28773 29258
msp 1997 s 279 77.0 1 406 gi|38 1368 1550 528 gi|44 28979 29161
msp 2039 p 994 74.2 1 432 gi|39 14584 15433 528 gi|44 28579 29455
msp 2049 s 282 81.2 1 436 gi|39 28694 28789 528 gi|44 28929 29024
msp 2072 s 499 77.0 1 528 gi|44 28857 29247 550 gi|46 1469 1856
msp 2074 s 274 77.8 1 528 gi|44 28977 29161 551 gi|46 2419 2600
edge 288 s 0 0 114 528
edge 312 s 0 0 195 528
edge 385 s 0 0 471 528
edge 437 s 0 0 655 528
edge 450 s 0 0 21 528
edge 479 s 0 0 280 528
edge 509 s 0 0 436 528
edge 520 s 0 0 528 27
edge 521 s 0 0 528 125
edge 522 s 0 0 528 406
edge 523 p 1 74 528 432
edge 524 s 0 0 528 550
edge 525 s 0 0 528 551
