frag gi|46 14313 15879
img_no 12
edge_no 12
msp 1093 s 594 80.3 1 82 gi|15 31061 31339 555 gi|46 14781 15059
msp 1121 s 834 75.2 1 710 gi|15 32321 33713 555 gi|46 14383 15748
msp 1149 s 977 76.7 1 85 gi|15 34376 35148 555 gi|46 14539 15311
msp 1171 s 1209 76.1 1 86 gi|15 36257 37018 555 gi|46 14548 15306
msp 1401 s 569 74.5 1 157 gi|21 24858 25179 555 gi|46 14616 14940
msp 1713 p 447 86.8 -1 232 gi|26 20596 20746 555 gi|46 14896 15045
msp 1861 s 1058 75.7 1 307 gi|30 31880 32563 555 gi|46 14548 15243
msp 1927 s 864 75.4 1 364 gi|35 2280 3814 555 gi|46 14365 15879
msp 2061 s 1274 77.6 -1 709 gi|39 31151 32515 555 gi|46 14399 15745
msp 2077 s 1328 78.1 1 535 gi|45 8006 8830 555 gi|46 14404 15231
msp 2085 s 296 76.7 1 498 gi|43 3023 3155 555 gi|46 14543 14675
msp 2091 s 1201 75.2 1 504 gi|43 11174 12572 555 gi|46 14313 15687
edge 965 s 0 0 82 555
edge 975 s 0 0 157 555
edge 984 P -1 86 232 555
edge 996 s 0 0 307 555
edge 1009 s 0 0 364 555
edge 1030 s 0 0 504 555
edge 1038 s 0 0 535 555
edge 1047 s 0 0 555 85
edge 1048 s 0 0 555 86
edge 1049 s 0 0 555 498
edge 1074 s 0 0 709 555
edge 1084 s 0 0 710 555
