frag gi|47 28899 29209
img_no 7
flimg_no 1
edge_no 7
msp 217 p 295 85.7 -1 698 gi|4 36529 36612 578 gi|47 28892 28975
msp 1471 p 2587 98.3 1 700 gi|23 23727 24015 578 gi|47 28921 29209
msp 1579 p 2569 98.3 -1 697 gi|24 3320 3606 578 gi|47 28923 29209
msp 1687 p 2172 92.2 1 284 gi|29 30591 30872 578 gi|47 28928 29209
msp 2007 p 2614 98.3 -1 415 gi|38 21549 21847 578 gi|47 28907 29209
msp 2029 p 2609 97.8 1 699 gi|38 33812 34114 578 gi|47 28900 29209
msp 2089 p 2585 98.6 1 501 gi|43 4521 4806 578 gi|47 28924 29209
edge 766 p 1 92 284 578
edge 774 p 1 98 501 578
edge 777 p -1 98 415 578
edge 788 p -1 98 697 578
edge 795 S -1 85 698 578
edge 802 p 1 97 699 578
edge 810 p 1 98 700 578
