frag gi|9 24152 24915
img_no 18
edge_no 18
msp 73 s 253 80.8 1 291 gi|3 20773 20819 649 gi|9 24453 24499
msp 591 s 284 74.3 1 634 gi|8 30439 30547 649 gi|9 24397 24505
msp 601 p 701 73.0 1 635 gi|8 31997 32729 649 gi|9 24180 24915
msp 860 p 482 74.3 1 649 gi|9 24152 24856 323 gi|31 18649 19342
msp 862 s 309 71.8 1 649 gi|9 24228 24671 322 gi|31 16857 17300
msp 864 s 353 73.4 -1 649 gi|9 24243 24509 550 gi|46 1588 1863
msp 866 s 381 72.3 -1 649 gi|9 24243 24516 546 gi|45 25676 25952
msp 868 s 357 76.3 1 649 gi|9 24245 24514 124 gi|19 1042 1317
msp 870 s 393 78.2 -1 649 gi|9 24302 24503 471 gi|40 28319 28529
msp 872 s 332 81.1 1 649 gi|9 24360 24502 21 gi|10 24779 24921
msp 874 s 282 76.9 -1 649 gi|9 24398 24540 114 gi|17 32242 32389
msp 876 s 259 74.8 1 649 gi|9 24403 24509 280 gi|29 26200 26306
msp 878 s 277 81.0 -1 649 gi|9 24404 24503 538 gi|45 15100 15199
msp 880 s 333 81.8 -1 649 gi|9 24404 24502 195 gi|24 575 673
msp 882 s 286 76.7 1 649 gi|9 24406 24624 17 gi|10 15547 15756
msp 884 s 232 82.1 1 649 gi|9 24406 24501 681 gi|31 7049 7142
msp 886 s 321 73.1 1 649 gi|9 24406 24535 227 gi|26 4904 5033
msp 888 s 281 76.6 -1 649 gi|9 24426 24502 27 gi|11 6069 6145
edge 269 s 0 0 17 649
edge 293 s 0 0 114 649
edge 317 s 0 0 195 649
edge 325 s 0 0 227 649
edge 353 p 1 74 323 649
edge 390 s 0 0 471 649
edge 414 s 0 0 649 21
edge 415 s 0 0 649 27
edge 416 s 0 0 649 124
edge 417 s 0 0 649 280
edge 418 s 0 0 649 291
edge 420 s 0 0 649 322
edge 421 s 0 0 649 538
edge 422 s 0 0 649 546
edge 423 s 0 0 649 550
edge 424 s 0 0 649 634
edge 425 p 1 72 649 635
edge 620 s 0 0 681 649
