frag gi|9 34057 34877
img_no 24
edge_no 22
msp 53 s 508 74.0 -1 291 gi|3 20722 20983 655 gi|9 34327 34591
msp 449 s 1468 73.4 -1 680 gi|5 24691 25390 655 gi|9 34089 34791
msp 904 s 581 76.0 1 655 gi|9 34057 34589 538 gi|45 14644 15199
msp 906 s 609 72.2 -1 655 gi|9 34067 34699 417 gi|38 22841 23470
msp 908 s 259 78.4 1 655 gi|9 34073 34345 436 gi|39 28304 28581
msp 910 s 389 71.5 1 655 gi|9 34074 34586 406 gi|38 928 1467
msp 912 p 1246 74.3 1 655 gi|9 34080 34877 114 gi|17 31877 32677
msp 914 s 340 72.3 1 655 gi|9 34087 34570 27 gi|11 5674 6148
msp 916 s 2109 76.6 1 655 gi|9 34096 34813 471 gi|40 27925 28643
msp 918 s 530 74.9 1 655 gi|9 34104 34585 270 gi|28 32147 32643
msp 920 s 740 76.0 1 655 gi|9 34148 34717 195 gi|24 220 804
msp 922 p 629 75.8 1 655 gi|9 34152 34753 551 gi|46 2080 2687
msp 924 s 1036 77.1 -1 655 gi|9 34155 34700 21 gi|10 24712 25246
msp 926 s 400 74.0 -1 655 gi|9 34282 34805 330 gi|31 34901 35445
msp 928 s 602 77.3 -1 655 gi|9 34282 34590 280 gi|29 26200 26511
msp 930 s 303 75.0 -1 655 gi|9 34404 34699 131 gi|19 38174 38481
msp 932 s 267 78.5 -1 655 gi|9 34412 34588 17 gi|10 15546 15716
msp 934 s 256 71.2 -1 655 gi|9 34430 34592 241 gi|26 35438 35600
msp 936 s 419 76.5 1 655 gi|9 34432 34614 436 gi|39 28689 28880
msp 938 s 322 78.6 -1 655 gi|9 34451 34590 511 gi|43 19380 19520
msp 940 s 353 77.7 1 655 gi|9 34456 34666 528 gi|44 28948 29161
msp 942 s 254 70.3 1 655 gi|9 34474 34766 406 gi|38 303 598
msp 944 s 292 72.5 -1 655 gi|9 34494 34624 323 gi|31 18844 18986
msp 946 s 264 75.0 1 655 gi|9 34495 34666 463 gi|40 6901 7072
edge 270 s 0 0 17 655
edge 294 p 1 74 114 655
edge 318 s 0 0 195 655
edge 340 s 0 0 270 655
edge 354 s 0 0 323 655
edge 367 s 0 0 330 655
edge 391 s 0 0 471 655
edge 426 s 0 0 655 21
edge 427 s 0 0 655 27
edge 428 s 0 0 655 131
edge 429 s 0 0 655 241
edge 430 s 0 0 655 280
edge 431 s 0 0 655 291
edge 432 s 0 0 655 406
edge 433 s 0 0 655 417
edge 434 s 0 0 655 436
edge 435 s 0 0 655 463
edge 436 s 0 0 655 511
edge 437 s 0 0 655 528
edge 438 s 0 0 655 538
edge 439 p 1 75 655 551
edge 611 s 0 0 680 655
