frag gi|1 27167 29838
img_no 10
flimg_no 5
edge_no 10
msp 272 p 772 96.9 1 668 gi|1 27167 27275 670 gi|25 8881 8981
msp 274 p 22598 96.6 -1 668 gi|1 27167 29835 338 gi|32 22123 24748
msp 276 p 23195 97.1 1 668 gi|1 27168 29839 672 gi|34 28088 30742
msp 278 p 23195 97.1 1 668 gi|1 27168 29839 678 gi|7 12410 15064
msp 280 p 23020 96.2 1 668 gi|1 27168 29836 646 gi|9 17980 20642
msp 282 p 22715 95.5 1 668 gi|1 27168 29839 140 gi|20 5977 8641
msp 284 p 22136 96.7 1 668 gi|1 27263 29839 208 gi|25 10221 12804
msp 286 p 833 75.5 1 668 gi|1 27573 28405 286 gi|3 2004 2851
msp 288 p 286 69.7 1 668 gi|1 28867 29097 287 gi|3 3436 3658
msp 2116 p 1833 90.0 -1 668 gi|1 29551 29839 675 gi|4 27670 27962
edge 167 p 1 95 668 140
edge 169 p 1 96 668 208
edge 170 P 1 75 668 286
edge 171 S 1 69 668 287
edge 172 p -1 96 668 338
edge 176 p 1 96 668 646
edge 182 S 1 96 670 668
edge 198 p 1 97 672 668
edge 216 S -1 90 675 668
edge 232 p 1 97 678 668
