frag gi|34 15662 28086
img_no 14
edge_no 13
msp 127 s 439 70.8 -1 135 gi|2 17101 17432 671 gi|34 24407 24738
msp 177 p 1009 75.0 -1 449 gi|4 22634 24566 671 gi|34 22771 24738
msp 313 s 600 97.0 1 676 gi|7 1 67 671 gi|34 15768 15834
msp 351 s 282 78.8 1 679 gi|7 16652 16703 671 gi|34 18585 18636
msp 507 p 488 69.5 1 613 gi|6 4441 4847 671 gi|34 25298 25704
msp 1285 s 439 70.8 -1 118 gi|18 2675 3006 671 gi|34 24407 24738
msp 1459 p 628 71.9 1 178 gi|23 13791 14456 671 gi|34 26539 27190
msp 1461 p 381 73.7 1 179 gi|23 14657 14808 671 gi|34 27403 27554
msp 1761 p 352 69.8 1 248 gi|27 18662 19055 671 gi|34 20672 21061
msp 1884 p 343 74.1 -1 671 gi|34 18568 18710 373 gi|35 11539 11683
msp 1886 s 285 81.7 1 671 gi|34 18794 18897 484 gi|41 32164 32275
msp 1888 p 318 84.6 1 671 gi|34 18930 18994 562 gi|46 30440 30504
msp 2119 p 115792 100.0 1 677 gi|7 174 12408 671 gi|34 15835 28086
msp 2123 p 1637 100.0 1 676 gi|7 1 173 671 gi|34 15662 15851
edge 200 s 0 0 671 118
edge 201 s 0 0 671 135
edge 202 P 1 71 671 178
edge 203 P 1 73 671 179
edge 204 P 1 69 671 248
edge 205 P -1 74 671 373
edge 206 P -1 75 671 449
edge 207 s 0 0 671 484
edge 208 P 1 84 671 562
edge 209 P 1 69 671 613
edge 224 s 0 0 679 671
edge 248 p 1 100 677 671
edge 252 P 1 100 676 671
