frag gi|4 27669 27962
img_no 7
flimg_no 2
edge_no 7
msp 186 s 2027 92.5 1 675 gi|4 27668 27926 338 gi|32 22122 22380
msp 188 p 2039 91.3 -1 675 gi|4 27668 27962 208 gi|25 12515 12801
msp 190 s 1986 90.9 -1 675 gi|4 27668 27926 672 gi|34 30481 30739
msp 192 s 1987 90.9 -1 675 gi|4 27668 27926 678 gi|7 14803 15061
msp 194 s 2076 93.1 -1 675 gi|4 27668 27926 140 gi|20 8381 8639
msp 196 s 2006 91.5 -1 675 gi|4 27668 27926 646 gi|9 20384 20642
msp 2117 p 1833 90.0 -1 668 gi|1 29551 29839 675 gi|4 27670 27962
edge 211 s 0 0 675 140
edge 212 P -1 91 675 208
edge 213 s 0 0 675 338
edge 215 s 0 0 675 646
edge 216 S -1 90 675 668
edge 217 s 0 0 675 672
edge 235 s 0 0 678 675
