frag gi|7 12409 15063
img_no 10
flimg_no 4
edge_no 10
msp 11 p 763 75.7 1 286 gi|3 2004 2851 678 gi|7 12810 13629
msp 27 p 284 68.2 1 287 gi|3 3436 3658 678 gi|7 14091 14322
msp 193 s 1987 90.9 -1 675 gi|4 27668 27926 678 gi|7 14803 15061
msp 279 p 23195 97.1 1 668 gi|1 27168 29839 678 gi|7 12410 15064
msp 336 p 22675 95.8 1 678 gi|7 12408 15064 140 gi|20 5975 8642
msp 338 p 22939 96.4 1 678 gi|7 12409 15062 646 gi|9 17979 20643
msp 340 p 22668 97.0 -1 678 gi|7 12410 15064 338 gi|32 22119 24747
msp 342 p 924 100.0 1 678 gi|7 12411 12517 670 gi|25 8875 8981
msp 344 p 22111 96.8 1 678 gi|7 12505 15064 208 gi|25 10221 12803
msp 2120 p 25102 100.0 1 678 gi|7 12426 15064 672 gi|34 28087 30742
edge 226 p 1 95 678 140
edge 227 p 1 96 678 208
edge 228 S 1 75 678 286
edge 229 S 1 68 678 287
edge 230 p -1 97 678 338
edge 231 p 1 96 678 646
edge 232 p 1 97 678 668
edge 233 S 1 100 678 670
edge 234 p 1 100 678 672
edge 235 s 0 0 678 675
