frag gi|7 15082 24567
img_no 7
flimg_no 1
edge_no 7
msp 306 p 89815 100.0 1 679 gi|7 15082 24567 673 gi|34 30743 40245
msp 346 s 312 72.3 -1 679 gi|7 16631 16713 392 gi|36 29986 30071
msp 348 s 290 70.1 -1 679 gi|7 16637 16713 395 gi|36 37225 37301
msp 350 s 282 78.8 1 679 gi|7 16652 16703 671 gi|34 18585 18636
msp 352 s 310 77.1 -1 679 gi|7 17754 17893 428 gi|39 8345 8484
msp 354 p 265 69.0 -1 679 gi|7 17781 17893 431 gi|39 10481 10593
msp 356 p 1127 77.6 -1 679 gi|7 21681 22874 333 gi|32 3801 4940
edge 219 P -1 77 679 333
edge 220 s 0 0 679 392
edge 221 s 0 0 679 395
edge 222 s 0 0 679 428
edge 223 S -1 69 679 431
edge 224 s 0 0 679 671
edge 225 p 1 100 679 673
