frag gi|5 24693 26299
img_no 28
flimg_no 1
edge_no 27
msp 43 s 444 77.4 1 291 gi|3 20649 20834 680 gi|5 24818 25003
msp 207 s 304 74.8 -1 452 gi|4 28000 28229 680 gi|5 24765 24991
msp 444 s 272 76.9 -1 680 gi|5 24691 25072 406 gi|38 1288 1669
msp 446 p 1901 75.5 -1 680 gi|5 24691 26299 471 gi|40 27086 28620
msp 448 s 1468 73.4 -1 680 gi|5 24691 25390 655 gi|9 34089 34791
msp 450 p 849 70.7 -1 680 gi|5 24695 25377 195 gi|24 177 874
msp 452 s 295 71.7 -1 680 gi|5 24726 24990 551 gi|46 2426 2690
msp 454 s 359 71.6 -1 680 gi|5 24729 25031 550 gi|46 1555 1857
msp 456 s 475 70.5 -1 680 gi|5 24763 25376 270 gi|28 32146 32777
msp 458 s 481 71.3 1 680 gi|5 24765 24994 323 gi|31 18769 18993
msp 460 s 553 75.4 1 680 gi|5 24765 25873 417 gi|38 22823 23873
msp 462 s 1079 75.8 -1 680 gi|5 24776 25378 114 gi|17 31897 32500
msp 464 p 335 76.2 -1 680 gi|5 24783 25190 463 gi|40 6680 7105
msp 466 s 568 71.4 -1 680 gi|5 24783 25352 436 gi|39 28363 28959
msp 468 s 272 76.7 1 680 gi|5 24783 24988 17 gi|10 15438 15640
msp 470 s 376 72.7 1 680 gi|5 24816 24991 330 gi|31 35060 35238
msp 472 s 338 74.5 -1 680 gi|5 24816 25234 406 gi|38 56 498
msp 474 s 268 82.4 -1 680 gi|5 24816 25014 345 gi|33 6669 6858
msp 476 s 317 74.2 -1 680 gi|5 24864 25072 268 gi|28 27477 27685
msp 478 s 284 74.4 -1 680 gi|5 24870 24994 394 gi|36 36920 37045
msp 480 s 253 76.0 1 680 gi|5 24892 24991 511 gi|43 19380 19479
msp 482 s 314 77.9 -1 680 gi|5 24893 25467 432 gi|39 14550 15090
msp 484 s 293 73.2 -1 680 gi|5 24894 24990 538 gi|45 15102 15198
msp 486 s 338 73.0 1 680 gi|5 24896 25043 131 gi|19 37288 37440
msp 488 s 343 75.0 -1 680 gi|5 24912 25412 27 gi|11 5654 6148
msp 490 s 307 80.3 1 680 gi|5 24915 24990 125 gi|19 3030 3105
msp 492 s 487 72.9 -1 680 gi|5 25658 25997 657 gi|9 35820 36155
msp 494 s 273 70.4 1 680 gi|5 25658 25873 21 gi|10 25500 25715
edge 586 s 0 0 680 17
edge 587 s 0 0 680 21
edge 588 s 0 0 680 27
edge 589 s 0 0 680 114
edge 590 s 0 0 680 125
edge 591 s 0 0 680 131
edge 592 P -1 70 680 195
edge 593 s 0 0 680 268
edge 594 s 0 0 680 270
edge 595 s 0 0 680 291
edge 596 s 0 0 680 323
edge 597 s 0 0 680 330
edge 598 s 0 0 680 345
edge 599 s 0 0 680 394
edge 600 s 0 0 680 406
edge 601 s 0 0 680 417
edge 602 s 0 0 680 432
edge 603 s 0 0 680 436
edge 604 s 0 0 680 452
edge 605 P -1 76 680 463
edge 606 p -1 75 680 471
edge 607 s 0 0 680 511
edge 608 s 0 0 680 538
edge 609 s 0 0 680 550
edge 610 s 0 0 680 551
edge 611 s 0 0 680 655
edge 612 s 0 0 680 657
