frag gi|36 27513 28756
img_no 8
flimg_no 7
edge_no 8
msp 369 p 11578 99.8 1 688 gi|7 29374 30620 685 gi|36 27513 28759
msp 547 p 11634 99.7 -1 690 gi|8 6975 8222 685 gi|36 27512 28759
msp 703 p 11086 98.2 1 682 gi|11 4355 5584 685 gi|36 27515 28755
msp 841 p 11633 99.9 1 692 gi|9 21027 22270 685 gi|36 27512 28754
msp 893 p 11092 97.9 -1 694 gi|9 26170 27404 685 gi|36 27515 28759
msp 1875 p 11667 99.8 -1 684 gi|34 3964 5211 685 gi|36 27512 28759
msp 1912 p 11653 100.0 -1 685 gi|36 27515 28753 695 gi|37 491 1729
msp 1914 p 172 91.8 1 685 gi|36 28717 28757 686 gi|40 38037 38078
edge 691 p 1 98 685 682
edge 692 p -1 99 685 684
edge 697 P 1 91 686 685
edge 704 p 1 99 688 685
edge 714 p -1 99 690 685
edge 721 p 1 99 692 685
edge 727 p -1 97 694 685
edge 734 p -1 100 695 685
