frag gi|9 21028 22270
img_no 6
flimg_no 6
edge_no 6
msp 371 p 11654 100.0 1 688 gi|7 29374 30616 692 gi|9 21028 22269
msp 553 p 11651 99.8 -1 690 gi|8 6978 8222 692 gi|9 21028 22272
msp 838 p 11485 99.5 -1 692 gi|9 21028 22272 695 gi|37 489 1732
msp 840 p 11633 99.9 1 692 gi|9 21027 22270 685 gi|36 27512 28754
msp 842 p 11652 99.9 -1 692 gi|9 21028 22269 684 gi|34 3970 5211
msp 844 p 11055 98.2 1 692 gi|9 21029 22272 682 gi|11 4353 5584
edge 719 p 1 98 692 682
edge 720 p -1 99 692 684
edge 721 p 1 99 692 685
edge 722 p 1 100 692 688
edge 723 p -1 99 692 690
edge 738 p -1 99 695 692
