frag gi|4 36529 36607
img_no 8
flimg_no 2
edge_no 8
msp 214 p 232 85.2 -1 698 gi|4 36529 36600 700 gi|23 23712 23781
msp 216 p 295 85.7 -1 698 gi|4 36529 36612 578 gi|47 28892 28975
msp 218 s 289 87.2 1 698 gi|4 36529 36575 567 gi|47 7433 7480
msp 220 p 289 87.2 1 698 gi|4 36529 36575 415 gi|38 21783 21830
msp 222 p 202 89.1 -1 698 gi|4 36529 36610 699 gi|38 33812 33880
msp 224 s 289 87.2 -1 698 gi|4 36529 36575 501 gi|43 4525 4572
msp 226 p 289 87.2 1 698 gi|4 36529 36575 697 gi|24 3554 3601
msp 228 p 276 83.7 -1 698 gi|4 36529 36577 284 gi|29 30589 30638
edge 790 S -1 82 698 284
edge 791 S 1 86 698 415
edge 793 s 0 0 698 501
edge 794 s 0 0 698 567
edge 795 S -1 85 698 578
edge 796 S 1 86 698 697
edge 804 P -1 89 699 698
edge 812 S -1 85 700 698
