frag gi|23 23712 24015
img_no 9
flimg_no 2
edge_no 9
msp 215 p 232 85.2 -1 698 gi|4 36529 36600 700 gi|23 23712 23781
msp 733 s 254 85.1 1 29 gi|11 12772 12818 700 gi|23 23749 23799
msp 1464 p 2509 98.4 1 700 gi|23 23712 24015 699 gi|38 33814 34114
msp 1466 p 2409 97.8 -1 700 gi|23 23732 24015 697 gi|24 3320 3606
msp 1468 p 2682 99.3 -1 700 gi|23 23714 24015 567 gi|47 7199 7498
msp 1470 p 2587 98.3 1 700 gi|23 23727 24015 578 gi|47 28921 29209
msp 1472 p 2641 99.7 -1 700 gi|23 23729 24015 415 gi|38 21549 21835
msp 1474 p 2648 100.0 1 700 gi|23 23730 24015 501 gi|43 4521 4806
msp 1476 p 2227 94.3 1 700 gi|23 23734 24015 284 gi|29 30591 30872
edge 805 s 0 0 700 29
edge 806 p 1 94 700 284
edge 807 p -1 99 700 415
edge 808 p 1 100 700 501
edge 809 p -1 99 700 567
edge 810 p 1 98 700 578
edge 811 p -1 97 700 697
edge 812 S -1 85 700 698
edge 813 p 1 98 700 699
