frag gi|15 34168 35886
img_no 11
flimg_no 1
edge_no 11
msp 1134 s 5455 77.5 1 85 gi|15 34163 35832 552 gi|46 6615 8294
msp 1136 p 4002 78.2 -1 85 gi|15 34165 35837 709 gi|39 30919 32581
msp 1138 s 5792 77.5 1 85 gi|15 34170 35812 504 gi|43 11210 12842
msp 1140 p 1976 76.7 1 85 gi|15 34172 35886 307 gi|30 31673 33395
msp 1142 s 2067 75.7 1 85 gi|15 34236 35809 364 gi|35 2321 3890
msp 1144 s 2937 75.4 1 85 gi|15 34286 35803 535 gi|45 8048 9559
msp 1146 s 1277 78.4 1 85 gi|15 34316 34773 157 gi|21 24768 25178
msp 1148 s 977 76.7 1 85 gi|15 34376 35148 555 gi|46 14539 15311
msp 1150 p 872 81.9 -1 85 gi|15 34727 34881 232 gi|26 20595 20749
msp 1152 s 891 75.5 1 85 gi|15 34859 35189 158 gi|21 25160 25474
msp 1154 s 784 77.1 1 85 gi|15 35241 35830 159 gi|21 25408 26003
edge 967 s 0 0 157 85
edge 977 S -1 81 232 85
edge 987 p 1 76 307 85
edge 999 s 0 0 364 85
edge 1023 s 0 0 504 85
edge 1033 s 0 0 535 85
edge 1041 s 0 0 552 85
edge 1047 s 0 0 555 85
edge 1052 s 0 0 85 158
edge 1053 s 0 0 85 159
edge 1062 p -1 78 709 85
