frag gi|16 33074 34808
img_no 14
edge_no 6
msp 565 s 390 90.1 -1 633 gi|8 26533 26603 99 gi|16 33104 33167
msp 571 s 288 88.9 1 633 gi|8 26557 26601 99 gi|16 34702 34747
msp 775 s 13174 93.1 -1 37 gi|11 28413 30087 99 gi|16 33149 34814
msp 779 s 431 81.4 1 37 gi|11 28489 28574 99 gi|16 33105 33188
msp 791 s 384 87.1 -1 38 gi|11 30733 30833 99 gi|16 33074 33167
msp 797 s 299 90.2 1 38 gi|11 30764 30804 99 gi|16 34710 34750
msp 1006 s 289 90.2 -1 99 gi|16 33087 33147 168 gi|22 19060 19120
msp 1008 s 14935 98.7 -1 99 gi|16 33104 34748 393 gi|36 32235 33880
msp 1010 s 356 75.9 1 99 gi|16 33106 33188 393 gi|36 32236 32320
msp 1012 p 14796 97.7 1 99 gi|16 33106 34780 212 gi|25 16905 18579
msp 1014 s 356 75.9 -1 99 gi|16 33106 33188 212 gi|25 18463 18547
msp 1016 s 338 74.1 1 99 gi|16 34663 34747 393 gi|36 33795 33878
msp 1018 s 376 73.9 -1 99 gi|16 34663 34773 212 gi|25 16879 16988
msp 1020 p 309 85.6 1 99 gi|16 34712 34808 168 gi|22 19064 19154
edge 832 s 0 0 37 99
edge 838 s 0 0 99 38
edge 839 P 1 85 99 168
edge 840 p 1 97 99 212
edge 841 s 0 0 99 393
edge 842 s 0 0 99 633
