#  fam    ele   dir  sequence    start     end
     1      2  1       gi|1     2452     2628 
     1    816 -1      gi|57    12092    12289 
     2      3  1       gi|1     4029     4750 
     2    954 -1      gi|10    15256    15999 
     2    235 -1      gi|22    36655    37379 
     2    369  1      gi|30    16225    16356 
     2    715  1       gi|5    34232    34441 
     2    788  1      gi|55    29279    29507 
     3      7  1       gi|1     9354     9899 
     3    181 -1       gi|2    17836    18381 
     4      8  1       gi|1     9927    10078 
     4    409  1      gi|33    35988    36150 
     5      9  1       gi|1    10222    11161 
     5    180 -1       gi|2    16532    17661 
     5    838 -1      gi|58    24277    24621 
     5    949 -1       gi|9    37832    37915 
     6     10  1       gi|1    11330    13161 
     6    914  1       gi|8     4971     6825 
     7     11  1       gi|1    13530    14378 
     7    963  1      gi|33    13864    14891 
     7     82 -1      gi|13     9922    10948 
     7    964 -1       gi|1     8754     8941 
     8     12  1       gi|1    14699    16258 
     9     13  1       gi|1    16544    16724 
     9    494 -1      gi|38    35781    35970 
     9     15  1       gi|1    18246    18333 
    10     14  1       gi|1    16916    17497 
    10    182 -1       gi|2    19158    19853 
    10     16  1       gi|1    18469    19177 
    10    840 -1      gi|58    26831    26975 
    10    845 -1      gi|58    35224    35335 
    11     17  1       gi|1    22272    23187 
    11    674 -1      gi|48    36038    36947 
    12     18  1       gi|1    25729    25961 
    13     19  1       gi|1    27091    27323 
    13    223  1      gi|22     3146     3263 
    13    339  1       gi|3    11256    11422 
    13    583 -1      gi|43    11762    12037 
    13     49 -1      gi|11    13920    14062 
    13    579  1      gi|42    37279    37533 
    13    859 -1      gi|59    18910    19084 
    13    980 -1      gi|46    28705    28758 
    14     20  1       gi|1    28878    30008 
    14    575  1      gi|42    25332    25965 
    14    656 -1      gi|47    17024    18163 
    15     21  1       gi|1    35605    36599 
    15    841  1      gi|58    27769    28766 
    16     24  1       gi|1    38522    38625 
    16    957 -1      gi|42    14919    15126 
    16     55  1      gi|12      735      912 
    16     63 -1      gi|12    14359    14475 
    16     66  1      gi|12    15608    15830 
    16    956  1       gi|1     4742     4897 
    17     25  1       gi|1    38661    39990 
    17    463  1      gi|37    14455    15851 
    17    451  1      gi|36    27032    27221 
    18     26  1      gi|10       60      441 
    18    627 -1      gi|45    18941    19655 
    18    808 -1      gi|56    38785    39086 
    19     27  1      gi|10     1484     1748 
    19    643  1      gi|46    25554    25802 
    20     28  1      gi|10     1915     1964 
    20    140  1      gi|18     3686     3823 
    21     29  1      gi|10     3368     3598 
    21    639  1      gi|46     8449     8679 
    22     30  1      gi|10     3656     4314 
    22    640  1      gi|46     8968     9653 
    22    773  1      gi|54    22581    22686 
    23     31  1      gi|10    14887    15178 
    23    130  1      gi|17    24463    24754 
    24     33  1      gi|10    17299    17366 
    24    188 -1       gi|2    33065    33924 
    24    441  1      gi|36      202     1059 
    25     34  1      gi|10    17643    17853 
    26     35  1      gi|10    18015    18098 
    26    776  1      gi|54    32133    32441 
    26    253 -1      gi|23    29686    29833 
    27     36  1      gi|10    20485    20753 
    27    877  1      gi|60      629      909 
    28     37  1      gi|10    22759    23066 
    29     38  1      gi|10    26644    27122 
    29    398 -1      gi|33    22991    23466 
    30     39  1      gi|10    30403    30647 
    31     40  1      gi|10    30885    31798 
    31    550 -1      gi|40    24957    25088 
    31    856  1      gi|59    13337    14222 
    31    570 -1      gi|42    12018    12073 
    32     41  1      gi|10    31843    32694 
    32    857  1      gi|59    14487    15329 
    33     42  1      gi|10    33972    34077 
    33    676 -1      gi|48    39661    39773 
    34     43  1      gi|10    36235    36438 
    34    626 -1      gi|45    18234    18697 
    34    495  1      gi|38    38258    38481 
    34    535  1       gi|4    32981    33442 
    35     44  1      gi|10    37002    37091 
    35    496  1      gi|38    38778    38869 
    36     45  1      gi|10    38273    38844 
    36    798  1      gi|56    21688    22227 
    36    675  1      gi|48    37987    38204 
    36    497  1      gi|38    39724    40000 
    37     46  1      gi|11      250      310 
    37    365  1      gi|30     5718     8599 
    38     47  1      gi|11     6171     6231 
    38     71 -1      gi|12    27942    28296 
    38    406  1      gi|33    32640    32717 
    38    424 -1      gi|35    11403    11469 
    39     48  1      gi|11     8846     8889 
    39    733 -1      gi|51       33       84 
    40     50  1      gi|11    19980    20155 
    40    867  1       gi|6    12021    12225 
    40     92 -1      gi|13    34721    34998 
    40    891  1       gi|7     9191     9408 
    41     51  1      gi|11    25362    25444 
    41     87 -1      gi|13    22215    22293 
    41    346  1       gi|3    20499    20563 
    41    347  1       gi|3    22491    22564 
    42     53  1      gi|11    32073    32145 
    42    699 -1       gi|5     3751     3826 
    43     54  1      gi|11    33409    33582 
    43    625  1      gi|45    16384    16453 
    43    760  1      gi|53    29051    29130 
    44     56  1      gi|12     5104     5678 
    44    892  1       gi|7    13870    14242 
    44    983  1      gi|21    13749    13900 
    44    987 -1      gi|11    26581    27055 
    44    835  1      gi|58    18458    18653 
    44    994 -1      gi|31    18894    19085 
    44    997 -1      gi|36     6464     6656 
    44    996 -1      gi|36     6156     6462 
    45     57  1      gi|12     5946     6457 
    45   1000 -1      gi|43    33784    34281 
    45    431  1      gi|35    26629    27086 
    46     58  1      gi|12     8612     8674 
    46    953 -1      gi|40    24381    24477 
    46    655  1      gi|47    16801    16860 
    46    701 -1       gi|5     6602     7213 
    46     67 -1      gi|12    19434    19796 
    46     79  1      gi|13     3705     3751 
    46    540 -1      gi|40     2394     2738 
    46    541  1      gi|40     2854     3050 
    47     59  1      gi|12     8755     8831 
    47    669 -1      gi|48    21638    21859 
    47    433 -1      gi|35    28615    28790 
    48     60  1      gi|12     9375     9562 
    48    918 -1       gi|8     7980     8347 
    49     61  1      gi|12    10140    10338 
    49   1004  1      gi|33    34188    34727 
    49   1001 -1      gi|44    28982    29537 
    49    842 -1      gi|58    31593    32146 
    49   1079  1      gi|33    29543    30096 
    49    294 -1      gi|26    33614    33755 
    50     62  1      gi|12    11609    11810 
    50    678  1      gi|49     2024     2292 
    50    942 -1       gi|9    19618    19796 
    51     64  1      gi|12    14465    14834 
    51    151 -1      gi|18    29125    29486 
    52     65  1      gi|12    15421    15512 
    52    886  1      gi|60    34552    34658 
    52    574  1      gi|42    23708    23819 
    53     68  1      gi|12    24011    24150 
    53    698 -1       gi|5     3212     3356 
    54     69  1      gi|12    25252    25504 
    54    388  1      gi|33        2      245 
    55     70  1      gi|12    26398    27984 
    55    590 -1      gi|43    26259    27851 
    56     72  1      gi|12    31933    32201 
    57     73  1      gi|12    32196    32303 
    57    789 -1      gi|55    31633    33068 
    57    635  1      gi|45    37847    38376 
    58     74  1      gi|12    32577    32761 
    58    912  1       gi|8     1912     2207 
    59     75  1      gi|12    32958    33081 
    59    693 -1      gi|49    36410    36608 
    60     76  1      gi|12    33025    33143 
    60    184 -1       gi|2    21003    21171 
    60    277  1      gi|25    23608    23694 
    61     77  1      gi|12    37666    38530 
    61    395 -1      gi|33    16321    17107 
    62     78  1      gi|12    38435    40000 
    62    136 -1      gi|17    34874    36464 
    63     80  1      gi|13     4501     4913 
    63    524  1       gi|4    15153    15605 
    64     81  1      gi|13     5826     6028 
    64    430 -1      gi|35    24305    24733 
    64    660  1      gi|47    24243    24611 
    65     83  1      gi|13    11464    13002 
    65    392 -1      gi|33    12172    13707 
    66     84  1      gi|13    13336    13513 
    66    462  1      gi|37    10056    10240 
    66    689  1      gi|49    28259    28373 
    66   1010  1       gi|2    20855    20981 
    66   1009  1       gi|2    20819    20855 
    66    357  1      gi|30     2467     2570 
    66    358  1      gi|30     2635     2720 
    67     86  1      gi|13    18245    18296 
    67    897  1       gi|7    23175    23222 
    68     88  1      gi|13    22853    22983 
    68    311 -1      gi|27    38245    38375 
    69     89  1      gi|13    25330    25511 
    69    156  1      gi|18    36603    36805 
    70     90  1      gi|13    25788    25962 
    70    706  1       gi|5    22148    22308 
    71     91  1      gi|13    33777    33832 
    71   1041 -1      gi|40     1652     1804 
    71   1038  1      gi|24     2665     2826 
    71   1039 -1      gi|44    30012    30148 
    71   1042  1      gi|38     1418     1551 
    71   1082  1       gi|9    18012    18172 
    71   1080  1      gi|33    25507    25669 
    71   1084  1      gi|38     4978     5143 
    71   1060  1      gi|22    24229    24263 
    72     93  1      gi|13    35207    36369 
    72    525  1       gi|4    15394    16463 
    72    748 -1      gi|52    25429    25527 
    73     94  1      gi|13    39837    39938 
    73    811  1      gi|57     4411     4512 
    74     96  1      gi|14    14085    15303 
    74    242 -1      gi|23    14216    14905 
    74    243 -1      gi|23    15103    16351 
    74    244 -1      gi|23    16508    17641 
    75     97  1      gi|14    17838    18691 
    75    415 -1      gi|34    28978    29801 
    76     99  1      gi|14    21244    21342 
    76    416 -1      gi|34    29767    29862 
    76    419 -1      gi|34    30215    30320 
    76    367  1      gi|30    10196    10252 
    77    100  1      gi|14    26396    26473 
    77    696 -1      gi|49    39347    39997 
    77    615  1      gi|44    37126    37773 
    78    101  1      gi|14    27303    27833 
    78    629 -1      gi|45    24352    24900 
    79    102  1      gi|14    32056    32097 
    79   1044  1      gi|30    10133    10170 
    79    329 -1      gi|29    16034    16069 
    79   1045 -1      gi|34    29835    29871 
    79   1047 -1      gi|34    30293    30329 
    79   1049  1      gi|14    19675    19711 
    80    103  1      gi|14    39769    39998 
    80    779  1      gi|55     7070     7293 
    81    104  1      gi|15      359      466 
    81    319 -1      gi|28    21361    21459 
    82    105  1      gi|15     2636     2689 
    82    428  1      gi|35    21787    21843 
    83    107  1      gi|15     4475     4589 
    83    530 -1       gi|4    23299    23404 
    84    108  1      gi|15     8489     8567 
    85    109  1      gi|15     9255     9475 
    85    871 -1       gi|6    23959    24626 
    85    162 -1      gi|19    16180    16397 
    86    110  1      gi|15    17635    18222 
    86    217  1      gi|21    33277    33840 
    87    111  1      gi|15    20970    21133 
    87    141  1      gi|18     4466     4641 
    88    112  1      gi|15    23012    23784 
    88    376 -1      gi|31     7211     7978 
    89    113  1      gi|16     3588     3758 
    89    713  1       gi|5    33205    33374 
    90    114  1      gi|16     5226     5367 
    90    387 -1      gi|32    34685    34826 
    91    115  1      gi|16    17222    17493 
    91    700  1       gi|5     4812     5050 
    92    116  1      gi|16    18317    18398 
    92    759  1      gi|53    20327    20416 
    93    117  1      gi|16    28988    31551 
    93    212  1      gi|21    22134    24962 
    94    118  1      gi|16    32185    32316 
    94    797 -1      gi|56    20362    20493 
    95    119  1      gi|16    33732    34633 
    95    269  1      gi|24    28260    28365 
    95    778  1      gi|55     6022     6919 
    96    120  1      gi|16    35251    35559 
    96    308 -1      gi|27    33152    33454 
    97    121  1      gi|17     2956     3269 
    98    122  1      gi|17     3953     5719 
    98    255  1      gi|23    36070    37846 
    99    123  1      gi|17     7767     7830 
    99    794  1      gi|56     5183     5255 
   100    124  1      gi|17    11706    11752 
   100    736 -1      gi|51     9425     9520 
   100    128  1      gi|17    20822    20901 
   100   1050 -1      gi|37    23525    23601 
   100   1052 -1      gi|41    13997    14076 
   100    480 -1      gi|38     5152     5234 
   100    558 -1      gi|41    10533    10581 
   100   1051  1      gi|56    11278    11324 
   101    125  1      gi|17    12134    12323 
   101    527 -1       gi|4    19562    19943 
   101    705 -1       gi|5    14999    15071 
   101    126  1      gi|17    12250    12476 
   101    226  1      gi|22    17067    17201 
   101    666  1      gi|48     8773     9012 
   101    683  1      gi|49    15240    15429 
   101    981  1      gi|15     3972     4008 
   102    127  1      gi|17    13931    14022 
   102    876  1       gi|6    38666    38749 
   103    129  1      gi|17    20900    21016 
   104    131  1      gi|17    26041    26561 
   104    818  1      gi|57    13887    14394 
   105    132  1      gi|17    26719    26815 
   105    819  1      gi|57    14459    14555 
   106    133  1      gi|17    30885    31065 
   106    198  1      gi|20    37663    37856 
   107    135  1      gi|17    32990    34873 
   107    754 -1      gi|53        1     2048 
   107    137 -1      gi|17    36344    36821 
   108    138  1      gi|17    36815    36937 
   108    537  1       gi|4    37082    37293 
   109    139  1      gi|17    36932    37019 
   109    809 -1      gi|57     1547     1634 
   110    142  1      gi|18     6711     6756 
   110    931 -1       gi|8    25178    25220 
   111    143  1      gi|18     7059     7808 
   111    752 -1      gi|52    36434    37147 
   112    144  1      gi|18     7977     8503 
   112    591  1      gi|43    28200    28725 
   113    145  1      gi|18     8929     9053 
   113    567 -1      gi|42     6835     6951 
   114    146  1      gi|18    13197    13394 
   114    536 -1       gi|4    35406    35621 
   115    147  1      gi|18    14354    14490 
   115    697  1       gi|5     1727     1792 
   116    148  1      gi|18    21866    22245 
   116    911 -1       gi|8      441      528 
   117    149  1      gi|18    22564    22702 
   117    734  1      gi|51      554      683 
   118    150  1      gi|18    27780    27850 
   118   1053 -1      gi|21    10913    11081 
   118    708  1       gi|5    24647    24887 
   118    204 -1      gi|21    10825    10975 
   118    468 -1      gi|37    19078    19296 
   118   1054 -1      gi|21    11083    11144 
   119    152  1      gi|18    31388    31460 
   119    309 -1      gi|27    34126    35984 
   119    177 -1       gi|2    10131    10208 
   119    882 -1      gi|60    10542    12395 
   119    742 -1      gi|51    29940    30008 
   119    941 -1       gi|9    18355    18427 
   120    153  1      gi|18    31973    33286 
   120    588  1      gi|43    21926    23369 
   120   1092  1       gi|6    15309    15418 
   120    154  1      gi|18    32923    34242 
   120    556  1      gi|40    39263    39316 
   120    589  1      gi|43    23531    23925 
   120    257 -1      gi|23    39733    39884 
   120    303 -1      gi|27    22625    22896 
   121    155  1      gi|18    35998    36210 
   122    157  1      gi|18    39790    39867 
   122    185  1       gi|2    24940    25020 
   123    158  1      gi|19      641      816 
   124    159  1      gi|19     5218     5634 
   124   1056 -1      gi|37    34242    34614 
   124    937 -1       gi|9    14030    14156 
   124    938 -1       gi|9    14336    14706 
   124   1059  1      gi|48    28003    28392 
   124   1055 -1      gi|37    34190    34240 
   125    160  1      gi|19     7907     7956 
   125    730 -1      gi|50    36066    36111 
   125    959  1       gi|1     7350     7392 
   125    960 -1      gi|60    38415    38461 
   125    509 -1      gi|39    23735    23779 
   125    888  1       gi|7       75      119 
   125    833 -1      gi|58    17063    17109 
   126    161  1      gi|19    14811    14857 
   126    951  1       gi|1     1671     1776 
   126    647  1      gi|46    32450    32697 
   126    791 -1      gi|55    35495    35598 
   127    163  1      gi|19    16579    16684 
   127    493 -1      gi|38    33453    34849 
   127    287  1      gi|26    20243    20354 
   127    712 -1       gi|5    29658    31078 
   127    714  1       gi|5    33856    33953 
   128    164  1      gi|19    18977    19803 
   128    585  1      gi|43    15011    15678 
   128    769  1      gi|54     8427     9261 
   128    901 -1       gi|7    29336    29501 
   128    668  1      gi|48    12695    13027 
   128    902 -1       gi|7    29562    29849 
   129    165  1      gi|19    19955    21025 
   129    197 -1      gi|20    35036    35247 
   129    587  1      gi|43    16754    16921 
   129    770  1      gi|54     9469    10579 
   130    166  1      gi|19    31534    31652 
   130    225 -1      gi|22     9513     9626 
   131    167  1      gi|19    31748    31991 
   132    168  1      gi|19    33787    33965 
   132    805  1      gi|56    33249    33394 
   133    169  1      gi|19    35197    35363 
   133    618  1      gi|45     2732     2899 
   134    170  1      gi|19    35890    36232 
   134    619  1      gi|45     3761     4088 
   135    171  1      gi|19    36266    36378 
   135    584 -1      gi|43    13278    13408 
   136    172  1      gi|19    37024    37846 
   136    630  1      gi|45    27325    28128 
   137    173  1       gi|2     3024     3191 
   137    435  1      gi|35    29708    29869 
   137   1020 -1      gi|27    13809    13859 
   138    174  1       gi|2     4874     5259 
   138    327  1      gi|28    36794    37188 
   139    175  1       gi|2     7391     7481 
   139    452 -1      gi|36    31819    31905 
   140    176  1       gi|2     9405     9627 
   140    578 -1      gi|42    31051    31304 
   140    581  1      gi|43     7346     7444 
   141    178  1       gi|2    10202    11214 
   141    528  1       gi|4    20103    21098 
   142    179  1       gi|2    14718    14785 
   142    822  1      gi|57    17976    18040 
   143    186  1       gi|2    27814    29119 
   143    913 -1       gi|8     3155     4447 
   143    256  1      gi|23    38033    38174 
   144    189  1       gi|2    35249    35550 
   144    545 -1      gi|40    18181    18452 
   145    190  1      gi|20     7073     8457 
   145    642 -1      gi|46    19356    19426 
   145    727 -1      gi|50    27082    27212 
   145    920 -1       gi|8    10085    11460 
   146    191  1      gi|20    13066    13145 
   146    320 -1      gi|28    26203    26471 
   146    342 -1       gi|3    17516    17803 
   146    396 -1      gi|33    21130    21333 
   147    192  1      gi|20    13707    14593 
   147    261  1      gi|24    11324    12201 
   148    193  1      gi|20    19156    19222 
   148   1008 -1      gi|17    31846    33090 
   148    686 -1      gi|49    23034    24184 
   148    203 -1      gi|21    10752    10841 
   148   1005  1      gi|23    35909    36024 
   149    194  1      gi|20    19251    20064 
   150    195  1      gi|20    20427    21015 
   150    446  1      gi|36     9538    11263 
   150    290  1      gi|26    27323    28912 
   150    291  1      gi|26    29141    29901 
   150    335  1       gi|3     6485     6777 
   150    506  1      gi|39    15092    15170 
   150    910 -1       gi|8       51      425 
   151    196  1      gi|20    21419    23011 
   151    292  1      gi|26    30342    30728 
   151    449  1      gi|36    12290    13426 
   152    199  1      gi|21     1596     1745 
   153    200  1      gi|21     5406     6072 
   153    264 -1      gi|24    15221    15967 
   154    201  1      gi|21     5985     7342 
   154    263 -1      gi|24    13758    15190 
   154    787  1      gi|55    28122    28210 
   155    202  1      gi|21     7574     8994 
   155    259  1      gi|24     2958     4366 
   155    823 -1      gi|57    29264    29336 
   156    207  1      gi|21    16825    17633 
   156    936 -1       gi|9     7493     8298 
   157    208  1      gi|21    19955    20053 
   157    566 -1      gi|41    29873    29973 
   158    209  1      gi|21    20233    20567 
   158    363  1      gi|30     5416     5491 
   159    210  1      gi|21    20679    20992 
   159    281 -1      gi|25    27763    28076 
   159    863  1      gi|59    36210    36270 
   160    211  1      gi|21    21310    22433 
   160    919 -1       gi|8     8415     9843 
   160    929 -1       gi|8    19547    20973 
   160    966 -1      gi|14    10076    11503 
   160    967 -1       gi|1    36751    38151 
   160    968 -1       gi|2    31439    32870 
   160    977  1      gi|58     2880     3908 
   160    969  1      gi|21    24877    25185 
   160    975  1      gi|44    39886    40000 
   160    979  1       gi|1    36749    36782 
   160    976  1      gi|58        1      325 
   161    214  1      gi|21    27934    29230 
   161    926  1       gi|8    14768    14969 
   161    927  1       gi|8    15359    15979 
   162    215  1      gi|21    30351    31027 
   162    307 -1      gi|27    32003    32716 
   163    216  1      gi|21    32951    33337 
   163    854 -1      gi|59    13011    13190 
   164    218  1      gi|21    36137    36245 
   164    233  1      gi|22    33640    33760 
   165    219  1      gi|21    37556    37988 
   165    295  1      gi|26    34047    34551 
   166    220  1      gi|21    38256    38342 
   166    380  1      gi|32       14       97 
   167    221  1      gi|22     1711     1762 
   167    316  1      gi|28    15993    16044 
   167    222 -1      gi|22     1771     1822 
   168    224  1      gi|22     6477     6528 
   168    557  1      gi|41     1905     2958 
   168    317  1      gi|28    20039    20074 
   168    649 -1      gi|46    34617    35762 
   168    780 -1      gi|55     8139     8221 
   168    852  1      gi|59    10040    10080 
   168    425 -1      gi|35    15980    16036 
   169    227  1      gi|22    17431    18088 
   169    662 -1      gi|47    36057    36136 
   170    228  1      gi|22    21329    21450 
   170    889  1       gi|7     7045     7221 
   171    230  1      gi|22    26963    27893 
   171    801 -1      gi|56    28337    29275 
   172    231  1      gi|22    30195    30303 
   172    826  1      gi|57    38428    38640 
   172   1036 -1      gi|28    34013    34218 
   172   1028  1      gi|44    22267    22408 
   173    232  1      gi|22    31987    32296 
   173    896 -1       gi|7    22789    23105 
   173    923  1       gi|8    12352    12707 
   173   1061  1      gi|36     1273     1621 
   174    234  1      gi|22    34653    34744 
   175    236  1      gi|23     7442     7605 
   176    237  1      gi|23     7588     8360 
   176    423  1      gi|35     5088     5851 
   177    238  1      gi|23     9480     9703 
   177    737 -1      gi|51    15052    15264 
   178    239  1      gi|23    11110    11277 
   178    869  1       gi|6    16894    17056 
   179    240  1      gi|23    11242    11526 
   179    471 -1      gi|37    33983    34262 
   179    382  1      gi|32    24973    25068 
   180    241  1      gi|23    13390    13517 
   181    245  1      gi|23    17780    17949 
   181    858 -1      gi|59    18724    18896 
   182    246  1      gi|23    18912    19054 
   182    306  1      gi|27    28406    28536 
   182    898  1       gi|7    23235    23309 
   183    247  1      gi|23    19102    19221 
   183    982 -1      gi|15     4010     4088 
   184    248  1      gi|23    21244    21421 
   185    249  1      gi|23    22619    23088 
   185    373  1      gi|31     2869     3356 
   186    250  1      gi|23    24351    24473 
   186    916  1       gi|8     7235     7357 
   187    251  1      gi|23    25616    25706 
   187    878 -1      gi|60     3003     3096 
   188    252  1      gi|23    27986    28218 
   189    260  1      gi|24     5578     5748 
   190    262  1      gi|24    12596    12745 
   190    310 -1      gi|27    37070    37228 
   191    265  1      gi|24    16012    16075 
   191    318 -1      gi|28    21281    21397 
   192    266  1      gi|24    19814    20506 
   192    385 -1      gi|32    31736    32501 
   192    386 -1      gi|32    32870    33302 
   192    865 -1       gi|6     3744     3930 
   193    267  1      gi|24    23536    23730 
   194    268  1      gi|24    25100    25510 
   194    280  1      gi|25    27671    27778 
   194    345 -1       gi|3    18300    18337 
   194   1063  1      gi|41    22511    22718 
   194   1064  1      gi|25    27289    27692 
   194   1065  1       gi|3    18240    18299 
   195    271  1      gi|25     3108     3793 
   195    544  1      gi|40    14849    15537 
   196    272  1      gi|25     5896     6051 
   197    273  1      gi|25    13654    14317 
   197    709 -1       gi|5    25515    26354 
   197    924  1       gi|8    13045    13892 
   198    275  1      gi|25    20328    20518 
   198   1012 -1      gi|41    16320    16607 
   198   1017 -1       gi|6    21360    21501 
   198   1023  1       gi|7    23431    23572 
   198   1024 -1      gi|33    22182    22347 
   198   1031  1      gi|52    22590    22726 
   198    553 -1      gi|40    32185    32249 
   199    276  1      gi|25    20994    21113 
   199    312 -1      gi|27    39360    39760 
   200    278  1      gi|25    26015    26950 
   200    313  1      gi|28     3346     4288 
   201    286  1      gi|26    11487    11549 
   201    504 -1      gi|39    12706    12765 
   202    288  1      gi|26    20959    21432 
   202    881  1      gi|60    10160    10593 
   203    289  1      gi|26    22525    24312 
   203    391 -1      gi|33     9967    11734 
   204    293  1      gi|26    31305    31386 
   204   1078  1      gi|38    19159    19293 
   204   1077 -1      gi|50    21720    21853 
   204    384 -1      gi|32    30251    30332 
   204    429 -1      gi|35    22920    23061 
   205    296  1      gi|26    36247    37855 
   205    515 -1      gi|39    31931    33472 
   206    297  1      gi|26    38407    39031 
   206    621  1      gi|45    12253    12874 
   207    298  1      gi|26    39223    39784 
   207    622  1      gi|45    12895    13459 
   208    299  1      gi|27      303      559 
   208    692  1      gi|49    35576    36254 
   208    955 -1      gi|10    16002    16063 
   209    300  1      gi|27    10129    10256 
   210    301  1      gi|27    13461    13584 
   210    917  1       gi|8     7872     7989 
   211    304  1      gi|27    23201    23326 
   211    577  1      gi|42    26973    27661 
   211    943 -1       gi|9    20091    20385 
   212    305  1      gi|27    23430    23476 
   212    806 -1      gi|56    34815    34919 
   212    781 -1      gi|55    15213    15316 
   213    314  1      gi|28     4839     5725 
   213    884  1      gi|60    25348    26232 
   213    432 -1      gi|35    27661    27740 
   214    315  1      gi|28    14220    14366 
   214    546  1      gi|40    18881    19045 
   215    321  1      gi|28    26880    27129 
   215    343  1       gi|3    17795    18046 
   216    322  1      gi|28    28372    28495 
   216    399  1      gi|33    23893    24016 
   217    323  1      gi|28    29153    29349 
   217    484  1      gi|38    16658    16853 
   218    324  1      gi|28    33242    33330 
   219    325  1      gi|28    33387    33900 
   219    632  1      gi|45    28709    29204 
   220    328  1      gi|29    11627    14534 
   221    330  1      gi|29    32261    32332 
   221    371  1      gi|30    38917    38987 
   222    331  1      gi|29    32926    33045 
   222    413  1      gi|34    18041    18356 
   222    370  1      gi|30    28323    28616 
   223    332  1      gi|29    36186    36218 
   223   1046 -1      gi|34    29871    29903 
   223   1048 -1      gi|34    30329    30361 
   224    334  1       gi|3     6240     6404 
   224    758 -1      gi|53    17111    17269 
   225    337  1       gi|3     7958     8563 
   225    475  1      gi|37    37500    38104 
   226    338  1       gi|3     9943    10239 
   226    368 -1      gi|30    15291    15582 
   227    340  1       gi|3    14239    14348 
   227    646  1      gi|46    31027    31531 
   227    353  1      gi|30     1402     1549 
   227    688  1      gi|49    24498    24579 
   227    731 -1      gi|50    36886    37256 
   227   1062  1      gi|36     6683     6797 
   228    341  1       gi|3    14398    14629 
   228    939  1       gi|9    15695    15749 
   229    348  1       gi|3    29654    29787 
   229    661  1      gi|47    34726    34931 
   229    534  1       gi|4    32670    32974 
   229    624  1      gi|45    13625    13724 
   229    850  1      gi|59     7512     7623 
   230    349  1       gi|3    38604    38661 
   230    586  1      gi|43    15521    15997 
   230    978  1      gi|58     3909     3945 
   231    350  1       gi|3    38634    40000 
   231   1066  1      gi|58     4029     5420 
   231   1068  1      gi|58    10302    11598 
   231   1070  1      gi|25    14448    15775 
   232    351  1      gi|30      175      331 
   232    935  1       gi|9     6976     7132 
   233    352  1      gi|30      909     1006 
   233    807 -1      gi|56    38486    38583 
   234    354  1      gi|30     1832     2053 
   234    466  1      gi|37    17883    18061 
   234    355  1      gi|30     2107     2184 
   235    356  1      gi|30     2262     2356 
   235    820  1      gi|57    16612    16706 
   236    359  1      gi|30     2760     2851 
   236    502 -1      gi|39     9985    10120 
   236    571 -1      gi|42    13037    13355 
   236    719  1      gi|50     6052     6139 
   237    360  1      gi|30     3437     3591 
   237    724 -1      gi|50    20834    21011 
   237    883  1      gi|60    14168    14301 
   237    364  1      gi|30     5491     5569 
   238    361  1      gi|30     4077     4185 
   239    362  1      gi|30     5200     5300 
   239    389 -1      gi|33     2385     2487 
   240    372  1      gi|31      261      410 
   240    547 -1      gi|40    22243    22590 
   241    374  1      gi|31     4809     5818 
   241    454 -1      gi|36    33642    34695 
   241    379  1      gi|31    19386    20421 
   242    377  1      gi|31    10410    10553 
   242    930 -1       gi|8    23195    23332 
   243    383  1      gi|32    26721    26801 
   243    507 -1      gi|39    20577    20663 
   244    390  1      gi|33     7990     8254 
   244    436 -1      gi|35    31618    31861 
   245    394  1      gi|33    16023    16322 
   245    755 -1      gi|53     1908     2206 
   246    401  1      gi|33    26930    27017 
   246    555  1      gi|40    37259    37495 
   246    604  1      gi|44    18809    18858 
   246   1011 -1      gi|13    13703    13845 
   246   1015 -1      gi|52    22730    22801 
   246   1032  1      gi|57     2285     2493 
   247    402  1      gi|33    27546    28941 
   247    836  1      gi|58    19760    20410 
   247    837  1      gi|58    22854    24212 
   248    403  1      gi|33    29153    29291 
   248   1002 -1      gi|44    29539    29982 
   248   1003  1      gi|33    33744    34171 
   249    405  1      gi|33    30305    32011 
   249    461  1      gi|37     3565     5253 
   250    408  1      gi|33    35406    35791 
   250    609 -1      gi|44    26711    27426 
   250    499  1      gi|39     6000     6175 
   250    514  1      gi|39    31108    31743 
   250    633 -1      gi|45    32175    32296 
   250    843 -1      gi|58    32662    33145 
   250    846 -1      gi|58    37094    37351 
   250    478 -1      gi|38     3815     4415 
   250    654  1      gi|47    12864    13006 
   250    764  1      gi|53    35097    35195 
   250    648  1      gi|46    34461    34535 
   250    551 -1      gi|40    26628    26667 
   251    410  1      gi|34     5218     5593 
   251    533 -1       gi|4    29969    30353 
   251    753  1      gi|52    39616    39858 
   252    411  1      gi|34     5782     6219 
   252    532 -1       gi|4    28180    28650 
   253    412  1      gi|34     7888     8236 
   253    925 -1       gi|8    14076    14429 
   254    414  1      gi|34    27302    27416 
   254    894  1       gi|7    17180    17292 
   255    418  1      gi|34    29924    30259 
   256    421  1      gi|34    30382    30783 
   257    422  1      gi|34    30714    33403 
   258    426  1      gi|35    19802    19983 
   259    427  1      gi|35    21075    21322 
   260    434  1      gi|35    29623    29759 
   260    447 -1      gi|36    11532    11705 
   260   1034  1      gi|24    35142    35210 
   261    437  1      gi|35    34540    35846 
   262    438  1      gi|35    37004    37414 
   262    784 -1      gi|55    17783    18156 
   263    439  1      gi|35    38022    38449 
   264    440  1      gi|35    38596    39520 
   264    782 -1      gi|55    15339    16353 
   264    783 -1      gi|55    16430    17022 
   264    946 -1       gi|9    24449    24549 
   265    443  1      gi|36     1843     2024 
   265    564  1      gi|41    24320    24411 
   265    768  1      gi|54     5172     5349 
   265    948  1       gi|9    36126    36223 
   266    448  1      gi|36    11735    12674 
   267    450  1      gi|36    15709    15961 
   267    908 -1       gi|7    38179    38428 
   268    453  1      gi|36    32028    32607 
   269    455  1      gi|36    34949    35101 
   269   1086 -1      gi|44     2856     3131 
   269   1085  1      gi|44     2819     2854 
   269    456 -1      gi|36    35097    35384 
   269    602 -1      gi|44    14900    15022 
   270    458  1      gi|36    38744    39387 
   270    905 -1       gi|7    34402    35009 
   271    459  1      gi|37       18     1346 
   271    812  1      gi|57     4574     5854 
   272    460  1      gi|37     3354     3549 
   273    464  1      gi|37    17300    17464 
   273    847  1      gi|59     1085     1268 
   274    465  1      gi|37    17413    17530 
   274    594 -1      gi|43    34482    34602 
   275    467  1      gi|37    19001    19148 
   276    470  1      gi|37    24236    24284 
   276    623  1      gi|45    13560    13654 
   276    531 -1       gi|4    23844    24036 
   277    473  1      gi|37    34610    34923 
   277    802 -1      gi|56    31062    31264 
   277    803 -1      gi|56    31228    31481 
   278    474  1      gi|37    35806    36048 
   278    849 -1      gi|59     3770     4023 
   279    477  1      gi|38     2993     3047 
   279    834 -1      gi|58    17955    18006 
   280    481  1      gi|38     5790     5852 
   280    853 -1      gi|59    12917    12980 
   281    482  1      gi|38     7498     7725 
   282    483  1      gi|38    10379    10481 
   282    804 -1      gi|56    31910    32080 
   283    485  1      gi|38    17574    17711 
   284    487  1      gi|38    21159    21234 
   284    573 -1      gi|42    16115    16203 
   285    488  1      gi|38    23359    23961 
   285    548  1      gi|40    22802    23312 
   286    489  1      gi|38    23853    24192 
   287    490  1      gi|38    24239    24870 
   288    491  1      gi|38    29560    30060 
   288    580  1      gi|42    38738    39240 
   288    710 -1       gi|5    26723    27189 
   288    707  1       gi|5    22851    23044 
   289    492  1      gi|38    32836    33102 
   289    711  1       gi|5    29106    29378 
   290    498  1      gi|39       51     2552 
   290    614 -1      gi|44    34463    36991 
   291    500  1      gi|39     6148     6217 
   291    682  1      gi|49     6927     7007 
   292    501  1      gi|39     7305     7371 
   292    866 -1       gi|6    10272    10341 
   293    503  1      gi|39    10138    11769 
   293    679  1      gi|49     2279     3886 
   294    505  1      gi|39    14275    15111 
   294    634 -1      gi|45    32933    33807 
   295    508  1      gi|39    21471    21574 
   295    717  1       gi|5    36499    37992 
   296    510  1      gi|39    26859    27648 
   296    904 -1       gi|7    30355    31140 
   297    511  1      gi|39    27761    27856 
   297    903 -1       gi|7    30122    30217 
   298    512  1      gi|39    30188    30875 
   298    839 -1      gi|58    25143    25842 
   299    513  1      gi|39    30563    31354 
   299    844 -1      gi|58    33013    33943 
   299    947 -1       gi|9    27217    27366 
   299    610 -1      gi|44    27780    28288 
   300    517  1      gi|39    38858    39552 
   300    664  1      gi|48     2910     3583 
   301    518  1       gi|4     1452     1601 
   302    519  1       gi|4     1896     1991 
   302    582 -1      gi|43     8929     9033 
   303    520  1       gi|4     2201     2673 
   304    521  1       gi|4     7540     7748 
   304    552  1      gi|40    31146    31368 
   305    522  1       gi|4    10894    11097 
   305    800  1      gi|56    27789    27845 
   306    523  1       gi|4    14884    15361 
   306    677  1      gi|49     1187     1542 
   306    718 -1      gi|50      346      430 
   306   1030 -1      gi|52    22547    22586 
   307    526  1       gi|4    18249    18295 
   307    765 -1      gi|53    38321    38367 
   308    529  1       gi|4    21220    21518 
   308    815 -1      gi|57     8490     8648 
   308    827  1      gi|57    38645    38931 
   308    909  1       gi|7    38579    38721 
   309    538  1       gi|4    39075    39227 
   310    543  1      gi|40    14368    14626 
   310    638  1      gi|46     5246     5529 
   311    554  1      gi|40    35162    35236 
   311    576  1      gi|42    26315    26384 
   312    561  1      gi|41    21150    21642 
   312    772  1      gi|54    17411    17897 
   313    563  1      gi|41    23235    24291 
   313    851 -1      gi|59     7783     8870 
   314    565  1      gi|41    28332    28544 
   314    848 -1      gi|59     2336     2549 
   315    568  1      gi|42     7947     8047 
   316    569  1      gi|42     9457     9639 
   317    592  1      gi|43    32326    32363 
   318    595  1      gi|43    36615    36705 
   318    874  1       gi|6    36383    36464 
   319    596  1      gi|43    39803    39920 
   320    598  1      gi|44     3097     3367 
   320    685 -1      gi|49    21758    22065 
   320    907 -1       gi|7    37897    38180 
   320    603  1      gi|44    15174    15387 
   321    599  1      gi|44     4643     4709 
   321    739  1      gi|51    20028    20089 
   322    600  1      gi|44     5092     5252 
   322   1088  1      gi|36    35948    36659 
   322    608  1      gi|44    24696    24981 
   322   1090  1      gi|44    13281    13886 
   323    606  1      gi|44    22401    22591 
   323    950  1       gi|9    38611    38796 
   324    607  1      gi|44    22549    22686 
   324    922 -1       gi|8    12152    12298 
   325    613  1      gi|44    30283    30414 
   325    663  1      gi|47    39873    39983 
   326    616  1      gi|44    38951    39474 
   327    620  1      gi|45    11938    12019 
   327    667  1      gi|48    12380    12462 
   328    628  1      gi|45    23227    23649 
   328    702 -1       gi|5     8391     8681 
   329    631  1      gi|45    28134    28248 
   330    636  1      gi|45    38981    39529 
   330    862  1      gi|59    32960    33030 
   331    637  1      gi|45    39618    39789 
   332    641  1      gi|46    13958    14144 
   333    645  1      gi|46    30904    31060 
   334    650  1      gi|46    39181    39508 
   334    691  1      gi|49    31450    31858 
   335    651  1      gi|47     1897     2103 
   335    716  1       gi|5    35970    36264 
   335    814  1      gi|57     6599     6776 
   336    652  1      gi|47     5669     5828 
   336    875 -1       gi|6    37346    37508 
   337    653  1      gi|47     6929     7168 
   337    873 -1       gi|6    35579    35819 
   338    658  1      gi|47    19404    20105 
   339    659  1      gi|47    21961    22111 
   339    767 -1      gi|54     3626     3776 
   340    665  1      gi|48     5144     6124 
   340    821  1      gi|57    16848    17834 
   341    671  1      gi|48    30767    30868 
   341    744 -1      gi|52     5978     6070 
   342    672  1      gi|48    32554    32649 
   342    792  1      gi|56     1530     1776 
   342    749  1      gi|52    28717    28758 
   343    673  1      gi|48    35384    35549 
   343   1026  1      gi|44    22222    22266 
   344    680  1      gi|49     3856     3978 
   345    681  1      gi|49     5746     5865 
   346    684  1      gi|49    15780    15878 
   346    824  1      gi|57    34320    34409 
   347    687  1      gi|49    24183    24535 
   348    690  1      gi|49    30899    31015 
   348    726  1      gi|50    25512    25618 
   349    694  1      gi|49    37719    37809 
   349    952  1      gi|39    33910    34103 
   349    944  1       gi|9    22279    22597 
   350    695  1      gi|49    37826    38475 
   351    703  1       gi|5    13219    13501 
   351    790  1      gi|55    35390    35528 
   351    855  1      gi|59    13105    13295 
   352    704  1       gi|5    13428    14147 
   352    751 -1      gi|52    35669    36359 
   353    720  1      gi|50     7304     7429 
   354    721  1      gi|50    11595    11635 
   354    885  1      gi|60    32710    32753 
   355    722  1      gi|50    15060    15136 
   356    723  1      gi|50    19988    20176 
   357    728  1      gi|50    28692    29578 
   357    774 -1      gi|54    28593    29467 
   357    799 -1      gi|56    27331    27516 
   358    729  1      gi|50    34879    35333 
   358    761 -1      gi|53    32467    32933 
   359    732  1      gi|50    39613    39708 
   360    735  1      gi|51     4183     5017 
   360    743 -1      gi|52     3646     4441 
   361    738  1      gi|51    19274    19449 
   362    740  1      gi|51    25090    25150 
   362    880  1      gi|60     8036     8097 
   363    741  1      gi|51    27591    28178 
   363    763 -1      gi|53    34426    35019 
   364    745  1      gi|52    11783    12442 
   365    747  1      gi|52    23806    23933 
   365    786 -1      gi|55    21131    21263 
   366    750  1      gi|52    29249    29406 
   367    762  1      gi|53    33262    33343 
   367    785  1      gi|55    18516    18600 
   368    766  1      gi|54     2402     2437 
   369    771  1      gi|54    14553    14665 
   370    775  1      gi|54    30730    31058 
   370    860 -1      gi|59    24556    24898 
   371    777  1      gi|54    34591    34814 
   372    793  1      gi|56     1902     2029 
   373    795  1      gi|56     5466     6130 
   373    895  1       gi|7    21510    22180 
   374    813  1      gi|57     6313     6469 
   375    817  1      gi|57    13395    13675 
   376    825  1      gi|57    35356    36054 
   377    829  1      gi|58      290     3044 
   378    861  1      gi|59    25689    25779 
   378    974  1      gi|40     6518     7695 
   378    971  1      gi|26      508     1025 
   378    972  1       gi|3     7229     7876 
   378   1073  1      gi|26     5848     6541 
   378   1074  1       gi|3     4950     6134 
   378   1076  1      gi|26     5657     5949 
   378   1072  1      gi|25    32240    32443 
   379    864  1      gi|59    37214    39902 
   380    872  1       gi|6    24813    25024 
   381    879  1      gi|60     5003     5220 
   382    890  1       gi|7     7900     8048 
   382    915  1       gi|8     6808     6929 
   382    932  1       gi|8    27369    27416 
   383    906  1       gi|7    37708    38026 
   383   1087 -1      gi|36    35644    35948 
   383   1089 -1      gi|44    12948    13247 
   384    921  1       gi|8    11574    11821 
   385    928  1       gi|8    18740    19183 
   386    933  1       gi|8    28222    28329 
   387    934  1       gi|9        1     4581 
   387   1067  1      gi|58     5422     9884 
   387   1069  1      gi|58    11599    16174 
   387   1071  1      gi|25    15780    20348 
   388    958  1       gi|1     7185     7350 
   388    961 -1      gi|60    38466    38608 
   389    965  1      gi|14    10036    10075 
   389    970 -1      gi|21    25188    25228 
   390    973  1      gi|40     6458     6513 
   390   1075  1      gi|26     5597     5657 
   391    984  1       gi|7    24982    25174 
   391    989  1      gi|31     6116     6309 
   391    990  1      gi|32    16854    17041 
   391    998  1       gi|7    14273    14461 
   392    988  1      gi|31     6056     6115 
   392    991 -1      gi|32    17047    17097 
   393    992  1       gi|7    14227    14272 
   393    995 -1      gi|31    19088    19161 
   393    999 -1       gi|7    14466    14544 
   394   1006  1      gi|23    36028    36070 
   394   1007 -1      gi|17    31796    31845 
   395   1013  1      gi|41    16611    16642 
   395   1029  1      gi|44    22411    22453 
   396   1018  1       gi|6    21502    21548 
   397   1019  1      gi|47    18323    18454 
   398   1022  1       gi|7    23328    23430 
   398   1033 -1      gi|57     2499     2596 
   399   1025  1      gi|33    22349    22388 
   399   1035 -1      gi|28    33975    34011 
   400   1057  1      gi|37    34615    34678 
   400   1058 -1      gi|48    27939    27996 
   401   1081  1       gi|9    17848    18008 
   401   1083  1      gi|38     4833     4978 
   402   1091  1       gi|6    15269    15304 
   402   1094 -1       gi|9    23642    23682 
   403   1093  1       gi|9    23575    23642 
