1 gi|1 1645 1782
2 gi|1 2452 2628
3 gi|1 4029 4750
4 gi|1 4742 4911
5 gi|1 7185 7408
6 gi|1 8754 8978
7 gi|1 9354 9899
8 gi|1 9927 10078
9 gi|1 10222 11161
10 gi|1 11330 13161
11 gi|1 13527 14378
12 gi|1 14699 16258
13 gi|1 16544 16724
14 gi|1 16916 17497
15 gi|1 18246 18333
16 gi|1 18469 19177
17 gi|1 22272 23187
18 gi|1 25729 25961
19 gi|1 27085 27326
20 gi|1 28878 30008
21 gi|1 35605 36599
22 gi|1 36719 36782
23 gi|1 36751 38196
24 gi|1 38520 38632
25 gi|1 38661 39990
26 gi|10 60 441
27 gi|10 1484 1748
28 gi|10 1912 1970
29 gi|10 3368 3598
30 gi|10 3656 4314
31 gi|10 14887 15178
32 gi|10 15256 16063
33 gi|10 17299 17366
34 gi|10 17643 17853
35 gi|10 18013 18103
36 gi|10 20485 20753
37 gi|10 22759 23066
38 gi|10 26644 27122
39 gi|10 30403 30647
40 gi|10 30885 31803
41 gi|10 31843 32694
42 gi|10 33972 34077
43 gi|10 36235 36438
44 gi|10 37002 37091
45 gi|10 38273 38844
46 gi|11 250 310
47 gi|11 6171 6231
48 gi|11 8846 8889
49 gi|11 13920 14062
50 gi|11 19980 20165
51 gi|11 25362 25452
52 gi|11 26581 27087
53 gi|11 32073 32145
54 gi|11 33409 33582
55 gi|12 730 916
56 gi|12 5104 5678
57 gi|12 5946 6457
58 gi|12 8608 8685
59 gi|12 8755 8831
60 gi|12 9375 9562
61 gi|12 10140 10340
62 gi|12 11609 11819
63 gi|12 14356 14475
64 gi|12 14465 14834
65 gi|12 15421 15513
66 gi|12 15608 15836
67 gi|12 19434 19796
68 gi|12 24011 24150
69 gi|12 25252 25504
70 gi|12 26398 27984
71 gi|12 27942 28296
72 gi|12 31933 32201
73 gi|12 32196 32303
74 gi|12 32576 32761
75 gi|12 32958 33081
76 gi|12 33025 33143
77 gi|12 37666 38530
78 gi|12 38435 40000
79 gi|13 3704 3753
80 gi|13 4501 4913
81 gi|13 5826 6028
82 gi|13 9922 10948
83 gi|13 11464 13002
84 gi|13 13336 13513
85 gi|13 13674 13855
86 gi|13 18245 18296
87 gi|13 22212 22294
88 gi|13 22853 22983
89 gi|13 25330 25511
90 gi|13 25788 25962
91 gi|13 33777 33837
92 gi|13 34721 34998
93 gi|13 35207 36369
94 gi|13 39837 39938
95 gi|14 10036 11536
96 gi|14 14085 15303
97 gi|14 17838 18691
98 gi|14 19675 19731
99 gi|14 21243 21344
100 gi|14 26396 26473
101 gi|14 27303 27833
102 gi|14 32055 32097
103 gi|14 39769 39998
104 gi|15 359 466
105 gi|15 2636 2689
106 gi|15 3972 4093
107 gi|15 4475 4589
108 gi|15 8489 8567
109 gi|15 9255 9475
110 gi|15 17635 18222
111 gi|15 20970 21133
112 gi|15 23012 23784
113 gi|16 3588 3758
114 gi|16 5226 5367
115 gi|16 17222 17493
116 gi|16 18317 18398
117 gi|16 28984 31551
118 gi|16 32185 32316
119 gi|16 33732 34633
120 gi|16 35251 35559
121 gi|17 2956 3269
122 gi|17 3953 5719
123 gi|17 7767 7830
124 gi|17 11703 11763
125 gi|17 12134 12323
126 gi|17 12250 12480
127 gi|17 13931 14022
128 gi|17 20819 20904
129 gi|17 20900 21016
130 gi|17 24463 24754
131 gi|17 26041 26561
132 gi|17 26719 26815
133 gi|17 30885 31065
134 gi|17 31796 33090
135 gi|17 32990 34873
136 gi|17 34874 36464
137 gi|17 36344 36821
138 gi|17 36815 36937
139 gi|17 36932 37019
140 gi|18 3686 3828
141 gi|18 4466 4641
142 gi|18 6711 6756
143 gi|18 7059 7808
144 gi|18 7977 8503
145 gi|18 8929 9053
146 gi|18 13197 13394
147 gi|18 14354 14490
148 gi|18 21866 22245
149 gi|18 22564 22702
150 gi|18 27777 27850
151 gi|18 29125 29486
152 gi|18 31386 31460
153 gi|18 31970 33286
154 gi|18 32923 34242
155 gi|18 35998 36210
156 gi|18 36603 36805
157 gi|18 39790 39867
158 gi|19 641 816
159 gi|19 5218 5638
160 gi|19 7907 7956
161 gi|19 14809 14857
162 gi|19 16180 16397
163 gi|19 16579 16684
164 gi|19 18977 19803
165 gi|19 19955 21025
166 gi|19 31534 31652
167 gi|19 31748 31991
168 gi|19 33787 33965
169 gi|19 35197 35363
170 gi|19 35890 36232
171 gi|19 36266 36378
172 gi|19 37024 37846
173 gi|2 3014 3191
174 gi|2 4874 5259
175 gi|2 7391 7481
176 gi|2 9405 9627
177 gi|2 10131 10208
178 gi|2 10202 11214
179 gi|2 14718 14785
180 gi|2 16532 17661
181 gi|2 17836 18381
182 gi|2 19156 19853
183 gi|2 20819 20981
184 gi|2 21003 21171
185 gi|2 24940 25020
186 gi|2 27814 29119
187 gi|2 31419 32871
188 gi|2 33065 33924
189 gi|2 35249 35550
190 gi|20 7073 8457
191 gi|20 13066 13145
192 gi|20 13707 14593
193 gi|20 19152 19222
194 gi|20 19251 20064
195 gi|20 20427 21015
196 gi|20 21419 23011
197 gi|20 35036 35247
198 gi|20 37663 37856
199 gi|21 1596 1745
200 gi|21 5406 6072
201 gi|21 5985 7342
202 gi|21 7574 8994
203 gi|21 10751 10842
204 gi|21 10816 10975
205 gi|21 10913 11144
206 gi|21 13733 13906
207 gi|21 16825 17633
208 gi|21 19955 20053
209 gi|21 20233 20577
210 gi|21 20679 20992
211 gi|21 21308 22433
212 gi|21 22134 24966
213 gi|21 24877 25228
214 gi|21 27934 29230
215 gi|21 30351 31027
216 gi|21 32951 33337
217 gi|21 33277 33840
218 gi|21 36137 36245
219 gi|21 37556 37988
220 gi|21 38256 38342
221 gi|22 1711 1762
222 gi|22 1771 1822
223 gi|22 3146 3263
224 gi|22 6472 6535
225 gi|22 9513 9626
226 gi|22 17064 17201
227 gi|22 17431 18088
228 gi|22 21329 21450
229 gi|22 24229 24281
230 gi|22 26963 27893
231 gi|22 30193 30307
232 gi|22 31986 32300
233 gi|22 33640 33760
234 gi|22 34653 34744
235 gi|22 36655 37379
236 gi|23 7442 7605
237 gi|23 7588 8360
238 gi|23 9480 9703
239 gi|23 11110 11277
240 gi|23 11242 11526
241 gi|23 13390 13517
242 gi|23 14216 14905
243 gi|23 15103 16351
244 gi|23 16508 17641
245 gi|23 17780 17949
246 gi|23 18912 19054
247 gi|23 19102 19221
248 gi|23 21244 21421
249 gi|23 22619 23088
250 gi|23 24351 24473
251 gi|23 25616 25706
252 gi|23 27986 28218
253 gi|23 29686 29834
254 gi|23 35909 36070
255 gi|23 36070 37846
256 gi|23 38033 38174
257 gi|23 39733 39884
258 gi|24 2663 2843
259 gi|24 2958 4366
260 gi|24 5578 5748
261 gi|24 11324 12201
262 gi|24 12596 12745
263 gi|24 13758 15190
264 gi|24 15221 15967
265 gi|24 16012 16075
266 gi|24 19814 20506
267 gi|24 23536 23730
268 gi|24 25096 25510
269 gi|24 28260 28365
270 gi|24 35142 35234
271 gi|25 3108 3793
272 gi|25 5896 6051
273 gi|25 13654 14317
274 gi|25 14448 20348
275 gi|25 20324 20518
276 gi|25 20994 21113
277 gi|25 23606 23696
278 gi|25 26015 26950
279 gi|25 27266 27692
280 gi|25 27671 27778
281 gi|25 27763 28076
282 gi|25 32239 32459
283 gi|26 508 1053
284 gi|26 5597 5949
285 gi|26 5848 6563
286 gi|26 11487 11549
287 gi|26 20243 20354
288 gi|26 20959 21432
289 gi|26 22525 24312
290 gi|26 27323 28912
291 gi|26 29141 29901
292 gi|26 30342 30728
293 gi|26 31300 31388
294 gi|26 33614 33755
295 gi|26 34047 34551
296 gi|26 36247 37855
297 gi|26 38407 39031
298 gi|26 39223 39784
299 gi|27 294 559
300 gi|27 10129 10256
301 gi|27 13461 13584
302 gi|27 13789 13865
303 gi|27 22625 22896
304 gi|27 23201 23326
305 gi|27 23430 23476
306 gi|27 28406 28537
307 gi|27 32003 32716
308 gi|27 33152 33454
309 gi|27 34125 35984
310 gi|27 37070 37228
311 gi|27 38245 38375
312 gi|27 39360 39760
313 gi|28 3346 4288
314 gi|28 4839 5725
315 gi|28 14220 14366
316 gi|28 15993 16044
317 gi|28 20038 20075
318 gi|28 21281 21402
319 gi|28 21361 21459
320 gi|28 26203 26471
321 gi|28 26880 27129
322 gi|28 28372 28495
323 gi|28 29153 29349
324 gi|28 33242 33336
325 gi|28 33387 33900
326 gi|28 33975 34218
327 gi|28 36794 37188
328 gi|29 11627 14534
329 gi|29 16034 16076
330 gi|29 32261 32336
331 gi|29 32926 33045
332 gi|29 36186 36222
333 gi|3 4943 6155
334 gi|3 6240 6404
335 gi|3 6485 6777
336 gi|3 7229 7893
337 gi|3 7958 8563
338 gi|3 9943 10239
339 gi|3 11256 11422
340 gi|3 14235 14348
341 gi|3 14398 14629
342 gi|3 17516 17803
343 gi|3 17795 18046
344 gi|3 18226 18303
345 gi|3 18300 18338
346 gi|3 20497 20568
347 gi|3 22491 22568
348 gi|3 29652 29787
349 gi|3 38600 38665
350 gi|3 38634 40000
351 gi|30 175 331
352 gi|30 909 1006
353 gi|30 1402 1549
354 gi|30 1832 2053
355 gi|30 2100 2186
356 gi|30 2262 2356
357 gi|30 2466 2570
358 gi|30 2635 2720
359 gi|30 2760 2851
360 gi|30 3437 3591
361 gi|30 4077 4185
362 gi|30 5200 5300
363 gi|30 5415 5493
364 gi|30 5491 5569
365 gi|30 5718 8607
366 gi|30 10099 10191
367 gi|30 10194 10255
368 gi|30 15291 15582
369 gi|30 16221 16356
370 gi|30 28323 28616
371 gi|30 38917 38987
372 gi|31 261 410
373 gi|31 2869 3356
374 gi|31 4809 5818
375 gi|31 6056 6323
376 gi|31 7211 7978
377 gi|31 10410 10553
378 gi|31 18864 19161
379 gi|31 19386 20421
380 gi|32 14 97
381 gi|32 16828 17097
382 gi|32 24969 25070
383 gi|32 26721 26801
384 gi|32 30251 30333
385 gi|32 31736 32501
386 gi|32 32870 33302
387 gi|32 34685 34826
388 gi|33 2 245
389 gi|33 2378 2487
390 gi|33 7990 8254
391 gi|33 9967 11734
392 gi|33 12167 13707
393 gi|33 13829 14891
394 gi|33 16023 16322
395 gi|33 16321 17107
396 gi|33 21130 21333
397 gi|33 22169 22388
398 gi|33 22991 23466
399 gi|33 23893 24016
400 gi|33 25487 25675
401 gi|33 26930 27017
402 gi|33 27546 28941
403 gi|33 29153 29291
404 gi|33 29543 30116
405 gi|33 30305 32011
406 gi|33 32634 32719
407 gi|33 33744 34730
408 gi|33 35405 35791
409 gi|33 35988 36150
410 gi|34 5218 5593
411 gi|34 5782 6219
412 gi|34 7888 8236
413 gi|34 18041 18356
414 gi|34 27302 27416
415 gi|34 28978 29801
416 gi|34 29767 29863
417 gi|34 29833 29906
418 gi|34 29924 30259
419 gi|34 30215 30321
420 gi|34 30291 30364
421 gi|34 30382 30783
422 gi|34 30714 33413
423 gi|35 5088 5851
424 gi|35 11402 11476
425 gi|35 15980 16036
426 gi|35 19802 19983
427 gi|35 21075 21322
428 gi|35 21787 21843
429 gi|35 22917 23061
430 gi|35 24305 24733
431 gi|35 26628 27086
432 gi|35 27661 27740
433 gi|35 28615 28790
434 gi|35 29623 29764
435 gi|35 29708 29869
436 gi|35 31618 31861
437 gi|35 34540 35846
438 gi|35 37004 37414
439 gi|35 38022 38449
440 gi|35 38596 39520
441 gi|36 202 1059
442 gi|36 1273 1633
443 gi|36 1843 2024
444 gi|36 6156 6667
445 gi|36 6657 6804
446 gi|36 9538 11263
447 gi|36 11531 11705
448 gi|36 11735 12674
449 gi|36 12290 13426
450 gi|36 15709 15961
451 gi|36 27032 27221
452 gi|36 31819 31905
453 gi|36 32028 32607
454 gi|36 33642 34696
455 gi|36 34949 35104
456 gi|36 35097 35384
457 gi|36 35640 36659
458 gi|36 38744 39387
459 gi|37 18 1346
460 gi|37 3354 3549
461 gi|37 3565 5253
462 gi|37 10056 10240
463 gi|37 14455 15851
464 gi|37 17300 17464
465 gi|37 17413 17530
466 gi|37 17877 18061
467 gi|37 19001 19148
468 gi|37 19078 19296
469 gi|37 23508 23608
470 gi|37 24236 24284
471 gi|37 33983 34262
472 gi|37 34190 34678
473 gi|37 34610 34923
474 gi|37 35806 36048
475 gi|37 37500 38104
476 gi|38 1406 1565
477 gi|38 2993 3047
478 gi|38 3815 4415
479 gi|38 4833 5143
480 gi|38 5152 5234
481 gi|38 5790 5852
482 gi|38 7498 7725
483 gi|38 10379 10481
484 gi|38 16658 16853
485 gi|38 17574 17711
486 gi|38 19135 19296
487 gi|38 21159 21234
488 gi|38 23359 23961
489 gi|38 23853 24192
490 gi|38 24239 24870
491 gi|38 29560 30060
492 gi|38 32836 33102
493 gi|38 33453 34849
494 gi|38 35781 35970
495 gi|38 38258 38481
496 gi|38 38778 38869
497 gi|38 39724 40000
498 gi|39 51 2552
499 gi|39 6000 6175
500 gi|39 6148 6217
501 gi|39 7305 7371
502 gi|39 9978 10120
503 gi|39 10138 11769
504 gi|39 12706 12765
505 gi|39 14275 15111
506 gi|39 15092 15178
507 gi|39 20577 20663
508 gi|39 21471 21574
509 gi|39 23734 23786
510 gi|39 26859 27648
511 gi|39 27761 27856
512 gi|39 30188 30875
513 gi|39 30563 31354
514 gi|39 31108 31747
515 gi|39 31931 33472
516 gi|39 33891 34103
517 gi|39 38858 39552
518 gi|4 1452 1601
519 gi|4 1896 1991
520 gi|4 2201 2673
521 gi|4 7540 7748
522 gi|4 10894 11097
523 gi|4 14884 15361
524 gi|4 15153 15605
525 gi|4 15394 16463
526 gi|4 18249 18295
527 gi|4 19562 19943
528 gi|4 20103 21098
529 gi|4 21219 21518
530 gi|4 23299 23404
531 gi|4 23844 24036
532 gi|4 28180 28650
533 gi|4 29969 30353
534 gi|4 32670 32974
535 gi|4 32981 33442
536 gi|4 35406 35621
537 gi|4 37082 37293
538 gi|4 39075 39227
539 gi|40 1636 1828
540 gi|40 2394 2738
541 gi|40 2854 3050
542 gi|40 6458 7755
543 gi|40 14368 14626
544 gi|40 14849 15537
545 gi|40 18181 18452
546 gi|40 18881 19045
547 gi|40 22243 22590
548 gi|40 22802 23312
549 gi|40 24357 24477
550 gi|40 24957 25088
551 gi|40 26628 26667
552 gi|40 31146 31368
553 gi|40 32185 32249
554 gi|40 35162 35236
555 gi|40 37259 37504
556 gi|40 39261 39316
557 gi|41 1896 2958
558 gi|41 10533 10581
559 gi|41 13981 14076
560 gi|41 16320 16642
561 gi|41 21150 21642
562 gi|41 22488 22719
563 gi|41 23235 24291
564 gi|41 24320 24411
565 gi|41 28332 28544
566 gi|41 29873 29973
567 gi|42 6835 6951
568 gi|42 7947 8047
569 gi|42 9457 9645
570 gi|42 12018 12073
571 gi|42 13037 13355
572 gi|42 14910 15143
573 gi|42 16115 16203
574 gi|42 23708 23819
575 gi|42 25332 25965
576 gi|42 26315 26384
577 gi|42 26973 27661
578 gi|42 31051 31304
579 gi|42 37279 37533
580 gi|42 38738 39240
581 gi|43 7346 7444
582 gi|43 8929 9033
583 gi|43 11762 12037
584 gi|43 13278 13408
585 gi|43 15011 15678
586 gi|43 15521 15997
587 gi|43 16754 16921
588 gi|43 21926 23369
589 gi|43 23531 23931
590 gi|43 26259 27851
591 gi|43 28200 28725
592 gi|43 32326 32363
593 gi|43 33784 34305
594 gi|43 34482 34602
595 gi|43 36615 36705
596 gi|43 39803 39920
597 gi|44 2819 3131
598 gi|44 3097 3369
599 gi|44 4643 4709
600 gi|44 5092 5252
601 gi|44 12948 13886
602 gi|44 14900 15022
603 gi|44 15174 15387
604 gi|44 18808 18859
605 gi|44 22222 22459
606 gi|44 22401 22591
607 gi|44 22549 22686
608 gi|44 24695 24981
609 gi|44 26707 27426
610 gi|44 27780 28288
611 gi|44 28962 29982
612 gi|44 29982 30156
613 gi|44 30283 30414
614 gi|44 34463 36991
615 gi|44 37126 37773
616 gi|44 38951 39474
617 gi|44 39867 40000
618 gi|45 2732 2899
619 gi|45 3761 4088
620 gi|45 11938 12019
621 gi|45 12253 12874
622 gi|45 12895 13459
623 gi|45 13560 13654
624 gi|45 13625 13724
625 gi|45 16384 16453
626 gi|45 18234 18698
627 gi|45 18941 19655
628 gi|45 23227 23649
629 gi|45 24352 24900
630 gi|45 27325 28128
631 gi|45 28134 28248
632 gi|45 28709 29204
633 gi|45 32171 32296
634 gi|45 32933 33807
635 gi|45 37847 38376
636 gi|45 38981 39529
637 gi|45 39618 39789
638 gi|46 5246 5529
639 gi|46 8449 8679
640 gi|46 8968 9653
641 gi|46 13958 14144
642 gi|46 19356 19426
643 gi|46 25554 25802
644 gi|46 28690 28767
645 gi|46 30904 31060
646 gi|46 31027 31531
647 gi|46 32450 32697
648 gi|46 34461 34535
649 gi|46 34617 35762
650 gi|46 39181 39508
651 gi|47 1897 2103
652 gi|47 5669 5828
653 gi|47 6929 7168
654 gi|47 12864 13010
655 gi|47 16798 16862
656 gi|47 17024 18163
657 gi|47 18323 18476
658 gi|47 19404 20105
659 gi|47 21961 22111
660 gi|47 24243 24611
661 gi|47 34726 34939
662 gi|47 36057 36136
663 gi|47 39873 39983
664 gi|48 2910 3583
665 gi|48 5144 6124
666 gi|48 8773 9015
667 gi|48 12380 12462
668 gi|48 12695 13027
669 gi|48 21638 21867
670 gi|48 27939 28392
671 gi|48 30767 30868
672 gi|48 32552 32651
673 gi|48 35384 35549
674 gi|48 36038 36947
675 gi|48 37986 38209
676 gi|48 39661 39773
677 gi|49 1187 1547
678 gi|49 2024 2292
679 gi|49 2279 3886
680 gi|49 3856 3978
681 gi|49 5746 5865
682 gi|49 6927 7007
683 gi|49 15240 15429
684 gi|49 15780 15878
685 gi|49 21758 22065
686 gi|49 23033 24184
687 gi|49 24183 24535
688 gi|49 24498 24583
689 gi|49 28259 28373
690 gi|49 30899 31015
691 gi|49 31450 31858
692 gi|49 35576 36254
693 gi|49 36410 36616
694 gi|49 37719 37809
695 gi|49 37826 38475
696 gi|49 39347 39997
697 gi|5 1727 1792
698 gi|5 3212 3356
699 gi|5 3751 3826
700 gi|5 4812 5050
701 gi|5 6602 7213
702 gi|5 8390 8686
703 gi|5 13219 13501
704 gi|5 13428 14147
705 gi|5 14996 15071
706 gi|5 22148 22308
707 gi|5 22847 23044
708 gi|5 24647 24891
709 gi|5 25515 26354
710 gi|5 26723 27189
711 gi|5 29106 29378
712 gi|5 29658 31078
713 gi|5 33205 33374
714 gi|5 33856 33953
715 gi|5 34227 34441
716 gi|5 35970 36264
717 gi|5 36499 37992
718 gi|50 346 430
719 gi|50 6052 6139
720 gi|50 7302 7429
721 gi|50 11595 11635
722 gi|50 15060 15136
723 gi|50 19988 20176
724 gi|50 20828 21011
725 gi|50 21716 21877
726 gi|50 25512 25618
727 gi|50 27082 27212
728 gi|50 28692 29578
729 gi|50 34879 35333
730 gi|50 36066 36117
731 gi|50 36886 37256
732 gi|50 39613 39708
733 gi|51 26 84
734 gi|51 554 683
735 gi|51 4183 5017
736 gi|51 9424 9520
737 gi|51 15052 15264
738 gi|51 19274 19449
739 gi|51 20028 20089
740 gi|51 25090 25150
741 gi|51 27591 28178
742 gi|51 29940 30008
743 gi|52 3646 4441
744 gi|52 5978 6070
745 gi|52 11783 12442
746 gi|52 22528 22801
747 gi|52 23806 23933
748 gi|52 25429 25527
749 gi|52 28717 28758
750 gi|52 29249 29406
751 gi|52 35669 36359
752 gi|52 36434 37147
753 gi|52 39616 39858
754 gi|53 1 2048
755 gi|53 1908 2206
756 gi|53 12555 12588
757 gi|53 12590 12620
758 gi|53 17111 17269
759 gi|53 20327 20416
760 gi|53 29046 29131
761 gi|53 32467 32933
762 gi|53 33262 33343
763 gi|53 34426 35019
764 gi|53 35088 35196
765 gi|53 38321 38367
766 gi|54 2402 2437
767 gi|54 3626 3776
768 gi|54 5172 5349
769 gi|54 8427 9261
770 gi|54 9469 10579
771 gi|54 14553 14665
772 gi|54 17411 17897
773 gi|54 22581 22686
774 gi|54 28593 29467
775 gi|54 30730 31058
776 gi|54 32133 32441
777 gi|54 34591 34814
778 gi|55 6022 6919
779 gi|55 7070 7293
780 gi|55 8139 8226
781 gi|55 15213 15316
782 gi|55 15339 16353
783 gi|55 16430 17022
784 gi|55 17783 18156
785 gi|55 18516 18600
786 gi|55 21131 21263
787 gi|55 28122 28210
788 gi|55 29279 29507
789 gi|55 31633 33068
790 gi|55 35390 35529
791 gi|55 35495 35598
792 gi|56 1530 1776
793 gi|56 1902 2029
794 gi|56 5183 5255
795 gi|56 5466 6130
796 gi|56 11270 11341
797 gi|56 20362 20493
798 gi|56 21684 22227
799 gi|56 27331 27522
800 gi|56 27789 27845
801 gi|56 28337 29275
802 gi|56 31062 31264
803 gi|56 31228 31481
804 gi|56 31910 32080
805 gi|56 33249 33394
806 gi|56 34815 34919
807 gi|56 38486 38583
808 gi|56 38785 39086
809 gi|57 1547 1634
810 gi|57 2285 2596
811 gi|57 4411 4512
812 gi|57 4574 5854
813 gi|57 6313 6469
814 gi|57 6598 6776
815 gi|57 8490 8652
816 gi|57 12092 12289
817 gi|57 13388 13675
818 gi|57 13887 14394
819 gi|57 14459 14555
820 gi|57 16612 16706
821 gi|57 16848 17834
822 gi|57 17976 18040
823 gi|57 29264 29336
824 gi|57 34320 34409
825 gi|57 35356 36054
826 gi|57 38428 38647
827 gi|57 38644 38931
828 gi|58 1 354
829 gi|58 290 3044
830 gi|58 2880 3945
831 gi|58 4029 9884
832 gi|58 10299 16174
833 gi|58 17053 17109
834 gi|58 17955 18006
835 gi|58 18451 18655
836 gi|58 19760 20410
837 gi|58 22854 24212
838 gi|58 24277 24621
839 gi|58 25143 25842
840 gi|58 26831 26975
841 gi|58 27769 28766
842 gi|58 31592 32149
843 gi|58 32661 33145
844 gi|58 33013 33943
845 gi|58 35224 35335
846 gi|58 37094 37354
847 gi|59 1085 1268
848 gi|59 2336 2549
849 gi|59 3770 4023
850 gi|59 7512 7623
851 gi|59 7783 8870
852 gi|59 10037 10083
853 gi|59 12917 12980
854 gi|59 13011 13190
855 gi|59 13105 13295
856 gi|59 13337 14222
857 gi|59 14487 15329
858 gi|59 18724 18896
859 gi|59 18910 19084
860 gi|59 24556 24898
861 gi|59 25689 25779
862 gi|59 32960 33030
863 gi|59 36210 36270
864 gi|59 37214 39902
865 gi|6 3744 3930
866 gi|6 10272 10341
867 gi|6 12021 12228
868 gi|6 15269 15418
869 gi|6 16894 17056
870 gi|6 21352 21548
871 gi|6 23954 24626
872 gi|6 24813 25024
873 gi|6 35579 35819
874 gi|6 36383 36464
875 gi|6 37346 37508
876 gi|6 38666 38749
877 gi|60 629 909
878 gi|60 3003 3096
879 gi|60 5003 5220
880 gi|60 8036 8097
881 gi|60 10160 10593
882 gi|60 10542 12395
883 gi|60 14165 14301
884 gi|60 25348 26232
885 gi|60 32710 32753
886 gi|60 34550 34658
887 gi|60 38406 38608
888 gi|7 72 123
889 gi|7 7045 7221
890 gi|7 7900 8048
891 gi|7 9182 9408
892 gi|7 13870 14249
893 gi|7 14227 14544
894 gi|7 17180 17292
895 gi|7 21510 22180
896 gi|7 22788 23106
897 gi|7 23175 23222
898 gi|7 23235 23309
899 gi|7 23328 23591
900 gi|7 24959 25200
901 gi|7 29336 29501
902 gi|7 29562 29849
903 gi|7 30122 30217
904 gi|7 30355 31140
905 gi|7 34402 35009
906 gi|7 37706 38026
907 gi|7 37897 38180
908 gi|7 38179 38428
909 gi|7 38579 38724
910 gi|8 51 434
911 gi|8 441 528
912 gi|8 1912 2207
913 gi|8 3155 4452
914 gi|8 4971 6825
915 gi|8 6808 6929
916 gi|8 7235 7357
917 gi|8 7872 7989
918 gi|8 7980 8347
919 gi|8 8408 9844
920 gi|8 10085 11460
921 gi|8 11574 11821
922 gi|8 12152 12298
923 gi|8 12349 12717
924 gi|8 13045 13892
925 gi|8 14076 14429
926 gi|8 14768 14969
927 gi|8 15359 15988
928 gi|8 18740 19183
929 gi|8 19543 20974
930 gi|8 23195 23332
931 gi|8 25178 25220
932 gi|8 27367 27419
933 gi|8 28222 28329
934 gi|9 1 4586
935 gi|9 6976 7132
936 gi|9 7493 8298
937 gi|9 14030 14156
938 gi|9 14336 14706
939 gi|9 15688 15753
940 gi|9 17848 18191
941 gi|9 18355 18427
942 gi|9 19618 19796
943 gi|9 20091 20385
944 gi|9 22279 22597
945 gi|9 23575 23682
946 gi|9 24449 24549
947 gi|9 27217 27366
948 gi|9 36126 36223
949 gi|9 37825 37920
950 gi|9 38611 38796
